# Wavelength | Total | n= 1 | ...
  300.000000  2.96238983335118130E-12  1.32043634134194686E-12  1.05353963404942593E-12  5.42572911535454338E-13  4.34036380485987461E-14  2.34405709594004787E-15  9.08279256039315146E-17  2.35903097703795253E-18  6.43232340081596736E-20
  302.000000  3.23903095596965295E-12  1.85056499879995500E-12  7.97166461021518964E-13  5.48051941952294275E-13  4.08147448653595772E-14  2.33892398623867474E-15  9.12284615732024007E-17  2.60228507854363593E-18  5.45976347240398363E-20
  304.000000  3.84551271137826937E-12  1.70206554382174569E-12  1.31260986854049906E-12  7.68994655127091817E-13  5.82042408225590498E-14  3.51627144611115671E-15  1.18659854994033417E-16  3.40462718653179543E-18  6.71380820765833341E-20
  306.000000  4.10257618139458262E-12  1.87068183085230617E-12  1.35916726772862843E-12  8.09289112370675249E-13  5.97718468292957848E-14  3.53057798696204482E-15  1.32129071328638915E-16  3.34721754074561612E-18  6.93378454657748677E-20
  308.000000  4.06691064017752795E-12  2.01366604486625174E-12  1.19931580613357654E-12  7.93066084765798748E-13  5.73746759107112228E-14  3.37625676037073381E-15  1.08614523390540025E-16  3.09282044024755878E-18  6.43969871591707897E-20
  310.000000  4.54207283776566985E-12  2.27989098407211392E-12  1.42493186504507130E-12  7.80900160251673948E-13  5.31419901971989974E-14  3.09067252800688783E-15  1.14492663813347578E-16  2.61122913412695914E-18  6.17786572673782238E-20
  312.000000  5.03693909252784087E-12  2.46133829128577535E-12  1.53453807049298339E-12  9.70481378739993244E-13  6.67680743078823600E-14  3.67966276185662735E-15  1.30058644745562514E-16  3.48520146991489329E-18  7.10931348464495243E-20
  314.000000  5.16379193583329252E-12  2.67766135022522506E-12  1.58505240846665620E-12  8.40616386529039646E-13  5.69868660204183216E-14  3.36067719246203698E-15  1.11419880367749886E-16  2.76733550998996878E-18  6.01836138979396670E-20
  316.000000  3.79346265270607552E-12  1.46503879223379399E-12  1.43386775410115960E-12  8.35773459931246610E-13  5.55234116737541441E-14  3.14488073933373104E-15  1.11595227384479209E-16  2.69935262363853959E-18  5.94467793927538031E-20
  318.000000  5.64467552119149282E-12  3.15668568751449291E-12  1.53099255844452873E-12  8.92750171000192390E-13  6.05442450222506101E-14  3.58749313363768580E-15  1.12349996431389658E-16  2.95141702090348021E-18  6.46629386552434935E-20
  320.000000  5.27213742090186726E-12  2.62114417753665705E-12  1.55031088549424230E-12  1.02887900261537989E-12  6.79884243839895967E-14  3.67958472188373483E-15  1.32210688451167786E-16  3.07272866900537331E-18  6.27325946341804866E-20
  322.000000  5.08178514714859526E-12  2.33035100622465349E-12  1.65066529607579639E-12  1.03166581004737292E-12  6.52376909294662179E-14  3.72868645922261081E-15  1.33498087219683700E-16  3.09341304706304626E-18  6.59118169632272548E-20
  324.000000  5.47743627899218932E-12  3.08031389708249486E-12  1.45823370659756394E-12  8.76578688797412027E-13  5.90743377453279281E-14  3.11412323501745593E-15  1.18285930922257076E-16  3.17297712653907859E-18  6.66263243437944869E-20
  326.000000  6.73997673156463646E-12  3.78196192856266334E-12  1.82463075500830244E-12  1.05952990432868479E-12  6.99139412164047846E-14  3.79557700446451470E-15  1.41328041468916596E-16  3.22734818785616033E-18  7.00544592693608977E-20
  328.000000  8.09296520883591953E-12  4.56734372935762456E-12  2.18292163535474695E-12  1.25413045877352054E-12  8.34993762562077305E-14  4.90304664191007648E-15  1.62892553438248929E-16  3.98919211356235631E-18  8.07063570221528680E-20
  330.000000  5.55689164699160743E-12  2.78752539974357372E-12  1.69971060959973997E-12  1.00070462140184674E-12  6.53326265564900026E-14  3.48988433269868471E-15  1.25333427747966673E-16  3.09807958850622432E-18  7.38499213143734793E-20
  332.000000  6.18705009518486779E-12  2.82141597485156673E-12  2.18487700491554276E-12  1.10104038042987985E-12  7.55352409425772032E-14  4.02583009583297654E-15  1.51795530315298570E-16  3.78458274907579573E-18  8.38364036549951749E-20
  334.000000  7.84568384126863239E-12  4.52703015232068351E-12  2.01975191411230511E-12  1.21663935343618378E-12  7.76042879176367272E-14  4.48894215825067840E-15  1.64589232187280715E-16  4.50256244857569991E-18  9.95289366599397132E-20
  336.000000  8.64401050283705696E-12  5.14527405533156059E-12  2.13211698868191335E-12  1.27530551285829338E-12  8.60390701140364155E-14  5.08060709023384999E-15  1.89218736227353531E-16  4.94367557405724388E-18  1.06349219107439610E-19
  338.000000  7.87088681090235919E-12  4.13683777969533070E-12  2.31805565241548718E-12  1.32173750180998463E-12  8.87380679440303723E-14  5.32084495411063170E-15  1.91512054718481333E-16  5.34227570059961840E-18  1.09752996945137264E-19
  340.000000  1.13833413389612733E-11  6.78410849151684580E-12  2.90489751897396870E-12  1.58100400683288195E-12  1.06706493685136564E-13  6.38173021492493321E-15  2.36217624003692544E-16  6.72927924587114498E-18  1.50834264330254067E-19
  342.000000  1.14292306021582238E-11  6.71811039860150998E-12  2.97568476894577748E-12  1.61106859422984565E-12  1.17022112390721356E-13  7.07320583348852867E-15  2.63692244491417668E-16  7.66177132792979631E-18  1.68141060597287673E-19
  344.000000  1.23376575214387374E-11  7.68346860920105163E-12  2.91824048137924532E-12  1.61149672152113409E-12  1.17456870640956561E-13  6.69397744419917171E-15  2.92079440625291195E-16  8.57978953275090180E-18  2.02021993823765316E-19
  346.000000  1.09060924391183250E-11  7.17514244720987320E-12  2.24223201475308548E-12  1.37570276738496586E-12  1.06345444189298366E-13  6.37744213180504092E-15  2.82833628163027573E-16  9.26928545076958426E-18  2.20535682537327958E-19
  348.000000  9.21368431656421466E-12  4.99010311915071357E-12  2.55175727683843362E-12  1.54523079541882914E-12  1.17472390840565615E-13  8.69644565285378275E-15  4.10025356567997450E-16  1.39207808673892547E-17  3.42525384589504139E-19
  350.000000  9.19523191381978896E-12  4.74170875295134214E-12  2.82972941708386576E-12  1.48895390780679760E-12  1.25324270530688533E-13  9.01841815648428977E-15  4.79045115584472228E-16  1.76508509807285347E-17  4.51324044280341864E-19
  352.000000  1.30523926396726575E-11  7.11672609374099156E-12  3.79043020210118108E-12  1.94597979125730277E-12  1.84022001999331867E-13  1.43885224520978037E-14  8.15108616556750435E-16  3.01748314144216541E-17  7.44673780489083005E-19
  354.000000  1.23690997341736880E-11  6.88487869907397140E-12  3.52067660748100849E-12  1.76522813236200567E-12  1.81840501862083343E-13  1.55457393332986402E-14  8.98450795681901711E-16  3.08955546136876652E-17  7.07711025230403649E-19
  356.000000  1.00967605039051764E-11  4.43093235402057975E-12  3.56057064162368035E-12  1.84951863884341159E-12  2.32426139105990235E-13  2.20579785232424051E-14  1.21770877264239299E-15  3.63001720489097538E-17  7.42843580740251703E-19
  358.000000  1.39856644772866541E-11  8.64165463413187997E-12  3.28062814814265809E-12  1.77033897018673913E-12  2.63956790311211411E-13  2.75467783405563199E-14  1.49534246842462318E-15  4.30445834958597568E-17  7.69121688608452050E-19
  360.000000  1.54409350734343553E-11  9.54759757960951449E-12  3.39829744358982757E-12  2.12899289248707903E-12  3.32813170396213551E-13  3.16407582907250126E-14  1.55145028434065580E-15  4.10564327870957176E-17  7.22343867269292125E-19
  362.000000  1.88604423327962767E-11  1.19447508026301924E-11  3.72250795561420375E-12  2.74841761832779433E-12  4.12102851027173346E-13  3.12018304653365280E-14  1.42462746675847124E-15  3.60492036393422377E-17  5.98061180071973527E-19
  364.000000  1.85609747095229512E-11  1.17462221061498100E-11  3.14335521150487881E-12  3.16403518000162144E-12  4.78224271487173157E-13  2.79023061272578370E-14  1.21069136245540245E-15  2.45359607286399761E-17  4.06929025783600741E-19
  366.000000  1.70576465031722947E-11  1.10393422748869208E-11  1.83989037914782040E-12  3.61705722264287407E-12  5.31843312722416848E-13  2.83654530942727891E-14  1.12856296474030482E-15  1.89828128979755886E-17  3.14900346900194096E-19
  368.000000  2.24322695613966298E-11  1.47113315222889759E-11  2.11369705780013959E-13  6.43620754100142594E-12  1.01886803489272364E-12  5.25689256050049513E-14  1.89596071690034858E-15  2.74549044868830754E-17  4.16207098337526996E-19
  370.000000  2.04815645307682899E-11  1.33332230166596471E-11 -5.12816269871524732E-13  6.74139721435275445E-12  8.65043590649167235E-13  5.31366630545181481E-14  1.55390570463033527E-15  2.60831842992922390E-17  3.27034798259406070E-19
  372.000000  2.67172357590299993E-11  1.76247572495006424E-11 -2.03030291844737853E-12  9.98952233810544952E-12  1.05834939365873960E-12  7.33394619290385304E-14  1.53845182756665169E-15  3.14794746877508496E-17  3.02981253927914430E-19
  374.000000  2.49506322776115925E-11  1.48456501777129322E-11 -1.57189237175783917E-12  1.06648531056070102E-11  9.35357830590277140E-13  7.52068459930525734E-14  1.42628504216537295E-15  3.01584416030675941E-17  2.45982391882976834E-19
  376.000000  2.62710719577500621E-11  1.48283240550912182E-11 -2.64791500983771984E-13  1.07681877066733857E-11  8.71605357404915391E-13  6.65426558461822347E-14  1.17693416810197741E-15  2.65374686089633045E-17  2.12081420091952878E-19
  378.000000  3.13902410751987289E-11  2.01603995840966540E-11  1.42728492630772768E-12  9.10451673695515273E-12  6.45867336648284507E-13  5.12669176716368233E-14  8.84927380290805332E-16  2.04852670424882262E-17  1.60871937939613490E-19
  380.000000  2.82413224689356312E-11  1.62273198033852842E-11  4.50758883427369058E-12  7.03183858146695744E-12  4.41250688230072977E-13  3.27669574073484231E-14  5.45815042770128720E-16  1.16980324890778348E-17  9.10970174742295350E-20
  382.000000  2.77436479299791822E-11  1.60341702461564442E-11  6.01281384230866656E-12  5.39217301957036724E-12  2.83096200968071981E-13  2.10576153572063288E-14  3.30067833798301956E-16  6.88274840976815813E-18  5.50362151525354604E-20
  384.000000  3.27057381097707427E-11  1.87801783803211841E-11  8.23934296587620593E-12  5.42576844750088151E-12  2.42915335782532198E-13  1.72555744862175323E-14  2.71857123069503950E-16  5.50707664178570340E-18  4.16040126483141232E-20
  386.000000  2.85046340464828569E-11  1.59996378703113802E-11  7.90679778474690394E-12  4.41269082251683765E-12  1.74323816049279702E-13  1.10144672725248383E-14  1.66090821125842714E-16  3.17110325169120258E-18  2.36615554479881877E-20
  388.000000  2.57855586707786565E-11  1.27823132509000284E-11  8.83483415871031424E-12  4.01209556542496326E-12  1.47314544804791953E-13  8.88017583169072991E-15  1.18540380101451363E-16  2.41555435467838206E-18  1.91724122970049764E-20
  390.000000  3.98671450937601083E-11  2.12708247395066977E-11  1.34841835402229962E-11  4.93193508887557680E-12  1.70444056358177465E-13  9.62399196078460585E-15  1.31176155103851463E-16  2.48155615737594355E-18  1.91246086611741901E-20
  392.000000  4.12929296504561675E-11  2.26407721369308148E-11  1.37187729473775691E-11  4.76079795464064166E-12  1.64420662987923621E-13  8.05415320298749784E-15  1.09743692827420759E-16  2.03567917082960562E-18  1.59442288242605316E-20
  394.000000  5.59003430226271700E-11  3.06257422503642935E-11  1.96741318886833927E-11  5.40311750144876431E-12  1.88722959253938396E-13  8.51512975946728778E-15  1.11351625756753826E-16  1.92743130739789810E-18  1.40602510208152950E-20
  396.000000  5.24234142133103941E-11  2.74129327116246070E-11  1.94827628914760610E-11  5.32961258746094543E-12  1.90548182527440876E-13  7.45748029961886007E-15  9.87598881575752315E-17  1.58853068449509169E-18  1.15028741915872976E-20
  398.000000  5.45712027609692259E-11  2.68993722525715817E-11  2.24491084607858420E-11  5.03127045349109970E-12  1.84848196559850380E-13  6.51894110124864136E-15  8.32315613693855078E-17  1.21557425964185315E-18  9.32398093960681392E-21
  400.000000  5.85080732474225224E-11  2.75699616234800761E-11  2.56720294827332628E-11  5.05699024343724271E-12  2.02903929520630115E-13  6.09687288223047214E-15  8.99050591032032557E-17  1.18093420970205085E-18  9.37577011356032959E-21
  402.000000  6.55878915372145108E-11  2.78463504887554645E-11  3.19829460323749348E-11  5.51125686756618509E-12  2.40802198661537457E-13  6.43510376435419911E-15  9.97306377355431837E-17  1.10632662571820483E-18  9.12767622527666824E-21
  404.000000  7.48204435645563616E-11  3.09772892284132581E-11  3.79064197137162178E-11  5.64902457763210437E-12  2.81217295948216009E-13  6.38112494786955149E-15  1.10540473139035308E-16  1.07408746135611404E-18  9.33809223677180316E-21
  406.000000  6.96695207420638675E-11  2.63450561980751514E-11  3.80768390362804876E-11  4.97185752956838157E-12  2.70340733233727092E-13  5.32955650903386273E-15  9.68671234976506781E-17  8.13896684973057460E-19  7.37689713512953686E-21
  408.000000  7.10125618844645444E-11  2.32795961172731295E-11  4.24021214993189237E-11  5.00147572832039927E-12  3.23756241342168698E-13  5.49319954941845833E-15  1.18191405576672776E-16  8.97817968855818094E-19  9.43696118622706662E-21
  410.000000  8.51964582603885577E-11  2.51875573310163207E-11  5.41532482616850776E-11  5.47698186755172510E-12  3.73057896667071084E-13  5.48633393707668997E-15  1.25758511966156963E-16  8.01668289850915464E-19  9.35102516679840912E-21
  412.000000  1.16939445206308766E-10  3.47596482243580022E-11  7.52419214612627484E-11  6.45119995627376003E-12  4.80611085038105449E-13  5.91190961085309502E-15  1.51749389371853147E-16  8.10100698757083231E-19  1.02752287322932766E-20
  414.000000  9.53481419605507994E-11  2.31132773270445343E-11  6.67716900559064095E-11  5.03596580650015287E-12  4.22589760157009939E-13  4.48688126279466185E-15  1.31540892188462510E-16  5.80601815459221112E-19  8.18589014726314645E-21
  416.000000  9.84402454140040556E-11  1.90154420528415528E-11  7.39009225235432897E-11  5.05772943806048249E-12  4.61289909529381563E-13  4.72157443994506443E-15  1.39306229111507666E-16  6.00714644244999312E-19  8.64564967730122200E-21
  418.000000  9.06476017181964485E-11  2.18167299578846691E-11  6.37048514770232324E-11  4.73150330961623763E-12  3.90314934402780375E-13  4.08298023885277526E-15  1.18542498526618842E-16  5.08874656441827767E-19  7.65750194236429784E-21
  420.000000  1.06242434549814916E-10  2.81932824949674524E-11  7.24655464128460348E-11  5.14169483001481683E-12  4.37508671529875208E-13  4.27170539511485518E-15  1.29919836097489081E-16  5.07807059448473806E-19  7.41844727765535135E-21
  422.000000  1.24144635438360402E-10  3.46885856493618314E-11  8.29412977385381988E-11  6.03158901114704754E-12  4.78166726762161477E-13  4.87063135975166715E-15  1.25116357639040546E-16  5.57697217826297985E-19  7.13656478553135576E-21
  424.000000  8.70750841508873634E-11  1.79580341334157908E-11  6.39754966002937265E-11  4.78413253085529851E-12  3.53373425574539030E-13  3.94414449780049744E-15  1.02863733781651062E-16  4.46236504448763817E-19  6.27993733751133605E-21
  426.000000  1.13527249130290953E-10  2.44725963044804464E-11  8.27083115845867292E-11  5.94820049067233369E-12  3.93448678289263710E-13  4.57442176406685759E-15  1.17126634359610563E-16  5.17671158044793490E-19  6.19258583117688932E-21
  428.000000  9.38618912824328575E-11  2.74476948371498640E-11  6.17573133835871940E-11  4.36732852747358435E-12  2.86360227711801155E-13  3.12019846400095340E-15  7.37840555402910040E-17  3.20065778158742215E-19  3.92509951012579831E-21
  430.000000  9.50309198425457648E-11  2.58578270501958473E-11  6.37210738022683556E-11  5.10086041419879146E-12  3.47212033144719750E-13  3.85752005167885655E-15  8.86216792694486155E-17  3.96385058553058335E-19  4.62203980458680799E-21
  432.000000  7.28321556888954582E-11  1.86420888334070497E-11  5.03336398501990354E-11  3.59734057957151708E-12  2.56237695634965092E-13  2.78055447916494673E-15  6.78637966811857025E-17  3.08388939968676108E-19  3.41810401443113896E-21
  434.000000  9.76371346640915228E-11  3.10449155473230166E-11  6.23250198487924315E-11  3.98350952335442150E-12  2.80435028137439387E-13  3.18137863999590530E-15  7.30075258966911445E-17  3.26747842131063441E-19  3.57046763766582743E-21
  436.000000  1.22248259063449381E-10  4.74722773983430230E-11  6.97842477755642510E-11  4.68788739308637420E-12  3.00874101870357655E-13  2.91015433422612171E-15  6.19675442590541955E-17  2.69803752026882329E-19  2.90313976826344980E-21
  438.000000  1.29403205754437518E-10  4.79088017907147609E-11  7.64145388561900759E-11  4.76468005309218074E-12  3.11828285092884794E-13  3.28598120192356788E-15  7.04758899328017603E-17  3.09039222451800739E-19  3.21654419912244054E-21
  440.000000  1.18519394099746938E-10  4.15786986454976399E-11  7.20375127695250019E-11  4.61565858873529502E-12  2.84701527107956509E-13  2.76184531019489100E-15  6.04730006619780661E-17  2.47929666945896454E-19  2.64049668347422689E-21
  442.000000  9.94334701230369244E-11  3.90302752363012061E-11  5.65938990926367230E-11  3.58285729708233607E-12  2.24166802962398794E-13  2.22309416626747942E-15  4.83888223716655241E-17  2.08897621369565269E-19  2.16802987784567044E-21
  444.000000  1.50157027554497342E-10  6.39994704799663060E-11  8.07377935285728668E-11  5.09995780387231392E-12  3.16704110416750277E-13  3.03952563276512304E-15  6.18562715657715434E-17  2.47299917544681133E-19  2.46485017034231925E-21
  446.000000  1.31049187265741806E-10  5.86163555600495836E-11  6.75578335268367929E-11  4.62209212606058303E-12  2.50314812872298547E-13  2.54017537741730394E-15  5.08378534481712870E-17  2.24435003403866621E-19  2.25669294721542814E-21
  448.000000  1.06872672694154350E-10  4.66128937250128506E-11  5.60106545566686788E-11  4.02537422289257549E-12  2.21116586234401869E-13  2.58595205176076137E-15  4.74260499326502826E-17  2.23243192719389750E-19  2.00095970506436480E-21
  450.000000  8.76297769945048640E-11  3.94445238988105004E-11  4.46279388983336523E-11  3.38186222529865538E-12  1.73340192914694531E-13  2.07377033679772734E-15  3.78282234401329673E-17  1.79056495258286259E-19  1.53064898133008143E-21
  452.000000  8.41048264209863669E-11  3.97959210401115115E-11  4.08163292719092421E-11  3.34024257127538522E-12  1.50345792941877616E-13  1.95697875418208764E-15  3.06082035691862176E-17  1.56507343681705005E-19  1.28326926871369541E-21
  454.000000  7.91756494202553080E-11  3.75752305551558837E-11  3.80899597408429544E-11  3.36584631578183639E-12  1.42756922592897482E-13  1.83099733601833311E-15  2.47512919040346913E-17  1.36203532929846923E-19  1.05027986873113586E-21
  456.000000  7.74640257044794066E-11  3.89455675281246923E-11  3.50510107753122192E-11  3.33065738964483043E-12  1.34826207897658228E-13  1.93729477144907349E-15  2.63626473284405080E-17  1.45053319142099450E-19  1.02791124815319410E-21
  458.000000  7.25026755856760899E-11  3.66687481973856268E-11  3.23470743026937438E-11  3.36403024757265414E-12  1.20920415111007634E-13  1.87939004514646105E-15  2.28944502691992746E-17  1.37516475656975503E-19  9.01165513113806623E-22
  460.000000  7.39820134738885981E-11  4.17455168915527523E-11  2.87991224125269047E-11  3.32329322564279760E-12  1.12238552263557209E-13  1.82175990675628271E-15  2.05042479131801569E-17  1.26939670845475864E-19  8.08247483963756324E-22
  462.000000  4.08112206180779994E-11  2.18541991339896250E-11  1.67237926299737620E-11  2.16543131663006912E-12  6.65635888495360788E-14  1.22102379961346563E-15  1.28275488939929421E-17  9.67712969242550094E-20  5.15207677772583469E-22
  464.000000  4.41883665299157771E-11  2.36567851574552361E-11  1.81458295241844118E-11  2.32283419603564373E-12  6.17593517876791571E-14  1.14752780702731428E-15  1.06955821491109827E-17  7.66116137085196858E-20  4.52013508615533671E-22
  466.000000  4.87613622887745995E-11  2.92841539547695525E-11  1.70146357468684172E-11  2.40433411014637153E-12  5.69970173137672264E-14  1.22984635572860822E-15  1.15273853188528944E-17  8.54806328958925895E-20  4.54808833832192537E-22
  468.000000  3.88813612137016940E-11  1.96907063302861996E-11  1.67507744823615220E-11  2.38228489130524228E-12  5.63522547158526984E-14  1.23260124679317168E-15  1.05710684054349846E-17  8.22999344281558403E-20  4.17742806673379265E-22
  470.000000  3.95158482502845781E-11  2.37209052964628778E-11  1.36188337094517980E-11  2.12686532772609562E-12  4.81817420842205367E-14  1.05376517071424851E-15  8.34145817977942387E-18  6.76080168973483848E-20  3.22669836938280534E-22
  472.000000  3.48567340060564982E-11  2.05850918679383443E-11  1.22397843539092873E-11  1.98853030607723657E-12  4.23106004332690703E-14  1.00916384961975535E-15  7.64781850744466648E-18  6.57072482706860909E-20  3.22986676871167429E-22
  474.000000  2.93904133096581262E-11  1.79545179643971324E-11  9.81887701177968296E-12  1.58460894632069422E-12  3.16428653699931131E-14  7.60892765086076380E-16  5.57660287351016299E-18  5.21892065209733409E-20  2.33461377340281847E-22
  476.000000  2.32966101800987430E-11  1.18822938515248231E-11  9.58363581477151122E-12  1.79693171526965845E-12  3.29465109234174003E-14  7.96466360766576341E-16  5.76709636225798350E-18  5.39314938162317733E-20  2.20704860786606864E-22
  478.000000  2.90413944621768671E-11  1.76882380850503550E-11  9.52169267884767133E-12  1.79869054115872445E-12  3.19702198881604125E-14  7.97731861996922109E-16  5.15034613110329536E-18  5.47842031008491974E-20  2.39623804389749864E-22
  480.000000  2.98334798234355528E-11  1.95626858128345644E-11  8.63059668213289767E-12  1.61149422424200191E-12  2.79714772840122621E-14  7.27052091205984095E-16  4.53014326286511606E-18  4.45264480421928310E-20  1.81159502298874477E-22
  482.000000  1.96270365612125410E-11  1.10233796666715882E-11  7.10717899561720962E-12  1.47084157147817890E-12  2.49295181606470986E-14  7.02415289971180193E-16  4.35184000331383898E-18  4.20024289492921753E-20  1.52512745505654591E-22
  484.000000  2.68211717636227021E-11  1.72575773040818432E-11  7.91581670833415063E-12  1.62018303874391264E-12  2.67971476237946569E-14  7.93057656296304597E-16  4.46103648885017861E-18  4.59782190329594721E-20  1.67996929499825865E-22
  486.000000  2.44918711275207628E-11  1.62208019048493051E-11  6.76481170349965325E-12  1.48383471970496451E-12  2.17628612204399061E-14  6.56182217060668709E-16  3.72011791913480578E-18  3.57756467046152086E-20  1.35775440606199095E-22
  488.000000  2.13695153097788914E-11  1.33810209392568783E-11  6.65334096701939190E-12  1.31487115479503362E-12  1.97009253330665986E-14  5.77937670267010193E-16  3.35090593672891977E-18  3.46687220623348440E-20  1.29593252724390581E-22
  490.000000  2.01604241107535360E-11  1.31911278340168948E-11  5.67743143992488481E-12  1.27414302942208634E-12  1.72003453535265565E-14  5.18640732568104579E-16  2.79097296781907506E-18  3.02418226867650597E-20  8.87865471038108914E-23
  492.000000  1.38765106043945102E-11  8.46301926322148244E-12  4.36374430759857623E-12  1.03544473965474894E-12  1.38820582702073554E-14  4.17960641441043696E-16  2.24912818232350461E-18  2.57917859456058942E-20  8.80867945189406694E-23
  494.000000  1.30490473651750715E-11  7.61782512992254140E-12  4.39929401253026785E-12  1.01769382595058932E-12  1.37998687656311654E-14  4.32408286793698883E-16  2.09717928283391816E-18  2.24678776770117200E-20  7.20897064428245703E-23
  496.000000  1.84868752723869483E-11  1.22874124615255027E-11  4.99176131249473528E-12  1.19154302483347873E-12  1.56929996189832215E-14  4.63307924459042093E-16  2.14051501911910743E-18  2.53993048705116585E-20  7.54684445193919530E-23
  498.000000  1.38114604339833503E-11  8.67069299588530818E-12  4.12245001813297040E-12  1.00521008364685979E-12  1.27106607485806464E-14  3.94697911024117929E-16  1.95766213935631802E-18  1.99266674191441676E-20  6.98029734588917983E-23
  500.000000  1.31225300266756593E-11  8.11615718082520541E-12  4.02881360057789606E-12  9.65744664545306804E-13  1.14411630180606219E-14  3.71677040696520740E-16  1.71990871292474150E-18  2.06911980946062531E-20  6.85814700840878552E-23
  502.000000  9.67136475932554862E-12  5.66391897469848396E-12  3.19578761593230466E-12  8.01405202149177973E-13  9.91961720930910749E-15  3.31894259241767632E-16  1.43947131537102553E-18  1.55592284508306964E-20  4.64869440016519199E-23
  504.000000  1.19466725444359307E-11  7.29501184557282706E-12  3.67724102541782474E-12  9.63912910301572586E-13  1.01536857618327214E-14  3.51483045020544046E-16  1.57561935420777578E-18  1.86604478611912882E-20  5.70491456537287961E-23
  506.000000  1.50353995594042544E-11  1.02302937597526757E-11  3.83636015990725338E-12  9.57841224820593478E-13  1.05417560648086226E-14  3.60985631094788533E-16  1.65365204278107151E-18  1.95206269454148369E-20  5.51585428608257658E-23
  508.000000  9.30130871477605384E-12  5.47789165755570474E-12  3.02089613468145514E-12  7.93614588715273834E-13  8.63394142659608469E-15  2.71193526088092443E-16  1.18419092371593115E-18  1.46392076780328852E-20  4.08047912305034880E-23
  510.000000  9.42125625500259250E-12  5.52110957022381617E-12  3.09547503477622028E-12  7.95435592952741851E-13  8.93992853921667174E-15  2.94859062130483297E-16  1.25311955751726668E-18  1.62835786093476286E-20  4.53312373875946716E-23
  512.000000  1.05303672964563035E-11  7.20111415018851334E-12  2.63904467435885859E-12  6.82776093075402415E-13  7.19216390177741149E-15  2.39192516915665916E-16  1.00933730565325480E-18  1.30392105586764990E-20  3.83194265776173667E-23
  514.000000  1.08247905916328055E-11  7.25748273476869713E-12  2.80402742025154207E-12  7.55128707843476001E-13  7.88270288824447639E-15  2.67963449276110803E-16  1.05011175248769400E-18  1.22867952315510383E-20  3.30219623015380491E-23
  516.000000  1.24374659527148185E-11  8.97635996171084658E-12  2.72199804394472409E-12  7.31796706947925654E-13  7.06148108967053335E-15  2.48730779222635321E-16  1.01634548129568545E-18  1.18625243723201664E-20  3.44227737309166989E-23
  518.000000  6.67185442171839015E-12  4.02047955579275471E-12  2.09399976864206003E-12  5.51638064051642753E-13  5.53406921278083464E-15  2.02175652100870261E-16  7.77891490343906708E-19  1.04481389378195965E-20  2.74221558072302811E-23
  520.000000  9.37481685478056194E-12  6.07737849700191582E-12  2.61664907509804638E-12  6.73945401902773036E-13  6.61756106855516181E-15  2.25393769364957862E-16  9.16133854694202907E-19  9.77479998237792181E-21  3.12520418158312518E-23
  522.000000  8.59932854532373135E-12  5.61386600904455307E-12  2.34442699809531024E-12  6.34616718588724822E-13  6.20391834680567850E-15  2.14151993142873838E-16  7.40044951445877541E-19  9.18421767911115637E-21  2.60269140449457518E-23
  524.000000  8.53472815369509584E-12  6.17123623592010898E-12  1.86422761293419981E-12  4.94181026704539954E-13  4.91492075911368762E-15  1.67650719746909476E-16  6.97512260191529610E-19  9.12002468835915080E-21  2.51012714514808376E-23
  526.000000  7.84822773854719680E-12  5.35476330992475491E-12  1.97025061302674962E-12  5.18202900960460201E-13  4.83917503948671975E-15  1.71074458010176955E-16  6.57481220931249551E-19  7.63384843699613563E-21  2.26642639923962899E-23
  528.000000  7.74018562815087662E-12  5.22151099269040345E-12  1.98526199201249713E-12  5.28270057463599330E-13  4.96368613959674210E-15  1.78187435488800907E-16  7.03987424611251219E-19  8.39991902818909124E-21  2.19489912700200448E-23
  530.000000  5.57241442608725400E-12  3.68279996876690853E-12  1.47421605892603924E-12  4.11711826865497020E-13  3.56169692152386947E-15  1.24390124219730394E-16  4.78549191128952333E-19  5.92061712574215655E-21  1.32571401873928333E-23
  532.000000  7.33474584595102365E-12  5.30092446910586008E-12  1.59027734073175814E-12  4.39327919867953144E-13  4.08203107006137771E-15  1.33587769600031250E-16  4.91630033014148529E-19  5.75582546496951505E-21  1.99312391058620454E-23
  534.000000  6.73565420532879796E-12  4.80677036619196913E-12  1.49655234780745344E-12  4.28381155320349107E-13  3.81939874429542171E-15  1.30434436580056811E-16  4.97323071563161457E-19  5.48830496284046163E-21  1.67747512870774189E-23
  536.000000  5.54464367521926324E-12  3.76665610475919314E-12  1.40128575325862850E-12  3.73442653243424495E-13  3.14468228612141433E-15  1.14051181150535939E-16  4.25466872876850026E-19  5.01269342216327032E-21  1.11783059235962630E-23
  538.000000  5.52801601902078092E-12  3.79481792153709136E-12  1.38352736722706452E-12  3.46587723116575873E-13  2.97380075246011893E-15  1.08829113072471315E-16  3.73194647908942554E-19  4.06866839752756004E-21  1.12002502018553932E-23
  540.000000  7.34812922916804766E-12  5.64360111167596427E-12  1.35969825170418891E-12  3.41702411058505635E-13  3.02095288132580715E-15  1.06167395800616728E-16  3.30281082346818421E-19  4.16189345135115949E-21  9.28642966240214968E-24
  542.000000  6.89578170718605857E-12  4.95187227291032820E-12  1.54172875163527571E-12  3.98685896972597967E-13  3.37639357800875668E-15  1.18018108514370515E-16  3.69199445329595297E-19  4.76725154131960980E-21  1.46376817644201899E-23
  544.000000  5.22959752441257215E-12  3.51041528752531303E-12  1.35970855298061068E-12  3.56526552639289607E-13  2.84597636394043242E-15  1.00742136335001386E-16  4.08408020522118490E-19  4.34745476869776787E-21  1.16076849081613503E-23
  546.000000  4.98874634486064328E-12  3.53627461294298922E-12  1.14289138395279163E-12  3.06806720119642575E-13  2.68660357332255124E-15  8.66631999652970131E-17  3.57855255393056558E-19  3.20471233155602280E-21  1.19649579827446230E-23
  548.000000  6.77232380431793625E-12  5.24960038837345465E-12  1.18643312348842014E-12  3.33592770215416925E-13  2.60762391989702687E-15  8.95789621412788352E-17  3.16218150491703993E-19  3.13001512589390727E-21  1.04408527649310414E-23
  550.000000  4.81802834278667333E-12  3.30499285199949513E-12  1.18920724942481823E-12  3.21277764965575890E-13  2.46531580015831448E-15  8.48983222749580409E-17  2.58773072143977079E-19  3.49230970079608027E-21  8.96931178381100209E-24
  552.000000  4.33341585834917049E-12  2.75837466042918277E-12  1.25137471125073901E-12  3.21017740653396254E-13  2.55874871949118220E-15  8.96895489363622420E-17  3.04684738035929519E-19  3.05545663983825069E-21  7.23016242855269739E-24
  554.000000  4.83485779509409337E-12  3.54485401540290320E-12  1.01196001453224793E-12  2.75818983250838272E-13  2.14898821965491572E-15  7.55617881655873868E-17  2.29001343011945477E-19  2.89012142061028501E-21  8.81841893979740288E-24
  556.000000  4.84261405131226592E-12  3.47399496865603469E-12  1.08260780707249714E-12  2.83845292035372636E-13  2.09385377902089504E-15  7.19440133504564307E-17  1.83115215264174650E-19  2.63228121942251050E-21  8.49342831655801899E-24
  558.000000  4.32800172388540919E-12  3.11025127932364149E-12  9.50692041433886641E-13  2.65009203243152121E-13  1.98065785576664157E-15  6.83145282525278263E-17  2.24897501276561180E-19  2.59679898082968359E-21  6.40890271344471824E-24
  560.000000  5.21724604325086046E-12  4.01362702185300674E-12  9.42223416715492488E-13  2.59455595877216587E-13  1.87538285639188826E-15  6.43939329548140611E-17  2.29703518710999846E-19  2.30667929321781649E-21  5.59937094430395029E-24
  562.000000  3.91794200697746123E-12  2.76062720620675348E-12  9.08911859186375229E-13  2.46484571982745818E-13  1.85043959679429551E-15  6.77225162393847273E-17  2.05039996369731196E-19  2.44226750602031292E-21  6.28954946722925609E-24
  564.000000  3.34582156419633061E-12  2.28382669598503140E-12  8.25404756972851060E-13  2.34860235125498693E-13  1.67272463084841167E-15  5.70074857207169285E-17  1.42045230201121917E-19  1.94563702866425230E-21  5.51349148852957861E-24
  566.000000  3.63121178640649960E-12  2.60005964982043954E-12  8.12518640568887406E-13  2.16997165786546610E-13  1.58618751290444415E-15  4.99736806614916313E-17  1.67199521051151844E-19  1.83285577186260391E-21  4.68329461419245893E-24
  568.000000  4.30739840852566645E-12  3.22272873145421649E-12  8.62331711346147872E-13  2.20697121380104426E-13  1.58742846469507501E-15  5.32568419453907952E-17  1.57315568207751063E-19  1.71869720352921493E-21  4.29246378344585816E-24
  570.000000  3.53126606969486857E-12  2.53551871927895085E-12  7.89180201375573379E-13  2.05020458941696407E-13  1.49880974098001930E-15  4.77566668565361752E-17  1.22130874694424980E-19  1.55630084306447162E-21  3.63669847071185581E-24
  572.000000  3.28970150820480779E-12  2.24694188319709652E-12  8.36219848576192207E-13  2.05065363629848672E-13  1.42674899990216463E-15  4.75445013365131195E-17  1.17757867826911109E-19  1.53788814789348059E-21  4.67552778488573039E-24
  574.000000  2.44068119519930095E-12  1.64558707895973236E-12  6.28344285032475882E-13  1.65522919075051213E-13  1.18564704718978675E-15  4.11587642436312219E-17  1.04765691073390613E-19  1.55296428857181339E-21  1.95284680504232774E-24
  576.000000  1.34091315229005759E-12  7.24970121299163406E-13  4.75761642102575928E-13  1.39168371499392951E-13  9.80582014391503151E-16  3.23346129090872615E-17  9.96856578176954638E-20  1.07267880611612147E-21  3.28795175412634963E-24
  578.000000  2.60531501576790989E-12  1.66860200344542063E-12  7.38160847227319913E-13  1.97168791422749907E-13  1.34146832361649475E-15  4.17592684147742936E-17  1.44692593873060272E-19  1.38384753144400096E-21  3.94679463371402197E-24
  580.000000  3.27337207468440859E-12  2.52025410058116772E-12  5.92325345253777094E-13  1.59771968127663553E-13  9.84233907878864558E-16  3.63279253238764843E-17  9.76520326388338590E-20  1.23298985721487019E-21  3.57478118096221672E-24
  582.000000  3.28645568525656789E-12  2.43192908358116318E-12  6.85632180493330703E-13  1.67690762217043521E-13  1.16326431225454485E-15  4.02846821034752692E-17  1.08654155379580982E-19  1.31401734301237910E-21  2.49957444070766770E-24
  584.000000  3.35618902701846923E-12  2.55513609550478847E-12  6.42111024000552425E-13  1.57824568399099488E-13  1.08314322896182877E-15  3.41020558705993829E-17  9.27198228623762828E-20  1.10694281237748722E-21  2.43073444598492772E-24
  586.000000  2.23356475479459727E-12  1.44712518469614627E-12  6.24742701263498358E-13  1.60582323012434064E-13  1.08239643348148461E-15  3.20486665939219363E-17  9.96579116433119266E-20  1.06130653071497539E-21  3.22497395907268065E-24
  588.000000  2.66304258108114894E-12  2.05062078146989862E-12  4.90732440302418206E-13  1.20785948579590047E-13  8.74472877069184978E-16  2.88454594866571482E-17  9.15568127993589214E-20  8.34354960883412761E-22  1.51821161195674302E-24
  590.000000  3.23998411672645515E-12  2.49924573987849468E-12  5.89156434604509245E-13  1.50578706899099174E-13  9.72039804875758499E-16  3.11016467418269751E-17  9.30535589959584146E-20  8.37075649019261204E-22  2.09981170857069811E-24
  592.000000  2.34326757860250060E-12  1.58631166146925044E-12  6.06832586014637903E-13  1.49144065154301852E-13  9.48175915647871644E-16  3.09998645397088303E-17  8.91897166249724613E-20  9.91711036342795553E-22  2.69503593342441964E-24
  594.000000  2.38904901142840694E-12  1.70718933628197952E-12  5.40380495556997503E-13  1.40580674301949787E-13  8.69721917454798871E-16  2.87018736647975602E-17  8.07153006346765660E-20  7.79044495924195258E-22  2.01558793081036757E-24
  596.000000  1.88882061341803232E-12  1.33061025652800303E-12  4.43536752176000927E-13  1.13916177560828363E-13  7.34732950715745599E-16  2.26299440778885360E-17  6.35749458005536815E-20  6.82946594164577182E-22  5.14189886915628216E-25
  598.000000  1.97291836284174505E-12  1.33955551038083863E-12  5.07565955105239603E-13  1.24929249259150432E-13  8.43149792529443091E-16  2.44122205554808003E-17  8.53017978577779810E-20  7.80434615103142244E-22  1.19918326365644031E-24
  600.000000  2.90151319199218006E-12  2.24755121930544183E-12  5.24135967939589406E-13  1.28948861459174544E-13  8.50942453445682934E-16  2.61230759480334014E-17  7.71211602131695227E-20  6.36032893350500932E-22  1.38747722198417669E-24
  602.000000  1.81489513965914829E-12  1.24440792679067514E-12  4.55163410722441574E-13  1.14564188572614539E-13  7.37301546589892443E-16  2.22450047757540886E-17  6.63825369502290426E-20  6.37810836217993419E-22  1.70380277277404155E-24
  604.000000  1.65519583212725500E-12  1.19574969153227855E-12  3.67443915627106409E-13  9.14161315512958468E-14  5.66485304245028281E-16  1.95625317153250966E-17  4.50621891402929326E-20  5.17145461848803405E-22  1.27930192141335104E-24
  606.000000  8.56351543292958037E-13  4.01227224792359199E-13  3.57342997080694871E-13  9.71722185043994763E-14  5.90140358905561985E-16  1.88996877632084149E-17  6.22097106241216073E-20  6.57887874809287694E-22  1.23738846798194739E-24
  608.000000  1.77821688991672316E-12  1.21163987865276820E-12  4.62478614396480758E-13  1.03449163746581226E-13  6.29477737598767494E-16  1.97055694735628147E-17  4.93351220901910478E-20  4.77314787411055221E-22  1.38372699556223577E-24
  610.000000  1.68985545667664953E-12  1.16154695653271512E-12  4.29227898781229823E-13  9.84592537373434221E-14  6.02166104861434799E-16  1.91292419487231469E-17  5.17561679720991147E-20  5.21554950355677124E-22  8.28268985888316595E-25
  612.000000  1.71898790203177422E-12  1.22763495149682585E-12  3.94596948695408251E-13  9.61373353013697193E-14  6.00992147224779582E-16  1.76241783433611728E-17  4.97482112533556738E-20  4.63146233998783007E-22  1.24508598719592330E-24
  614.000000  1.46188558091777189E-12  9.41464243859193632E-13  4.18326397417903401E-13  1.01478628824178215E-13  6.00661830083656873E-16  1.56001484270605919E-17  4.85326321194762308E-20  3.04613335859274349E-22  7.40549196159000195E-25
  616.000000  1.20834026217257807E-12  7.10705662893971250E-13  4.05324323369218023E-13  9.17300766072459805E-14  5.63236623635187285E-16  1.69163025249437011E-17  4.59328403056098322E-20  4.42503052657076396E-22  6.39439467164131584E-25
  618.000000  1.86564197439229371E-12  1.31143489870862828E-12  4.53599996925498563E-13  1.00069095830971766E-13  5.21193207452977982E-16  1.67420811076463796E-17  4.71753747785657400E-20  4.62187948187050554E-22  1.07160512180465352E-24
  620.000000  1.88656380524914697E-12  1.31993688551543452E-12  4.65915221662763414E-13  1.00131930812583345E-13  5.63022394764287857E-16  1.67004229138035082E-17  4.40447951077543331E-20  3.95338443243141684E-22  5.54010325706484249E-25
  622.000000  6.43249785362963730E-13  2.41539334980490673E-13  3.25511994407301810E-13  7.57169204382202009E-14  4.68070915871006928E-16  1.34322762213228787E-17  3.20203739345345794E-20  3.23806470770471810E-22  6.78370754792098155E-25
  624.000000  1.91414537414489481E-12  1.45857083928045941E-12  3.61793938649645208E-13  9.32972558328809462E-14  4.68535688111910534E-16  1.47685242487649941E-17  3.57287486664248431E-20  4.40031819513317138E-22  7.67728586151667853E-25
  626.000000  1.15942705637272904E-12  7.95131802848264663E-13  2.93395989752905308E-13  7.05416661030499207E-14  3.46716619354401026E-16  1.08494769851814570E-17  3.13263096938961072E-20  2.45265263524952995E-22  5.94636320626164119E-25
  628.000000  1.15980043394434860E-12  6.77109766723620148E-13  3.90492280241178663E-13  9.16719100012003425E-14  5.10723371548695603E-16  1.57106140587034074E-17  4.26770866903827716E-20  3.14967899578243683E-22  6.87503009394929526E-25
  630.000000  1.06227641372814323E-12  6.81429435303168674E-13  3.07804773332965444E-13  7.26559616298921969E-14  3.73729585103801854E-16  1.24766071378610729E-17  3.70357446478279990E-20  2.33648185812212105E-22  4.82506594912406948E-25
  632.000000  1.43081291547613072E-12  1.05981529650955281E-12  2.96124862260022135E-13  7.44573821019751375E-14  4.03692910996597738E-16  1.16529912452626141E-17  2.84097690065846389E-20  2.92117308089163807E-22  4.52573943080884162E-25
  634.000000  1.74970795460123543E-12  1.38021995513590537E-12  3.02903385040479260E-13  6.62294820446517147E-14  3.44147473332740103E-16  1.09565379092590466E-17  2.80567008708528638E-20  3.11914200406980383E-22  3.41937377592037044E-25
  636.000000  1.16682550006689562E-12  8.52305135628912962E-13  2.46616069337069746E-13  6.75111489810228425E-14  3.82086322268809653E-16  1.10332994887739307E-17  2.62201674985884497E-20  2.77452368064951384E-22  5.12796749282529765E-25
  638.000000  1.13399628777859194E-12  7.94142568151878498E-13  2.78446237958252444E-13  6.10497099266756607E-14  3.47170785179921261E-16  1.05726530565263973E-17  2.80124598823044436E-20  2.90756390527549466E-22  3.32680801746323450E-25
  640.000000  1.80593484883244157E-12  1.43843278035548247E-12  2.98175128427855250E-13  6.89249040587001989E-14  3.91297301581551741E-16  1.07076329994172668E-17  3.08155544053653175E-20  2.39525488265499426E-22  7.42702719751508695E-25
  642.000000  1.34902558626438950E-12  9.97123289005835025E-13  2.85969330365080787E-13  6.55869905318858307E-14  3.36200075688022301E-16  9.75087582658121166E-18  2.51332850548737846E-20  2.76334608988958440E-22  4.53453458430780340E-25
  644.000000  1.73550385995589984E-12  1.35937142029771461E-12  3.06465431808190195E-13  6.92834392041617983E-14  3.72621713044166868E-16  1.09113465507880201E-17  3.53975055428479085E-20  1.88218214813994841E-22  5.14380337458429083E-25
  646.000000  6.07555674461646195E-13  3.25673293276274156E-13  2.27462440772647768E-13  5.41304633941619850E-14  2.81763850841747239E-16  7.68700981959132021E-18  2.59365304292062293E-20  2.20815709451437633E-22  5.54662825466607160E-25
  648.000000  1.33696487237199911E-12  1.01584820010167388E-12  2.63690435006230854E-13  5.70902592295043479E-14  3.27762970544949041E-16  8.18782401628305157E-18  2.70224774399810053E-20  2.17088707110738932E-22  4.62623692490228424E-25
  650.000000  1.04916470919483491E-12  7.25381548036252699E-13  2.66351037169561554E-13  5.71212209790621563E-14  3.01740877626413864E-16  9.14050660327513434E-18  2.14472444794297470E-20  1.78007331137996337E-22  4.76963489829757411E-25
  652.000000  1.49357682362331374E-12  1.16112866227801061E-12  2.72657891231354303E-13  5.94819258912507750E-14  2.99804011855709321E-16  8.51859752977519505E-18  2.13940502300360913E-20  2.18781391340023519E-22  4.80860791288151178E-25
  654.000000  9.44621873901506711E-13  6.34199955868488932E-13  2.53992909957199063E-13  5.60987933824871159E-14  3.21509690248175028E-16  8.69031142948037455E-18  1.45310262449123326E-20  1.60168669082091265E-22  4.59134705297712231E-25
  656.000000  1.13252618371302079E-12  9.06752063916587318E-13  1.83134531427597797E-13  4.24056141002657484E-14  2.27332155781496440E-16  6.62771879219969223E-18  1.42349390068138630E-20  1.58797909005993551E-22  2.59362437165719480E-25
  658.000000  1.06279435509232039E-12  8.10923971762800919E-13  2.04314828823049459E-13  4.73170969851829639E-14  2.32651673798856018E-16  5.79011047586315045E-18  1.56081238914571881E-20  1.28622343095730800E-22  2.65980539879462541E-25
  660.000000  1.16784930516511660E-12  8.83849516991864706E-13  2.32647889688964375E-13  5.10909107065234348E-14  2.53908796203330287E-16  7.06540452918326005E-18  1.34197032944129738E-20  1.57061183868184867E-22  2.66905462866548158E-25
  662.000000  1.30738666869461650E-12  1.02601649640968082E-12  2.31922478875938331E-13  4.91966894274563835E-14  2.44099536232314229E-16  6.88609227512658129E-18  1.81992903238808570E-20  1.53582018387254108E-22  1.61092531450198846E-25
  664.000000  9.85682107908502480E-13  6.88150237768674853E-13  2.46766374324860773E-13  5.05024320003085173E-14  2.56470787925718461E-16  6.57296631350697014E-18  1.99176549056122073E-20  1.42447783324451310E-22  3.16326658695567249E-25
  666.000000  7.09288853967349203E-13  5.19226473244918918E-13  1.53063637425325074E-13  3.67785418548484254E-14  2.14971084198691853E-16  5.22407464288129355E-18  6.16749839625436614E-21  1.15681521852727182E-22  2.35271392679381021E-25
  668.000000  1.10186011541431500E-12  8.35759412736126268E-13  2.18189794601032923E-13  4.76780068626321962E-14  2.27090631496494275E-16  5.79516162564174474E-18  1.52915624243938181E-20  1.29489397559596448E-22  3.49733189057612270E-25
  670.000000  7.39887518209109679E-13  4.90450013640520004E-13  2.06361222257227736E-13  4.28664806844009231E-14  2.03996916041307118E-16  5.79024164942827365E-18  1.43310699406744106E-20  1.38040161937010634E-22  1.60311198143564946E-25
  672.000000  1.32495743748172041E-12  1.02200649044257002E-12  2.51922397293898642E-13  5.07974669953270945E-14  2.24239326484707413E-16  6.82893107765459950E-18  1.43572676593814086E-20  1.34842979896720929E-22  2.51627383348655258E-25
  674.000000  1.01974623346628951E-12  7.79937107966193332E-13  2.00523603042444581E-13  3.90868694466367335E-14  1.93660031857505944E-16  4.98265488739524116E-18  1.02321610686812945E-20  9.19251386722621766E-23  1.83516573634597785E-25
  676.000000  7.39065669521229926E-13  4.99273525135643451E-13  1.97814845338340849E-13  4.17918687334522958E-14  1.79710477203419512E-16  5.70629229812381371E-18  1.34420020373399217E-20  1.02023534399980512E-22  2.66327697528784957E-25
  678.000000  6.67353860161761334E-13  4.30484722789667785E-13  1.98426551910862513E-13  3.82559665760349292E-14  1.82143899928108172E-16  4.46571580343554999E-18  9.16687195929815840E-21  1.02416041714966258E-22  1.76548838435878530E-25
  680.000000  1.24193256237209256E-12  9.74313453568908808E-13  2.22152488834577577E-13  4.52480640329310911E-14  2.13022595073260043E-16  5.51699269348659107E-18  1.62565351453001165E-20  9.11896418155573168E-23  1.83557364790088683E-25
  682.000000  7.40426886842580565E-13  5.80772229626791166E-13  1.26193184660118197E-13  3.33206723540761554E-14  1.36736053647150115E-16  4.05448361605631797E-18  9.57537757010365566E-21  8.87556631910017692E-23  1.98598333946405738E-25
  684.000000  4.66335741355674197E-13  2.55580286903318205E-13  1.74855709678274706E-13  3.57270434538399763E-14  1.68006744971753639E-16  4.68003244898647922E-18  1.44538064755820990E-20  8.87788827297197650E-23  2.35059427112448287E-25
  686.000000  2.78425569836422139E-13  7.34505981666850329E-14  1.73584421448610994E-13  3.12380229507727608E-14  1.48396579948541770E-16  4.11969500034156816E-18  1.09257527868591402E-20  6.94499959709354537E-23  2.01733920984385613E-25
  688.000000  5.98089482805911619E-13  3.69397529288512036E-13  1.90759192859145666E-13  3.77333804331819929E-14  1.94672655758697286E-16  4.69199499436509134E-18  1.54984730244124948E-20  7.56509404323339493E-23  1.94742463025143728E-25
  690.000000  4.61868550629708913E-13  2.60083817659001603E-13  1.70099461102873841E-13  3.15308088093851022E-14  1.50380232966941140E-16  4.07818683742669264E-18  4.57734568107138890E-21  6.11637408659580628E-23  1.34516735748047696E-25
  692.000000  3.00384012353352472E-13  1.30796867527263293E-13  1.39555586334892545E-13  2.98891279310347806E-14  1.38993340453100732E-16  3.42917063505686847E-18  7.99622395059592685E-21  5.26903656292987267E-23  1.59369954549340473E-25
  694.000000  2.96862907771824738E-13  1.31554011344266796E-13  1.37426958279278754E-13  2.77496742679312899E-14  1.28649942320298808E-16  3.60584567714754997E-18  8.04852826043034883E-21  4.37312256929813231E-23  9.09375754132068434E-26
  696.000000  3.87246927770793057E-13  1.89019057543587589E-13  1.67459071292522192E-13  3.06233023891417888E-14  1.41866682326129418E-16  3.61989874772755571E-18  9.89607019044807541E-21  6.82747838285975638E-23  1.22602599171506521E-25
  698.000000 -1.52702674008836157E-14 -1.71096241289138789E-13  1.29213307223568359E-13  2.65110061372493690E-14  9.89173351365768934E-17  2.73649840032571016E-18  6.64438755368292461E-21  4.94670476077495276E-23  4.59395581810011348E-26
  700.000000  2.31763502383483741E-13  5.73593800760242349E-14  1.44593437274977927E-13  2.96692887177091826E-14  1.37958866645558632E-16  3.43028175888127399E-18  7.11043596783263352E-21  5.57937319093143671E-23  1.38231753101447742E-25
  702.000000  4.90818227890764513E-13  3.07667286410721869E-13  1.53833643205360934E-13  2.92005999980879183E-14  1.13661398957589513E-16  3.03042048688958828E-18  6.40064309605700310E-21  5.63840860302302308E-23  1.22074039101218493E-25
  704.000000  3.79367093723424820E-13  1.93389296025570476E-13  1.54409266045416390E-13  3.14257606041551998E-14  1.39466272024666198E-16  3.29438810372996555E-18  1.03286204724725195E-20  5.93880902697800197E-23  1.45791305339585517E-25
  706.000000  7.25826819687335513E-13  5.25122081037059636E-13  1.69874562094743241E-13  3.06739062816424784E-14  1.53095021314263860E-16  3.16590822032692200E-18  9.30398974904625355E-21  4.02728194415439604E-23  9.30558560429122669E-26
  708.000000  6.04499569918431139E-13  3.91186289720112021E-13  1.80618044706707987E-13  3.25479217618686973E-14  1.44002826530421496E-16  3.30278503530346595E-18  8.05319351008863952E-21  6.49079527018447549E-23  7.51823699001714566E-26
  710.000000  5.84117417596950175E-13  4.32739453686479354E-13  1.28162181951180319E-13  2.31275879899911730E-14  8.58025230564618769E-17  2.38646474203962834E-18  4.93470538478663806E-21  4.67324686100960464E-23  6.29045298851965107E-26
  712.000000  6.38612051754930024E-13  4.74742752216490760E-13  1.38157558750502183E-13  2.55954649530782144E-14  1.13489325735346795E-16  2.77898874624140222E-18  7.48066343452116845E-21  3.96559286390432292E-23  5.79887174032772458E-26
  714.000000  3.25970150871592860E-13  1.39245631072556571E-13  1.57583783378986982E-13  2.90224571459820663E-14  1.15455751515467381E-16  2.81833635959852507E-18  5.13867301051509827E-21  4.74414337181135061E-23  7.77716763722414886E-26
  716.000000  3.50054671013193547E-13  2.00038301716015718E-13  1.30337455961841505E-13  1.95740603827585708E-14  1.02768548139970466E-16  2.08000431861632751E-18  4.36641061349689900E-21  3.36622968234276533E-23  4.62274357706390097E-26
  718.000000  3.93833115414287886E-13  2.41388873912753935E-13  1.29337918769659163E-13  2.30034481894396838E-14  1.00638551119669833E-16  2.23192269001698171E-18  4.03840010464331264E-21  3.01732901410870128E-23  5.20603563941587629E-26
  720.000000  4.76546376821102895E-13  3.43875336553732520E-13  1.13940311422445383E-13  1.86476515226748330E-14  8.09252703522462308E-17  2.14611116249997439E-18  5.91389782382743731E-21  2.67863571732764294E-23  5.12436330589731726E-26
  722.000000  7.43579966399760493E-13  5.89874343825140829E-13  1.31577574538582048E-13  2.20289145777909859E-14  9.66224705463615419E-17  2.50721829313736791E-18  3.73128969094838654E-21  3.80212455245600901E-23  9.62713937366434645E-26
  724.000000  7.43519934088123130E-13  5.93146872048416985E-13  1.25276710044708796E-13  2.49874305270935396E-14  1.06950440881711719E-16  1.96643102706320694E-18  4.56810621394136747E-21  2.77916938836835587E-23  9.70802559942928799E-26
  726.000000  4.21522510996957586E-13  2.67364478890039067E-13  1.31272102916563670E-13  2.27958746649785447E-14  8.74380586251327987E-17  2.61230516669692136E-18  4.12649940132470060E-21  3.50393684885928700E-23  4.57079001863100899E-26
  728.000000  4.88128093893298309E-13  3.30879495947881906E-13  1.32642610436138249E-13  2.45170720264116621E-14  8.66779914314115835E-17  2.23412769438898611E-18  3.32952435489220642E-21  3.41276998709322378E-23  8.85715372914806513E-26
  730.000000  7.20449309372261711E-13  5.82225021762158901E-13  1.19401615791067741E-13  1.87428046556386980E-14  7.82311885987594138E-17  1.63477404565531790E-18  1.18009670450057958E-21  2.06115047406661751E-23  4.37393231745406569E-26
  732.000000  4.39142367884021102E-13  3.13617678263833010E-13  1.07969419443955017E-13  1.74776518615781935E-14  7.58689413575416912E-17  1.74530966444213429E-18  4.04681849233965534E-21  1.67931291869382835E-23  2.12799412571402723E-26
  734.000000  3.50103513623390487E-13  2.31244769996342835E-13  1.01662295900380836E-13  1.71421682303752006E-14  5.28274855995493224E-17  1.44849557289086851E-18  3.49139678287777654E-21  2.37011671831182828E-23  2.12516797412551070E-26
  736.000000  3.46270438838462694E-13  1.90232735202012593E-13  1.35738982930602755E-13  2.02080998006478232E-14  8.86741004682809438E-17  1.94396648418045997E-18  2.82053981500609121E-21  1.76500008018843221E-23  5.72577000943425171E-26
  738.000000  3.59800400472667905E-13  2.33772016478495169E-13  1.08750476415777237E-13  1.72153664478792399E-14  6.07213940507343975E-17  1.81584025308177063E-18  3.87901461785046053E-21  1.71565332763768388E-23  4.12608143426431926E-26
  740.000000  6.05606450910855558E-13  5.12816269871524934E-13  7.89590155108174691E-14  1.37823545837460192E-14  4.77240762726112694E-17  1.08446442533434294E-18  2.38332280700296197E-21  2.07476762216775727E-23 -1.29347028989187443E-27
  742.000000  2.43889268292073707E-13  1.07414999089034839E-13  1.18492170870091549E-13  1.79164861761788549E-14  6.39218897166802645E-17  1.68800142465973066E-18  2.23835055215019160E-21  2.72198159302045718E-23  5.68033535387358545E-26
  744.000000  4.77914744574248062E-13  3.45583475480404744E-13  1.13394577892007813E-13  1.88463644617762225E-14  8.88408142177454042E-17  1.48308338133031974E-18  2.82655691534753683E-21  1.58872032781560694E-23  1.61527061922906338E-26
  746.000000  6.67553093174295609E-13  5.42881169428379760E-13  1.07219030962105003E-13  1.73679561625719940E-14  8.33755336043799145E-17  1.55804922032216099E-18  3.02299898311996101E-21  1.53802360980025953E-23  3.49474658622625395E-26
  748.000000  2.87905321138721869E-13  1.74654707973093258E-13  9.56848546610403836E-14  1.74825269211348280E-14  8.15849868288715073E-17  1.64416598919036528E-18  2.41686519239975957E-21  1.37229375295537618E-23  4.71960361066875385E-26
  750.000000  2.12011732616603863E-13  1.09743711880148510E-13  8.83093931535570070E-14  1.39001556941945926E-14  5.74163440107817458E-17  1.05215764379035780E-18  3.37617793827407829E-21  1.08519862571203233E-23  1.92251329273680877E-26
  752.000000  5.40952527482474714E-13  4.19253209890971972E-13  1.05675253973341216E-13  1.59568771548244630E-14  6.59510742889357270E-17  1.23303151216251659E-18  2.33585618104849681E-21  2.16593303955305358E-23  2.04602299763824508E-26
  754.000000  4.83426260280474643E-13  3.54935785831847913E-13  1.11437358539979580E-13  1.69842319392192824E-14  6.71697330484460053E-17  1.71196873748967414E-18  2.24483615481828568E-21  2.27834809806275975E-23  2.23837191110961371E-26
  756.000000  3.31968965770912920E-13  2.23013269735582413E-13  9.33868067017751429E-14  1.55063914113022197E-14  6.11992534317148637E-17  1.29636342113987679E-18  2.28580606254774490E-21  1.95793742879349738E-23  1.48556680114430543E-26
  758.000000  3.21619950886674476E-13  2.01775315432658113E-13  1.03514940469358455E-13  1.62672590458403800E-14  6.09782748343087124E-17  1.45557034237532375E-18  2.07345877300679241E-21  2.01495362407624292E-23  3.25189758121201398E-26
  760.000000  3.62558690797411545E-13  2.70455330056421463E-13  7.80024161555955081E-14  1.40532005404480055E-14  4.64804690080492776E-17  1.26175666230665575E-18  1.80367240639230022E-21  1.55773058838615865E-23  2.65641342044642758E-26
  762.000000  2.32867792450682056E-13  1.24611965555610038E-13  9.46095107805022235E-14  1.35851823244219756E-14  5.98193474926872943E-17  1.31162049061478548E-18  2.80342790573155957E-21  1.87284306849183476E-23  8.15273014474990266E-27
  764.000000  3.63793921843225490E-13  2.39146005091821998E-13  1.08363033557231838E-13  1.62255404310346105E-14  5.80051428111585586E-17  1.33480520195355851E-18  2.79297456936465059E-21  2.21049379029700101E-23  4.44212661490501609E-26
  766.000000  2.57519716986817659E-13  1.48818872587258544E-13  9.48004837394796187E-14  1.38399762817778026E-14  5.91826151551120975E-17  1.19919579107993809E-18  2.55174268866722007E-21  1.55834674454182249E-23  2.92843531707700684E-26
  768.000000  4.10815439206809042E-13  2.99194018313940469E-13  9.82629393080339237E-14  1.33055032182882168E-14  5.19197500904982677E-17  1.05628322684642958E-18  2.31725080108260402E-21  1.59606133095957294E-23  1.77140347793026533E-26
  770.000000  5.80868197382387152E-13  4.74266474261927341E-13  9.11842363815329084E-14  1.53517563481792900E-14  6.46672614521728707E-17  1.06144712774671747E-18  1.67260026731856355E-21  9.54609059753296911E-24  2.12992482069785506E-26
  772.000000  1.89873993819116419E-13  8.13935066076886933E-14  9.35661962119635703E-14  1.48524981365592690E-14  6.06900162920107536E-17  1.09988872482437716E-18  2.94644233261972499E-21  1.14292343260213607E-23  1.64415790273308239E-26
  774.000000  3.22325295312523589E-13  2.10383436602597942E-13  9.79780501191786445E-14  1.39137049272225954E-14  4.90781080119471443E-17  1.02321529557329332E-18  2.32766172333249750E-21  1.25209827571620766E-23  3.41440873813073290E-26
  776.000000  3.18810852597305641E-13  2.46717443261857185E-13  6.08532979474000424E-14  1.12092141958163344E-14  3.00608544245930063E-17  8.34887571927902867E-19  1.44001666408967866E-21  1.01909644231236725E-23  2.79865697883499880E-26
  778.000000  3.43547036416276309E-13  2.59799908237618390E-13  7.20538808002769737E-14  1.16591666915941138E-14  3.32567530989944754E-17  8.21775720518880171E-19  2.15003657974604549E-21  7.91828751757269420E-24  1.24502674765859612E-26
  780.000000  3.48010950044530470E-13  2.61137357293050998E-13  7.51140835963676471E-14  1.17191880425814359E-14  3.94728385266767356E-17  8.46169968416715172E-19  2.09184043705879723E-21  1.21828265411257425E-23  1.20392867992601034E-26
  782.000000  4.39568296170229285E-13  3.45994043777792425E-13  8.13719828173525868E-14  1.21405507009853089E-14  6.08047015074540142E-17  9.12205637849534955E-19  1.95917441933701780E-21  7.75848348301856360E-24  2.07175515831619103E-26
  784.000000  4.22163187057076299E-13  3.35774163047702741E-13  7.45748420161750473E-14  1.17752832360653276E-14  3.81175206537925542E-17  7.79283432583208379E-19  1.94739538530268162E-21  5.62916933576407157E-24  2.22171066230274754E-26
  786.000000  3.26962102129179964E-13  2.41063915465629320E-13  7.40141552953064903E-14  1.18354378418305778E-14  4.78012224418554016E-17  7.90089491109030945E-19  2.20403974653243345E-21  1.04237938384531049E-23  1.71394940588665742E-26
  788.000000  5.46004607047930336E-13  4.48240689582072378E-13  8.48969380395099080E-14  1.28185385125151873E-14  4.76577564065791069E-17  7.81478891985155156E-19  1.66815192944060272E-21  1.03646609519528219E-23  1.76358746884607154E-26
  790.000000  5.00685761066899731E-13  4.01814163428483995E-13  8.65650778219508563E-14  1.22534770186154357E-14  5.21209853359786127E-17  9.20078800819968725E-19  1.72464808465515605E-21  9.04206581086540437E-24  2.24945917321436053E-26
  792.000000  4.23587155345005128E-13  3.18185826117071363E-13  9.28360688580758007E-14  1.25247425544880849E-14  3.95704798863458831E-17  9.46079346936119388E-19  1.24597255513748668E-21  1.01355477562180543E-23  2.84567380850848672E-26
  794.000000  3.07827761604423489E-13  2.09096635489572676E-13  8.76360898743061753E-14  1.10566092008359154E-14  3.75477471184518494E-17  8.78100869086334392E-19  1.18228989143661742E-21  9.42611289618291320E-24  5.18944030897086092E-27
  796.000000  4.04822807071190409E-13  3.21407940517858920E-13  7.35916017652068802E-14  9.79048376502342187E-15  3.21196018344037966E-17  6.60193687915805637E-19  1.22153288644852736E-21  6.02977833152405761E-24  1.61505351486915667E-26
  798.000000  7.51442824076769746E-14 -1.24240417244668431E-14  7.77473236038902824E-14  9.79121256996558154E-15  2.91354356770172227E-17  6.50926391828439845E-19  1.58926615810088605E-21  6.94431050059635285E-24  8.70608533647440088E-27
  800.000000  1.40751240090921291E-13  6.24319783140400257E-14  6.96506758066009198E-14  8.64536574700280925E-15  2.26548840985224066E-17  5.63953299134538562E-19  1.37970089951147234E-21  6.16221809335110635E-24  1.67911759458585463E-26
  802.000000  3.65045033741423883E-13  2.76075924984088679E-13  7.92149671119118024E-14  9.72417642377815861E-15  2.93564468724497634E-17  6.06980142605813959E-19  1.78917312058835446E-21  5.44978544232693274E-24  7.30006372490401553E-27
  804.000000  2.97843965281131708E-13  2.27008292027897821E-13  6.25652193740082965E-14  8.23323802195364954E-15  3.65931579004329618E-17  6.22414435939985418E-19  2.81431789678739121E-22  3.50198252715561036E-24  1.77050957394617978E-27
  806.000000  1.00606878627608453E-13  1.26743939575061603E-14  7.82742845578798345E-14  9.61719150877176419E-15  4.03472204495959888E-17  6.59699113571182141E-19  1.67514638624633806E-21  8.73624805585221286E-24  4.91426195263162375E-27
  808.000000  3.27859243909657618E-13  2.42010072096978529E-13  7.67227654550865492E-14  9.09279207971275169E-15  3.29860060229725726E-17  6.27674012140779181E-19  5.90442493454477454E-22  7.38806114033497500E-24  1.41073847296368357E-26
  810.000000  1.93587385166593207E-13  1.28005065537005260E-13  5.82523052150824709E-14  7.30653914124800394E-15  2.30172682828925512E-17  4.56732704383669839E-19  1.26790616172949440E-21  4.36138158664112628E-24  2.69510643218600493E-27
  812.000000  4.63112758129730792E-13  3.73050112179775055E-13  8.08509739355142991E-14  9.17676141390509596E-15  3.44052492210184062E-17  5.04037054436329391E-19  1.30903983115004161E-21  5.20886133745202945E-24  1.22138743204591689E-26
  814.000000  1.19693308753560784E-13  3.87817304090340894E-14  7.28167386065457401E-14  8.06059077674747931E-15  3.37057911358830577E-17  5.42256092535609596E-19  9.11328694038896158E-22  2.66412150718438612E-24  1.22401186939882416E-26
  816.000000  3.62850805891297575E-13  2.85798613046879992E-13  6.93183425820380065E-14  7.70697165420719122E-15  2.62647567948161693E-17  6.12966925050010373E-19  8.78240433311586545E-22  6.19369991591855664E-24  1.84035017775161924E-26
  818.000000  1.87073392751324631E-13  1.17491442348947982E-13  6.27742905952929468E-14  6.78227510087243079E-15  2.49059073574352741E-17  4.77665392372081194E-19  1.12965363777607876E-21  3.80310036208431631E-24  4.75478129777548015E-27
  820.000000  2.80307005015475327E-13  2.09896311091802642E-13  6.29278979542806792E-14  7.44962798461201364E-15  3.27501337743143105E-17  4.16863601099019073E-19  9.83228301518765597E-22  4.16325144963115458E-24  1.30503223401357792E-26
  822.000000  3.20656225842015752E-13  2.37286624697684078E-13  7.50274766025446412E-14  8.31636065292447460E-15  2.52003690511124783E-17  5.62592424563374132E-19  9.24150351526375067E-22  3.22967048446311967E-24  6.90206467078867831E-27
  824.000000  3.77007082611666271E-13  3.04676794649479386E-13  6.45782336485309535E-14  7.72299789426542204E-15  2.85825002875306174E-17  4.72854830378312159E-19  1.05987874038217601E-21  4.38769823083405807E-24  6.14804466000237385E-27
  826.000000  5.07571513262713932E-13  4.25958404361899741E-13  7.32116007497015094E-14  8.37149696072581219E-15  2.95370434924677023E-17  4.72971152142132579E-19  1.16972674474728687E-21  6.00934705986270429E-24  6.20711309823511496E-27
  828.000000  1.46787495364836028E-13  8.02544351633490382E-14  5.91458467479890206E-14  7.36057523023228981E-15  2.61213015883363158E-17  5.15625436523517002E-19  1.29232969452048831E-21  3.90083584615356318E-24  1.02761442952769708E-26
  830.000000  2.37150052976095509E-13  1.74725646308452634E-13  5.54942933137122758E-14  6.90397310383459161E-15  2.56708429882528993E-17  4.68650703661463717E-19  7.50211562069920076E-22  6.18763793057530560E-24  4.92477985686950002E-27
  832.000000  2.62003718464975866E-13  1.89073997684504026E-13  6.56272469641526243E-14  7.28019299120021235E-15  2.19308137592103989E-17  3.49360342515684691E-19  6.47485305693729300E-22  3.52444919570691748E-24  7.52383475566265134E-27
  834.000000  1.77103883693135764E-13  1.08562342770501097E-13  6.13843715469923034E-14  7.13301769973415675E-15  2.37543797678059026E-17  3.97045463379246876E-19  2.46817504685677783E-22  3.85536643795322546E-24  4.16736402677516069E-27
  836.000000  2.03005800366845877E-13  1.22719106013101254E-13  7.21720436839202298E-14  8.08939419519954505E-15  2.48274753523417155E-17  4.28413740510119346E-19  5.79863501213123569E-22  5.66471566177995457E-24  3.77561093921249319E-27
  838.000000  1.82033724041266482E-13  1.09606205447911822E-13  6.48110912096783226E-14  7.59295917867308979E-15  2.29799644746202144E-17  4.87221794764402475E-19  1.01445725680666743E-21  4.26781814052330843E-24  8.76472029074577639E-27
  840.000000  1.65286729527752234E-13  9.63637585277208066E-14  6.22707769950338633E-14  6.63105802089819829E-15  2.07299334274388891E-17  4.05137928665213423E-19  9.09026224189365187E-22  3.71227859996896621E-24  4.80210996830803148E-27
  842.000000  1.05062774238691515E-13  3.45797070886211628E-14  6.40805196986010982E-14  6.38576426802564669E-15  1.63305959227420818E-17  4.51898621271860094E-19  6.86743518587838264E-22  2.14882537587076635E-24  7.24844806051185688E-27
  844.000000  3.19060620463874365E-13  2.43209234320445452E-13  6.85111727036611950E-14  7.31867073701452132E-15  2.11597738316449395E-17  3.81980140468104947E-19  9.43363140804500056E-22  5.41400655592494726E-24  3.89469859002338110E-27
  846.000000  4.18931631249075022E-13  3.42108550587431636E-13  6.89453456540997314E-14  7.85112396367640947E-15  2.61973574168584737E-17  4.13027024339687944E-19  6.56809975106265197E-22  2.61001416412464771E-24  6.00590143446764338E-27
  848.000000  1.98498910584613855E-13  1.33282284583945267E-13  5.92974637828243329E-14  5.89823432497825151E-15  2.05981683346581434E-17  3.28849857811152765E-19  8.70866635413582269E-22  3.80425967727256454E-24  2.65426678383531068E-27
  850.000000  2.38469271870849331E-13  1.83247611348319080E-13  4.92257705965736930E-14  5.97426857911436815E-15  2.12499663748268260E-17  3.70679247983311328E-19  6.98932215631826021E-22  2.27899266562284628E-24  8.19416750708750594E-27
  852.000000  1.66846325660232442E-13  1.06217865904863091E-13  5.47132653020362490E-14  5.88831463658795056E-15  2.65196202219897833E-17  3.59552480847459020E-19  6.41196840629961997E-22  2.83936979823959902E-24  6.10092593115420947E-27
  854.000000  2.05509904118261702E-13  1.35175027066494717E-13  6.39191123052914953E-14  6.39538509532835080E-15  2.00120395024262552E-17  3.67126275623527913E-19  4.81773312183621840E-22  3.58874400007845210E-24  7.06144610862873683E-27
  856.000000  1.80088086996049855E-13  1.07217557957616656E-13  6.65642338986870016E-14  6.28925909634196612E-15  1.66566278374631421E-17  3.78540357928841847E-19  8.73177578774341349E-22  2.02381767616804513E-24  7.43425680380436636E-27
  858.000000  2.08459587310878049E-13  1.43625546511178026E-13  5.90211230194372080E-14  5.79972299632540125E-15  1.29096105181489251E-17  2.84537917504625274E-19  6.33591617586551250E-22  1.90837405949581935E-24  1.76543137308545097E-27
  860.000000  1.29094221051013678E-13  7.21479549391625385E-14  5.13208695094589792E-14  5.61189903408622663E-15  1.32708900536451095E-17  2.26252334072392515E-19  4.23591616994844885E-22  2.32103815834642768E-24  5.57655929947895316E-27
  862.000000  2.04309669918343795E-13  1.44967834044929918E-13  5.31171204430251044E-14  6.20077258903118208E-15  2.36411091057615431E-17  3.01130355385888101E-19  5.99444554141222274E-22  2.44515266314134719E-24  6.71808825414717116E-27
  864.000000  9.01292382144644983E-14  2.18461978516488813E-14  6.21251251406265322E-14  6.14068744951133268E-15  1.68583060216514824E-17  3.68992466700732962E-19  4.72140452514197039E-22  2.04340259215815883E-24  5.53979987222639097E-27
  866.000000  8.05645478902161601E-14  2.92632729553026147E-14  4.63525671225594476E-14  4.93674844045754868E-15  1.16601574245809383E-17  2.98589857759229527E-19  6.22466748499044153E-22  2.14748100605082160E-24 -2.10923117737742203E-29
  868.000000  2.04608141700938355E-13  1.46992971341491564E-13  5.20217312638247538E-14  5.56965555473620400E-15  2.34754662163491578E-17  3.07472621680228120E-19  6.00559202084922083E-22  1.48436932697768382E-24  4.23348180712820181E-27
  870.000000  1.58279736303472120E-13  1.18136910964742306E-13  3.64851543873044442E-14  3.64491018632063230E-15  1.25127608051506931E-17  2.47718072530922746E-19  2.84500650305532883E-22  1.72478435306405394E-24  1.60863628427845976E-27
  872.000000  2.61856754797201145E-13  2.00273670274259645E-13  5.66167175514906524E-14  4.95106530788688013E-15  1.50833671514119100E-17  2.17523057758666272E-19  7.71456826898048379E-22  1.89568680027241365E-24  2.25153530237372273E-27
  874.000000  1.61997899951513040E-13  1.11774116874880448E-13  4.57866369385903523E-14  4.42439212629735089E-15  1.25836701365276695E-17  1.70387210790817006E-19 -4.74268302478117771E-23  1.82391335959450484E-24  4.78279721888595237E-28
  876.000000  1.86435759542866432E-13  1.34743505036385302E-13  4.65520095525011756E-14  5.12452240833908990E-15  1.54594347294856390E-17  2.62803251433474966E-19  3.05758517302621238E-22  1.89726785379517707E-24  4.14233656621399779E-27
  878.000000  2.24997507166614922E-13  1.72959328581989084E-13  4.68823180055799261E-14  5.14060504447148275E-15  1.49850645095189212E-17  2.69999648059388071E-19  4.68921133262576022E-22  1.49365507670316316E-24  2.04898912905889518E-27
  880.000000  1.45543131865337804E-13  9.06512325119861667E-14  4.92798041324924800E-14  5.59930708631164494E-15  1.25337029904308259E-17  2.54120873157939275E-19  3.08570948813994812E-22  2.11023054140482195E-24  2.74779211762268528E-27
  882.000000  9.91218233560266256E-14  3.79432299202900605E-14  5.58180483905517058E-14  5.34317749463459710E-15  1.71338266060422365E-17  2.33057131963127320E-19  6.65129676675560959E-22  1.68070425362350486E-24  1.85538900612289322E-27
  884.000000  1.90233886731145476E-13  1.37215811377621377E-13  4.83888223716655236E-14  4.60810477662476317E-15  2.08956689756249439E-17  2.52119777395187673E-19  4.15477123605005427E-22  1.00075970464172490E-24  2.89623492174501131E-27
  886.000000  1.80439417130078477E-13  1.22522133121520431E-13  5.30650058978460070E-14  4.83088977029432315E-15  2.11929816197545706E-17  1.94895829420124076E-19  4.61277859409650646E-22  1.68803933407437582E-24  2.65773169725114950E-27
  888.000000  1.93730747432689673E-13  1.38460392865311703E-13  5.06305907070421476E-14  4.62360958162973879E-15  1.59830825040233318E-17  1.70731507384844775E-19  4.63096878336851391E-22  1.59695891423860706E-24  8.52382687527989845E-28
  890.000000  7.98379366472568983E-15 -4.63615968961416785E-14  4.93799300274008880E-14  4.95195279347216242E-15  1.32862662003427235E-17  2.21155676340719363E-19  3.17015237061082274E-22  1.10113777337637626E-24  1.23201028531662697E-27
  892.000000  5.42363586160765532E-14 -7.76169962394723589E-15  5.66664710826460771E-14  5.31153419089944321E-15  1.98062589347618432E-17  2.46149856219674903E-19  5.55800996327763715E-22  1.88337908580961005E-24  2.91535283358084052E-27
  894.000000  4.82145638413481593E-14 -0.00000000000000000E+00  4.42514809280820054E-14  3.94966547340718193E-15  1.31977714896418450E-17  2.19401333258702686E-19  2.66363164464873377E-22  6.70756324901477780E-25  2.15371043610508820E-27
  896.000000  1.37179536267023898E-13  8.61461409568450027E-14  4.69888041582790947E-14  4.03618837801624213E-15  8.26221539181013809E-18  1.40533515333154786E-19  2.36045551265210501E-23  1.36799935696664127E-24  3.87008152393212834E-27
  898.000000  1.97816150428066051E-13  1.41596429175998859E-13  5.15007845700898708E-14  4.70528498645287008E-15  1.33949080728820149E-17  2.56622816600365404E-19  1.63652289856640293E-22  9.80391616875830191E-25  2.29176125498526628E-27
  900.000000  1.25101103180857307E-13  7.11139252983362193E-14  4.92612086702016469E-14  4.70890548104488675E-15  1.68296032919535771E-17  2.33924374127503041E-19  2.01384917761290902E-22  2.22127607409196029E-24  2.29146764482815998E-27
