# Wavelength | Total | n= 1 | ...
  300.000000 -2.34634349409065450E-13 -2.02279609737489789E-12  1.23615317061799309E-12  5.05699024343724473E-13  4.38974847520594139E-14  2.31833591346813789E-15  9.13101977752798292E-17  2.35777505992506616E-18  6.43657520354188414E-20
  302.000000  4.40019241666096030E-14 -1.48045199903996376E-12  9.67987845526130214E-13  5.12464153513833649E-13  4.15932277374509053E-14  2.31459639648582074E-15  9.14456721959957383E-17  2.59973964155777655E-18  5.46208353215671954E-20
  304.000000 -5.75158480641608333E-13 -2.88485685393516281E-12  1.52897413258563624E-12  7.17608142416371744E-13  5.95001726124127320E-14  3.49338134656211078E-15  1.19072537077249384E-16  3.40462718653179543E-18  6.71683078151001244E-20
  306.000000 -5.23631565862793985E-13 -2.92294036070672764E-12  1.57838779478163300E-12  7.56310818332865806E-13  6.09707090866168987E-14  3.50381766871826968E-15  1.32240572654654653E-16  3.34503978047187153E-18  6.93616647187689486E-20
  308.000000 -7.00985375250859061E-13 -2.96127359539154701E-12  1.45102406174185800E-12  7.47721582836365679E-13  5.80687244096311222E-14  3.36179741664323591E-15  1.08896932447717716E-16  3.09237917609571856E-18  6.44245661686608033E-20
  310.000000 -2.31419443657517097E-13 -2.63987377103086905E-12  1.61992254131439686E-12  7.31215036009970796E-13  5.41380363199689917E-14  3.06137705380777025E-15  1.14664316982483023E-16  2.61055861393502381E-18  6.17996110233762029E-20
  312.000000 -3.27148184757197567E-13 -3.03868924850095710E-12  1.73205287164554565E-12  9.07808412989660972E-13  6.78957128961932650E-14  3.64998806216423548E-15  1.30522311928256149E-16  3.48474866993179382E-18  7.10895973465815597E-20
  314.000000 -2.34114410612699304E-13 -2.83154993357150233E-12  1.75432985014756124E-12  7.80984560482357225E-13  5.86700224007682242E-14  3.33625639676499597E-15  1.12006918725851841E-16  2.76641826255543440E-18  6.01943628913131168E-20
  316.000000 -1.39775737119023167E-12 -3.86520872844660425E-12  1.62089398289696310E-12  7.87068712849006162E-13  5.62539828799877531E-14  3.12014785995603088E-15  1.11773589495376091E-16  2.69772692731526081E-18  5.94540369656255868E-20
  318.000000 -1.87451208066033902E-13 -2.90415083251333277E-12  1.79931084188326057E-12  8.52305135628912962E-13  6.14074012649303598E-14  3.56051950105394402E-15  1.12711250439207635E-16  2.95024106384678123E-18  6.46776381184522308E-20
  320.000000 -8.98479121729496812E-13 -3.70796005602746592E-12  1.75808450932336745E-12  9.78933419964147764E-13  6.86751761454440409E-14  3.65227073137134194E-15  1.32424079002045862E-16  3.07129971442360048E-18  6.27549220495206871E-20
  322.000000 -1.10291439089193115E-12 -4.01338228849801493E-12  1.87722719945874889E-12  9.62888089377547980E-13  6.65019872653085852E-14  3.71387048653695787E-15  1.33590687048969041E-16  3.09437762861810189E-18  6.59532638269210425E-20
  324.000000 -4.45056123654676873E-13 -2.88369811641765465E-12  1.54015694854124723E-12  8.35617067825570384E-13  5.96503605402444506E-14  3.09612252267631460E-15  1.18254679685553702E-16  3.17200052539209816E-18  6.66530282814072360E-20
  326.000000  2.07375795914769494E-13 -2.91940920801328423E-12  2.05685648746390473E-12  9.95253139095437752E-13  7.07562778575662861E-14  3.77431610366596686E-15  1.41486232695096267E-16  3.22710101406525459E-18  7.00737697217754083E-20
  328.000000 -8.42419080945911699E-13 -4.56734372935762456E-12  2.45158891355225435E-12  1.18381519455776666E-12  8.44832652144505583E-14  4.87025034330198217E-15  1.62956608708967852E-16  3.98744060225363536E-18  8.06946281517819654E-20
  330.000000 -1.57925767144988636E-12 -4.35125916057533419E-12  1.76769903398372961E-12  9.34840835279856891E-13  6.58637861219899265E-14  3.46913591217134413E-15  1.25527944190410484E-16  3.09605337556410129E-18  7.38301340786105636E-20
  332.000000 -1.41219884513696168E-12 -4.95468171193445951E-12  2.40852583219036204E-12  1.05373005158328349E-12  7.60728583158339822E-14  3.99852921359728073E-15  1.51729903194539686E-16  3.78176283373068743E-18  8.38283925318556627E-20
  334.000000 -2.26352221762809550E-13 -3.62162412185654689E-12  2.15904514956832623E-12  1.15352210612017416E-12  7.80803878435117940E-14  4.45493502068817294E-15  1.64722072568384246E-16  4.49996790988227138E-18  9.95005588929803423E-20
  336.000000 -2.42263766761360745E-13 -3.94705954929544294E-12  2.39642901207223327E-12  1.21583530759547138E-12  8.72780327236785364E-14  5.05909732270534108E-15  1.89285954250880111E-16  4.94052472920443465E-18  1.06341013782302088E-19
  338.000000 -1.36779017445494116E-12 -5.13538482996661801E-12  2.42504283637312510E-12  1.24818381283910853E-12  8.88773741731418816E-14  5.29363670623729004E-15  1.91546065028323010E-16  5.33961864514323738E-18  1.09736390348534883E-19
  340.000000  1.68425639688988190E-13 -4.61896748358593787E-12  3.17554014496533219E-12  1.49755586381887826E-12  1.07693211592396740E-13  6.36080650930222881E-15  2.36217624003692544E-16  6.72793494940587053E-18  1.50830063403800075E-19
  342.000000 -1.26260119681190070E-12 -6.13392688567963933E-12  3.21300932107028733E-12  1.53348172141990983E-12  1.17521292638579402E-13  7.04200706799740081E-15  2.63518144237560935E-16  7.66041116969653981E-18  1.68115557630414119E-19
  344.000000 -3.37027009411319680E-13 -5.31932442175457396E-12  3.32457776359660872E-12  1.53299974654732519E-12  1.17745462460713221E-13  6.67368583187253229E-15  2.91973755144423278E-16  8.57813819711234058E-18  2.02013393117314476E-19
  346.000000  1.13126188640426604E-12 -2.69067841770370265E-12  2.39171414906995787E-12  1.31731130866743768E-12  1.06272454865901450E-13  6.35007113553119926E-15  2.82833628163027573E-16  9.26622269687338283E-18  2.20518280526554060E-19
  348.000000  3.15664778799515021E-13 -3.93159639690662347E-12  2.64626680561022726E-12  1.47434864883998370E-12  1.17546226409918581E-13  8.67567939897326194E-15  4.09556673754721777E-16  1.39162743018769903E-17  3.42498978932205697E-19
  350.000000 -1.12753390133065449E-12 -5.50650048729833301E-12  2.82972941708386576E-12  1.41486470854193288E-12  1.24876150373844584E-13  8.99974648328245910E-15  4.78461625796914970E-16  1.76505660736057040E-17  4.51292882563782257E-19
  352.000000 -7.19680850963704193E-13 -6.49788034645916733E-12  3.71307448369095265E-12  1.86620670664675498E-12  1.83719831224291922E-13  1.43531118143978079E-14  8.14444667099875574E-16  3.01728142068703872E-17  7.44637758925667469E-19
  354.000000  8.12294937490579449E-14 -5.32013354019352373E-12  3.52067660748100849E-12  1.68210104579648186E-12  1.82146116150927169E-13  1.55099251588247543E-14  8.97741973478772768E-16  3.08897254837277213E-17  7.07656377137029213E-19
  356.000000  5.66561384582354313E-14 -5.69691302659788872E-12  3.71881822569584376E-12  1.78028532081184017E-12  2.31189829855426449E-13  2.20217585256672929E-14  1.21699191852371893E-15  3.62954559033921607E-17  7.42792919020824469E-19
  358.000000  1.75187337385378497E-12 -3.20061282745625189E-12  2.96056686539703286E-12  1.70032556458613370E-12  2.62550271002270667E-13  2.75052664859521650E-14  1.49442676574953155E-15  4.30380257293063660E-17  7.69047168533981735E-19
  360.000000  1.19377790174899827E-12 -4.53106325811976982E-12  3.31738559969483149E-12  2.04302405834864610E-12  3.31232860945139434E-13  3.16061890214827669E-14  1.55067864886649842E-15  4.10510072251680467E-17  7.22202576594092458E-19
  362.000000  1.95523317460756839E-12 -4.58154825306363526E-12  3.43616118979772644E-12  2.65893425401014525E-12  4.09066808309253126E-13  3.11593857891813912E-14  1.42314502402511166E-15  3.60467654111623696E-17  5.97975461112525089E-19
  364.000000  2.42539497172549212E-12 -3.97055395137458368E-12  2.81247571555699670E-12  3.08131530601465092E-12  4.73054279362987499E-13  2.78694887944382997E-14  1.20919249388912546E-15  2.45341117953756532E-17  4.06765318150822237E-19
  366.000000  1.22384541792846290E-12 -4.01430628177706285E-12  1.17083933218497653E-12  3.51251799655492979E-12  5.25309611091920280E-13  2.83399308222786614E-14  1.12553219494100225E-15  1.89821897956319832E-17  3.14666683521341638E-19
  368.000000  2.45876171929675982E-12 -4.05829835097626865E-12 -8.45478823120056036E-13  6.29881723224441714E-12  1.00929034509956681E-12  5.25121612797222301E-14  1.89128411055603363E-15  2.74549044868830754E-17  4.15754335566786674E-19
  370.000000  3.04608848861142573E-12 -2.73502010598146605E-12 -1.70938756623841618E-12  6.58114213001790295E-12  8.54693783119208089E-13  5.30844966859195658E-14  1.54934114737795911E-15  2.60831842992922390E-17  3.26676600232834969E-19
  372.000000  4.31359495187093637E-12 -2.76466780384323795E-12 -3.80141823028445259E-12  9.76273318232143433E-12  1.04215016824559558E-12  7.32339982219217128E-14  1.53186034587185020E-15  3.14743250926767850E-17  3.02538710601237101E-19
  374.000000  5.56798240718315712E-13 -6.98618831892373234E-12 -3.84240357540805239E-12  1.03919551243990526E-11  9.16937216858739921E-13  7.50469448321885295E-14  1.42045531234220481E-15  3.01480313712405108E-17  2.45616407170305864E-19
  376.000000 -5.72344086314677546E-13 -9.88554937006081213E-12 -2.11833200787017426E-12  1.05033962056896133E-11  8.60572378197258242E-13  6.63702655460625901E-14  1.17171532112569908E-15  2.65151096375427575E-17  2.11752611688709537E-19
  378.000000 -4.69254616582629664E-13 -1.07046369473079574E-11  7.13642463153863842E-13  8.83132548152906452E-12  6.38375484618104737E-13  5.11362458339011311E-14  8.82034904715926712E-16  2.04600110517149289E-17  1.60674625511697105E-19
  380.000000 -1.60219064938032563E-12 -1.29818558427082286E-11  4.14698172753179544E-12  6.76138325141053588E-12  4.38081289830974290E-13  3.26624112796003737E-14  5.44740349845087133E-16  1.16819120952022113E-17  9.10130570894606586E-20
  382.000000  2.98292838389049541E-14 -1.16612147244774150E-11  6.19502032237862645E-12  5.19288468199384909E-12  2.81850648858218758E-13  2.09519658478884208E-14  3.29459654057162662E-16  6.87460314537790018E-18  5.49805346342426813E-20
  384.000000 -1.90285946867082586E-12 -1.54660292543821505E-11  8.10125341896207953E-12  5.20137293376542591E-12  2.43095139880076619E-13  1.71712913154935772E-14  2.71462045706735411E-16  5.49815996519544148E-18  4.15825783295875334E-20
  386.000000  3.48317264978152547E-13 -1.19067072523247474E-11  7.81377663433811617E-12  4.25571763120200940E-12  1.74414657016475782E-13  1.09463365471277781E-14  1.66068643155335846E-16  3.16590528985365813E-18  2.36507263608266372E-20
  388.000000 -1.46327221406462642E-12 -1.42861148098294433E-11  8.83483415871031424E-12  3.82999459539835442E-12  1.49058455304038711E-13  8.83428345013160470E-15  1.18674830438050375E-16  2.40890186406541063E-18  1.91696768979042488E-20
  390.000000  3.36292641657341785E-12 -1.51934462425047859E-11  1.36741016182543064E-11  4.70047243127491806E-12  1.72113258215874518E-13  9.55154396348872697E-15  1.31311995098781230E-16  2.47624990757399933E-18  1.91246086611741901E-20
  392.000000  1.66072558188794407E-12 -1.68846436275416242E-11  1.38147084225340552E-11  4.55693506993310814E-12  1.65638593824871215E-13  7.97510480732022736E-15  1.09972420824143188E-16  2.02996097091154506E-18  1.59484169589661421E-20
  394.000000  1.70080889680717843E-12 -2.32600574053399709E-11  1.95772149828278080E-11  5.18505446327370201E-12  1.90047995076182705E-13  8.43527268982310012E-15  1.11652014039558921E-16  1.92219617506535725E-18  1.40694181437036333E-20
  396.000000  6.50236607711910107E-12 -1.87974395736854469E-11  1.99722795470407863E-11  5.12768696704049596E-12  1.92364748241450586E-13  7.37382266805262339E-15  9.89699659154145596E-17  1.58433642370489694E-18  1.15114222774368801E-20
  398.000000  6.81906608950947344E-12 -2.05701081931429709E-11  2.23502137098572687E-11  4.84584279550002749E-12  1.86586580853516677E-13  6.44650842234587846E-15  8.34673448293554340E-17  1.21133752559551849E-18  9.33693291189520061E-21
  400.000000  9.86218558680383288E-12 -2.07773623829125238E-11  2.55721383174307977E-11  4.85720791283231422E-12  2.04074529114018365E-13  6.03590415340816721E-15  9.01194022904691706E-17  1.17739903560651933E-18  9.38449176017759501E-21
  402.000000  1.52065530207066335E-11 -2.25999366285551605E-11  3.22856237550787998E-11  5.27163700375895975E-12  2.42772756752057394E-13  6.35504984192682651E-15  9.99711843774523557E-17  1.10350771975833177E-18  9.13795348658870615E-21
  404.000000  1.42491949689410384E-11 -2.93469055848125549E-11  3.79064197137162178E-11  5.40064581942731090E-12  2.82610446034300609E-13  6.31271132757075544E-15  1.10783419233846380E-16  1.07048123026126236E-18  9.34773060112893114E-21
  406.000000  1.66012926791724413E-11 -2.63450561980751514E-11  3.78710182847330285E-11  4.79819627045021074E-12  2.71747711027508569E-13  5.28872902841073916E-15  9.70634094621849279E-17  8.11213087801690812E-19  7.38588239351580891E-21
  408.000000  2.26226245699584980E-11 -2.49424244113640726E-11  4.24021214993189237E-11  4.83259472970178872E-12  3.24771151189636320E-13  5.44245405704507770E-15  1.18240961721568648E-16  8.96656496709820888E-19  9.43696118622706662E-21
  410.000000  2.87547939654972522E-11 -3.02250687972195797E-11  5.33136630173178688E-11  5.28676333562477902E-12  3.73877804132273455E-13  5.43188695696559580E-15  1.25908641506904467E-16  8.00690883986673898E-19  9.35255236346128656E-21
  412.000000  4.05983937185319936E-11 -4.06942223114435154E-11  7.46060742376464407E-11  6.19951043025897235E-12  4.81025048074313933E-13  5.85369605888626996E-15  1.51799921969046578E-16  8.07731983263641456E-19  1.02829393947068243E-20
  414.000000  3.17928401000950439E-11 -3.93781761868166066E-11  6.59156427474973558E-11  4.82864184899483477E-12  4.22171768307200806E-13  4.42810115891525561E-15  1.31234745814090598E-16  5.78010732863625570E-19  8.19679013414365631E-21
  416.000000  3.03537110078274555E-11 -4.66742668569747076E-11  7.17400768357203811E-11  4.82138694095485288E-12  4.61711949702784447E-13  4.66222504056027991E-15  1.39306229111507666E-16  5.98500955438736329E-19  8.65351078811891712E-21
  418.000000  2.58518723886984687E-11 -4.18881215191385634E-11  6.28321822787078418E-11  4.51333601003739078E-12  3.90314934402780375E-13  4.04136812879516404E-15  1.18802574214478917E-16  5.06334854802569270E-19  7.65115243826615238E-21
  420.000000  2.82767899544047512E-11 -4.75761642102575835E-11  7.04832062374186342E-11  4.92831793613200621E-12  4.37078476179305017E-13  4.22129187746991173E-15  1.29709779773968480E-16  5.05858294728312028E-19  7.41684467508942955E-21
  422.000000  2.04267020678452441E-11 -6.75982694705512367E-11  8.18294840959304519E-11  5.71194258889731916E-12  4.78601028966305174E-13  4.81804007721864652E-15  1.25222388450599065E-16  5.55005029251570188E-19  7.13171108016826472E-21
  424.000000  9.40741713870136057E-12 -5.92615126402720748E-11  6.37510211736260257E-11  4.55965710418760097E-12  3.54250282709959737E-13  3.89790398479979713E-15  1.02863733781651062E-16  4.44459502674196248E-19  6.27177096906203620E-21
  426.000000 -4.44324665184066403E-12 -9.42648153950358310E-11  8.38413021542385981E-11  5.57997855553547468E-12  3.95661550495615017E-13  4.50872712044080278E-15  1.17234684760311323E-16  5.14927690839501100E-19  6.19258583117688932E-21
  428.000000 -7.02854272674034299E-12 -7.50236992215429556E-11  6.35871597060638499E-11  4.11715422557247896E-12  2.87700447186271368E-13  3.06784614077946069E-15  7.39476565503581626E-17  3.18255089896280134E-19  3.92759586342882484E-21
  430.000000 -1.79591433838822776E-11 -8.86554070292429273E-11  6.55680614487109198E-11  4.77619461697256023E-12  3.48113882581459264E-13  3.80467731124489964E-15  8.86216792694486155E-17  3.93482320125900058E-19  4.62287971732614790E-21
  432.000000 -2.15425549146519331E-11 -7.82967731003096163E-11  5.31299531752100954E-11  3.36431446915392888E-12  2.57147953878783782E-13  2.73433042772102810E-15  6.79471333123946951E-17  3.06435737674715439E-19  3.41810401443113896E-21
  434.000000 -3.27583221162566542E-11 -1.01601541791238976E-10  6.49120961444026839E-11  3.64542568926899085E-12  2.82502116796929103E-13  3.12216516277093910E-15  7.32318193710281362E-17  3.23955125531652643E-19  3.57645691958858359E-21
  436.000000 -4.66752492161642835E-11 -1.25326812331625590E-10  7.40567527414151273E-11  4.28734005253785456E-12  3.04582873542103202E-13  2.82504092183742989E-15  6.21373183529146232E-17  2.66819441783242094E-19  2.90659383104544068E-21
  438.000000 -6.43737152178908493E-11 -1.49475461587030119E-10  8.04867870084008314E-11  4.29682066060473155E-12  3.14869371144053189E-13  3.19825756583217102E-15  7.07614486440367771E-17  3.06752521834489076E-19  3.22264439131801295E-21
  440.000000 -5.93875067957022376E-11 -1.43108079058922162E-10  7.92896113704838889E-11  4.13973961804736810E-12  2.88478661795955939E-13  2.68161808415584066E-15  6.07467645439360339E-17  2.45396900768242575E-19  2.64709242872853399E-21
  442.000000 -4.48687919355549690E-11 -1.09284770661643325E-10  6.09848050567206087E-11  3.20170226547783210E-12  2.27263687594185389E-13  2.15888592119738496E-15  4.86214609407600700E-17  2.06739353394567041E-19  2.17424199783949739E-21
  444.000000 -6.69671005094701121E-11 -1.59506372580839091E-10  8.76300441956461656E-11  4.58457745265143171E-12  3.21631954260046978E-13  2.95595511027019088E-15  6.22670817184853933E-17  2.44147774910855554E-19  2.47156638334052716E-21
  446.000000 -6.01763641672220189E-11 -1.39089657261134570E-10  7.45123163898935227E-11  4.14474759918782770E-12  2.53710556457775466E-13  2.46721994882307346E-15  5.11043302571599569E-17  2.21832690816086665E-19  2.26166264139348013E-21
  448.000000 -4.72476038713524168E-11 -1.12271916068848179E-10  6.11480971446405275E-11  3.64946378962634314E-12  2.24175753171789834E-13  2.52763668201680336E-15  4.76501100110722546E-17  2.21259327441695245E-19  2.00574614472792007E-21
  450.000000 -3.92026994921767926E-11 -9.10258243818703478E-11  4.85471063369975171E-11  3.09740652410531071E-12  1.76550196487188863E-13  2.02361403097750341E-15  3.80392175150978518E-17  1.77319797375623270E-19  1.53524828716340495E-21
  452.000000 -3.53115088126370617E-11 -8.36734750074139453E-11  4.51530642570495986E-11  3.05325275608227329E-12  1.53708954838671887E-13  1.90929503515925227E-15  3.07754615121872358E-17  1.55022454272960183E-19  1.28721350620567387E-21
  454.000000 -2.89192770313166458E-11 -7.41210027389376521E-11  4.19504286334959582E-11  3.10446040117512286E-12  1.45018916084686341E-13  1.79270838368336530E-15  2.49123632179438112E-17  1.35065008017542889E-19  1.05332280126813268E-21
  456.000000 -3.05548735247210740E-11 -7.26983927191660829E-11  3.89455675281246859E-11  3.05884978293812671E-12  1.37171562712991261E-13  1.90361991345864978E-15  2.65560920549479962E-17  1.43632709431810093E-19  1.03098104972130617E-21
  458.000000 -2.81952877231334248E-11 -6.70514252752194227E-11  3.56210696774603195E-11  3.11029560602824479E-12  1.22902716998073332E-13  1.84641828996845310E-15  2.29959258414800765E-17  1.36479766084395189E-19  9.03785872787148433E-22
  460.000000 -2.02778935195964796E-11 -5.49561235028036300E-11  3.14412437347770777E-11  3.12100581190801843E-12  1.14173699716377163E-13  1.78597983666508058E-15  2.06302340754731225E-17  1.25924645612158515E-19  8.10290030006180011E-22
  462.000000 -1.57637499419120935E-11 -3.62459888075925378E-11  1.83895090273815086E-11  2.02384542285041072E-12  6.76697286446896600E-14  1.20170702010251159E-15  1.28831481771248004E-17  9.61197428250535456E-20  5.15813661867822886E-22
  464.000000 -1.42676956752515370E-11 -3.65604861524308112E-11  2.00276192526183512E-11  2.20102191450755375E-12  6.30063525145292132E-14  1.13214539674544676E-15  1.07356405092200133E-17  7.60482930194864514E-20  4.53297116956429678E-22
  466.000000 -1.31168303175617550E-11 -3.47071454278750195E-11  1.92516197295244245E-11  2.27935110353964378E-12  5.81223939622388258E-14  1.21019363852184327E-15  1.16041537454418208E-17  8.50387093875681840E-20  4.55980227060173004E-22
  468.000000 -1.40854333649994862E-11 -3.50057001427310194E-11  1.85967782008258530E-11  2.26477308052336930E-12  5.74873119790866988E-14  1.21747410495779209E-15  1.06281212033054900E-17  8.17586969483575201E-20  4.18364632822044590E-22
  470.000000 -1.13018328985781337E-11 -2.86857459399085984E-11  1.53082586506242997E-11  2.02558602640580535E-12  4.90234915965234820E-14  1.03640408702300036E-15  8.40105470286727813E-18  6.72387496476122098E-20  3.23359704422502325E-22
  472.000000 -7.79704894396759553E-12 -2.33668610392813660E-11  1.36306689395807966E-11  1.89508024797743211E-12  4.30576575837762303E-14  9.97491081643081073E-16  7.69341525735355037E-18  6.53510236620229355E-20  3.23840553330143409E-22
  474.000000 -6.57712464484707515E-12 -1.90766753371719526E-11  1.09410343845545031E-11  1.52543267861577208E-12  3.23277758758371203E-14  7.50191038432263767E-16  5.61004576930332756E-18  5.19605929755122573E-20  2.33971675432828902E-22
  476.000000 -6.80428505692474840E-12 -1.92379995691354340E-11  1.06799188784538617E-11  1.71957303134046040E-12  3.34300026979748856E-14  7.86753356366983933E-16  5.79239064454858899E-18  5.37503498675360304E-20  2.21026494218239943E-22
  478.000000 -7.00980938392426991E-12 -1.94000030610229724E-11  1.06272075591633195E-11  1.72959586113899654E-12  3.25970869447910097E-14  7.87937064237069028E-16  5.17797902408899167E-18  5.45683211243984390E-20  2.40013014683831742E-22
  480.000000 -4.74908867967306514E-12 -1.61104471399814092E-11  9.78134290641728381E-12  1.55081034132075505E-12  2.84806881071361506E-14  7.19918749933774436E-16  4.56122302501867390E-18  4.43087557426258889E-20  1.81453857872207186E-22
  482.000000 -4.43862945321124451E-12 -1.39242690526377976E-11  8.04996804605622737E-12  1.40965093599295416E-12  2.53190418819072087E-14  6.97158932937130376E-16  4.37453397899538632E-18  4.18757884599978298E-20  1.52760090211307621E-22
  484.000000 -5.86776797769363510E-12 -1.63800733733658179E-11  8.92128996227959779E-12  1.56305387658792132E-12  2.71720577504433489E-14  7.84968077670700393E-16  4.48500883930320868E-18  4.57994479535867361E-20  1.68262957891749589E-22
  486.000000 -4.00479189344609637E-12 -1.29766415238794425E-11  7.52055361043013194E-12  1.42853653139297836E-12  2.21048747549215925E-14  6.50838255584392359E-16  3.73989409236115700E-18  3.55696449001740481E-20  1.35993378713111131E-22
  488.000000 -3.28282776275244314E-12 -1.18942408348950044E-11  7.32239201398223598E-12  1.26840927653372496E-12  2.00366850001893356E-14  5.71698892668445768E-16  3.36309104922611572E-18  3.45129464764331874E-20  1.29745377319997674E-22
  490.000000 -3.01272857233096222E-12 -1.07927409551047315E-11  6.52061432704244191E-12  1.24135258381195913E-12  1.75297136688068526E-14  5.12922532650043906E-16  2.80549183479852597E-18  3.01371193191247892E-20  8.89569627412462255E-23
  492.000000 -2.61129185399673773E-12 -8.46301926322148244E-12  4.83601100755513236E-12  1.00120540390789858E-12  1.40942093268284644E-14  4.14501656822221289E-16  2.26095088365737023E-18  2.57390060289368504E-20  8.81726993312275187E-23
  494.000000 -2.69225265026828024E-12 -8.53196414551324624E-12  4.83731895750081364E-12  9.87936696536829482E-13  1.40230472362343648E-14  4.30664704992111412E-16  2.10682801025155719E-18  2.23658920471377766E-20  7.21936320167450330E-23
  496.000000 -1.78111460765914186E-12 -8.60118872306784998E-12  5.64453009951327735E-12  1.15914457400719087E-12  1.59367379643198779E-14  4.60524854410125955E-16  2.15367509541949211E-18  2.53188424474794143E-20  7.55732132993818583E-23
  498.000000 -2.53179802474518581E-12 -8.05135778189349872E-12  4.52888875231509374E-12  9.77388384580821474E-13  1.28902165509769534E-14  3.90415741394600737E-16  1.96804455494512587E-18  1.98455547973566063E-20  6.99173901345903953E-23
  500.000000 -1.51220610855713582E-12 -6.86751761454440439E-12  4.40925846842907761E-12  9.34040925557708408E-13  1.16412166595088095E-14  3.69146600291298144E-16  1.72804891643418931E-18  2.06230602304088673E-20  6.87056797323643414E-23
  502.000000 -3.21977016426504491E-12 -7.55189196626464636E-12  3.53994935918655288E-12  7.81738816820363815E-13  1.01020690263244737E-14  3.30093747889642334E-16  1.44767677075180501E-18  1.54951233306683582E-20  4.65763763679498265E-23
  504.000000 -3.25275861549609460E-12 -8.24653512977797912E-12  4.04397395787189383E-12  9.39133658108730118E-13  1.03182354834258157E-14  3.49063196173586754E-16  1.58093640489689092E-18  1.86281393934622914E-20  5.71167554494786574E-23
  506.000000  1.08499205103882962E-13 -5.11514687987633784E-12  4.27594309489662624E-12  9.36611367164856755E-13  1.07320052487639834E-14  3.57936765967298772E-16  1.66139330189383847E-18  1.94554961596103069E-20  5.52085176546210937E-23
  508.000000 -2.32460086586797785E-12 -6.44457842065377000E-12  3.34312505571414356E-12  7.67811100898203101E-13  8.77161247440057863E-15  2.68581463797158993E-16  1.18959270694626238E-18  1.46016952944889199E-20  4.08460035659399766E-23
  510.000000 -3.56312023276016462E-12 -7.79450762855126885E-12  3.45069348138988470E-12  7.71331484075385988E-13  9.06877451594595784E-15  2.92381254885689323E-16  1.25826149149694168E-18  1.62481332923921470E-20  4.53773901440471178E-23
  512.000000 -1.65719559113546780E-12 -5.23717392740982818E-12  2.90499491286013914E-12  6.67432810084943937E-13  7.31203330014036913E-15  2.37553677484922367E-16  1.01330027302670452E-18  1.30130130580106654E-20  3.83659420262427830E-23
  514.000000 -8.02288579002840573E-13 -4.61839810394371636E-12  3.07205945306970423E-12  7.35799474707550814E-13  7.98337597749408621E-15  2.66154479703656885E-16  1.05441297090045806E-18  1.22603926631691151E-20  3.30594659498078258E-23
  516.000000 -9.18525749379240830E-13 -4.65440886903525343E-12  3.01289859825942763E-12  7.15563417086614092E-13  7.17308495746705055E-15  2.46986968788314727E-16  1.02052542463079329E-18  1.18238211932913895E-20  3.44700188225045603E-23
  518.000000 -1.80025972129624397E-12 -4.69055948175821450E-12  2.34527974087910725E-12  5.39204940425330484E-13  5.61330992668208467E-15  2.00977455822121528E-16  7.81323823434072408E-19  1.04237615721223973E-20  2.74435812263000854E-23
  520.000000 -5.16651175556123660E-13 -4.05158566466794307E-12  2.86987317913979298E-12  6.58118895400163924E-13  6.71802229147211447E-15  2.23461822770401061E-16  9.20693298968466218E-19  9.73303783115891575E-21  3.12832290840899322E-23
  522.000000 -1.54581387680276024E-12 -4.76328025009840785E-12  2.59428656478574023E-12  6.16674675235954592E-13  6.29217492579789311E-15  2.12205156841574987E-16  7.44005800040642465E-19  9.15946237539387560E-21  2.60510891462321588E-23
  524.000000 -5.62692325747737273E-13 -3.08561811796005489E-12  2.03565084170975861E-12  4.82127830931258539E-13  4.98031353132116060E-15  1.66097641406981997E-16  6.99268413742023267E-19  9.10505747059926154E-21  2.51012714514808376E-23
  526.000000 -9.47782066360020361E-14 -2.76374880512245441E-12  2.15917875400191735E-12  5.04708033747948177E-13  4.91297509455514448E-15  1.70168430548399411E-16  6.59572548524130990E-19  7.61625313272910418E-21  2.26814469067195628E-23
  528.000000 -7.86167064510046053E-13 -3.48100732846026816E-12  2.17562958028766790E-12  5.13992488342961502E-13  5.04070427659423037E-15  1.76776542892941740E-16  7.06094686071059201E-19  8.38345604803434062E-21  2.19638316968422354E-23
  530.000000 -4.45652827266111714E-13 -2.45519997917793929E-12  1.60026427214276381E-12  4.05546425132070290E-13  3.61254007817973276E-15  1.23428452671140882E-16  4.80182464818812205E-19  5.91040916518053250E-21  1.32683549878145391E-23
  532.000000 -6.81808896004450737E-13 -2.82715971685645906E-12  1.71175685981543417E-12  4.29319664034354847E-13  4.14134724148895350E-15  1.32450314608167222E-16  4.93687062440985923E-19  5.73911210087646086E-21  1.99475607504841701E-23
  534.000000  2.90513181977740073E-13 -1.78028532081184038E-12  1.64676392175095248E-12  4.20036067879043588E-13  3.86829574102182114E-15  1.29712866315865146E-16  4.99063992467116523E-19  5.47146569814446748E-21  1.67886659439025347E-23
  536.000000 -9.88805262585803223E-13 -2.86983322267367120E-12  1.51338861351931884E-12  3.64334295847243417E-13  3.19120935214757970E-15  1.13409723438778155E-16  4.26636196830575153E-19  4.99833788255280559E-21  1.11846782334375567E-23
  538.000000  3.77077272759556395E-14 -1.80705615311290074E-12  1.50211542727509873E-12  3.39528910018478606E-13  3.01102496215711614E-15  1.08139775855860251E-16  3.74288566831787237E-19  4.05749254314753633E-21  1.12066701549689175E-23
  540.000000  2.02400256310185433E-14 -1.82051648763740770E-12  1.50192610230086145E-12  3.35657727408147032E-13  3.06678802849075037E-15  1.05559732864717854E-16  3.31637472828735530E-19  4.15129665071118169E-21  9.29289743623026094E-24
  542.000000 -8.33948024823649745E-13 -2.93444282839130539E-12  1.70793742746212694E-12  3.89014271439570003E-13  3.42536737628074444E-15  1.17362209430370684E-16  3.70309691174907520E-19  4.75590888544803078E-21  1.46474554223977681E-23
  544.000000 -7.80793430631780649E-13 -2.58662179080812545E-12  1.45497475732957059E-12  3.47865988607565979E-13  2.88685467724121133E-15  1.00345687175834343E-16  4.09526475181226903E-19  4.33670039697557154E-21  1.16155616452625685E-23
  546.000000 -6.73330812276412014E-13 -2.23343659764820342E-12  1.25630808617711447E-12  3.00990478979933710E-13  2.72068311125053277E-15  8.61750815835160312E-17  3.58808611607472539E-19  3.20132683363551131E-21  1.19709090533080222E-23
  548.000000  4.80962283981971885E-13 -1.12491436893716880E-12  1.27724652306407692E-12  3.25902925896510482E-13  2.63766237426775516E-15  8.92213614940082609E-17  3.17091198946954424E-19  3.12114822752027030E-21  1.04441831804860437E-23
  550.000000 -6.53251329764428078E-13 -2.26628081279965383E-12  1.29839004899980163E-12  3.12056244731202297E-13  2.49845563850059469E-15  8.44705662093987137E-17  2.59608533209522616E-19  3.48200384883622535E-21  8.97467941504009358E-24
  552.000000 -1.37205285856362218E-12 -3.04372376323220149E-12  1.35540823831433969E-12  3.13586774434567612E-13  2.58632457069386643E-15  8.92586762613203010E-17  3.05614870249733076E-19  3.05061220122469062E-21  7.23421748319574505E-24
  554.000000 -1.89365922938348930E-13 -1.53290984449855290E-12  1.07183930533297256E-12  2.69456808603261260E-13  2.17237856762394885E-15  7.51963139785712440E-17  2.29849000428120630E-19  2.88454472708281701E-21  8.82250343212709190E-24
  556.000000 -4.74275916083670478E-13 -1.92999720480890825E-12  1.17609204668042854E-12  2.77437098191280551E-13  2.12035825723634959E-15  7.15989029570260308E-17  1.84058876496210890E-19  2.62596205938655369E-21  8.49685668029280531E-24
  558.000000 -2.66738528368543996E-13 -1.55512563966182094E-12  1.02662591055799894E-12  2.59693832404464252E-13  1.99919639803327045E-15  6.79437574071952497E-17  2.25576402970895729E-19  2.59255584524009274E-21  6.41442762957699849E-24
  560.000000  4.93725250874529172E-13 -7.83146735971318413E-13  1.02176175708757942E-12  2.53146064068853889E-13  1.90002946501830505E-15  6.39038015332660044E-17  2.30113784967876020E-19  2.30347408808597138E-21  5.60354438848604027E-24
  562.000000 -3.54693379557717370E-13 -1.57750126068957327E-12  9.79776173631414636E-13  2.41092721970623262E-13  1.87150151090414924E-15  6.72758908285730937E-17  2.05682754979040709E-19  2.43903936568337909E-21  6.29095056980605013E-24
  564.000000 -4.63315222183134933E-13 -1.58874900590263049E-12  8.93671315820229690E-13  2.30011757934633744E-13  1.69393671855844591E-15  5.66286984401806064E-17  1.42600094381595045E-19  1.94202463165596361E-21  5.51454980796560061E-24
  566.000000 -3.22961703781308083E-13 -1.40003211913408287E-12  8.62519787680818958E-13  2.12895509187520973E-13  1.60526143682104410E-15  4.96875718027426331E-17  1.67641909423240954E-19  1.82921770959213433E-21  4.68400517322965973E-24
  568.000000 -2.67424726320037063E-13 -1.40994382001121974E-12  9.25275631882362992E-13  2.15582927836536943E-13  1.60740578322463539E-15  5.29687075435221334E-17  1.57761088523140424E-19  1.71613253066101940E-21  4.29353716773779273E-24
  570.000000 -1.58493396239602511E-13 -1.21704898525389623E-12  8.55737567756645807E-13  2.01256798342766704E-13  1.51351154019458845E-15  4.75874027208421214E-17  1.22414240993019939E-19  1.55408704385669850E-21  3.63777942735627609E-24
  572.000000  8.79599595432787759E-13 -2.04267443927008786E-13  8.80903351935225422E-13  2.01474724967069210E-13  1.44155415063845153E-15  4.72888202793897483E-17  1.17948106708699324E-19  1.53380098441756169E-21  4.67643491456344660E-24
  574.000000 -1.89595037496139941E-13 -1.02849192434983270E-12  6.74947825354577678E-13  1.62710636469407132E-13  1.19741720318439082E-15  4.09012920812492595E-17  1.04981209066455877E-19  1.55128055425099102E-21  1.95266410817591894E-24
  576.000000 -4.00301221677236099E-13 -1.03567160185594761E-12  4.98416958393174753E-13  1.35931897743593126E-13  9.89273716372410822E-16  3.21494203952895117E-17  9.98303394690999582E-20  1.07154848071452395E-21  3.28795175412634963E-24
  578.000000 -6.50060181676078782E-14 -1.04287625215338797E-12  7.82157189115040928E-13  1.94317176670767976E-13  1.35419874661641408E-15  4.15230593942679817E-17  1.45008251486812540E-19  1.38176085250693672E-21  3.94809139796823478E-24
  580.000000 -5.14738921508710369E-14 -8.40084700193722608E-13  6.30063525145291930E-13  1.57515881286322983E-13  9.95049665108302643E-16  3.62528158986720525E-17  9.78965294656711982E-20  1.23012466002537012E-21  3.57552732606364874E-24
  582.000000  2.63902793738822271E-13 -6.34416282673346917E-13  7.33543826841057373E-13  1.63560447876722252E-13  1.17455814052886087E-15  4.01334254748013930E-17  1.08814176226973596E-19  1.31170935002113953E-21  2.50032574050950338E-24
  584.000000  6.28682675297192436E-13 -2.12928007958732389E-13  6.85362025617169913E-13  1.55121380798060895E-13  1.09329642758351817E-15  3.38863003998884839E-17  9.30048858119598518E-20  1.10539355721670706E-21  2.43130180016978394E-24
  586.000000 -1.10724769671429768E-12 -1.92950024626152850E-12  6.63265709652400357E-13  1.57860588724087717E-13  1.09425495126424355E-15  3.18953236915586716E-17  9.98326187260825732E-20  1.05994163163082981E-21  3.22640207613896044E-24
  588.000000 -2.03957225236988106E-15 -6.47564457306283759E-13  5.26146121561355586E-13  1.18467195640016767E-13  8.82707084951192419E-16  2.87682637877633278E-17  9.16698924364104191E-20  8.32391772740157707E-22  1.51840332954885777E-24
  590.000000  5.57485362955915790E-13 -2.17325716511173443E-13  6.24811434969623671E-13  1.48986965811370845E-13  9.81573670765797988E-16  3.10109713868945349E-17  9.32053592553319177E-20  8.36482679256083410E-22  2.10010124458787481E-24
  592.000000 -5.18664681523631700E-13 -1.31280965087110392E-12  6.46148500038121465E-13  1.47007330696503832E-13  9.58191858418799861E-16  3.08564070260627254E-17  8.93552837128097618E-20  9.89422548950813578E-22  2.69581327289180478E-24
  594.000000 -1.67102410633143648E-13 -8.81129980016505476E-13  5.74799635401392225E-13  1.38321918249661381E-13  8.77284716737014489E-16  2.86493542253377281E-17  8.08819883087434098E-20  7.77341556946348883E-22  2.01597923112696812E-24
  596.000000 -3.02653547981537293E-13 -8.87073504352001854E-13  4.71257799187001007E-13  1.12400182802414291E-13  7.39385836414003029E-16  2.25241966756554129E-17  6.36653061296103041E-20  6.82139805512285922E-22  5.13697462201094942E-25
  598.000000 -2.28487971704842081E-13 -8.93037006920558919E-13  5.40706000283932207E-13  1.22967009741991013E-13  8.51666457100447611E-16  2.42724940273627567E-17  8.54577426436240153E-20  7.79723929230146057E-22  1.19928241068113290E-24
  600.000000  1.24236229262163344E-13 -5.61887804826360458E-13  5.58376006046195709E-13  1.26863730933451712E-13  8.58230121812724088E-16  2.59891114559922046E-17  7.72389024425026073E-20  6.35317445776428390E-22  1.38777665595770040E-24
  602.000000 -7.76721532761218485E-14 -6.78767960067640956E-13  4.87864471298616934E-13  1.12465134008603271E-13  7.43990556816490862E-16  2.21438604678922177E-17  6.64286313613640140E-20  6.36679053801733054E-22  1.70410420630109956E-24
  604.000000 -2.01369460729707369E-13 -6.83285538018444797E-13  3.91465672823067347E-13  8.98591658071131906E-14  5.71698359192068383E-16  1.94946533957021779E-17  4.51284765617996892E-20  5.16213294983864669E-22  1.27930192141335104E-24
  606.000000 -9.03043280628745590E-13 -1.37563619928808851E-12  3.76150523242836712E-13  9.58288237785322019E-14  5.94732040097491109E-16  1.87766963027103116E-17  6.22430741930501269E-20  6.57262307891877877E-22  1.23728665044981682E-24
  608.000000 -4.49428346476927296E-13 -1.03854846741665854E-12  4.86819594101558735E-13  1.01646128212871746E-13  6.34760068263931985E-16  1.95886428833182890E-17  4.94358745519136959E-20  4.76894985487210891E-22  1.38403446767442648E-24
  610.000000 -3.31767273190712893E-14 -5.80773478266357459E-13  4.50099445656427051E-13  9.68712012577088542E-14  6.07040149860313216E-16  1.90115448393752291E-17  5.18170178103419498E-20  5.20604171633132826E-22  8.28630067217407834E-25
  612.000000  4.76643304964175826E-14 -4.67670457713076442E-13  4.20172676851592098E-13  9.45388522916082257E-14  6.05675202917440232E-16  1.75335835159733934E-17  4.98162662619101984E-20  4.62348714367284696E-22  1.24529367459995938E-24
  614.000000 -1.64410420401087357E-13 -7.06098182894395224E-13  4.41311364308996990E-13  9.97547563073461975E-14  6.06048931698756889E-16  1.55440327852366344E-17  4.86079827127457083E-20  3.03757079117575779E-22  7.40862766743118330E-25
  616.000000 -6.71718085915243111E-13 -1.18450943815661889E-12  4.21981487343295455E-13  9.02263048595862049E-14  5.66625532321319569E-16  1.68880616192259333E-17  4.60017878293348543E-20  4.42125995886705210E-22  6.39649878308311986E-25
  618.000000  2.10809837969167306E-13 -3.57664063284171396E-13  4.69434083060474888E-13  9.84973299278675033E-14  5.25741141200386202E-16  1.66994442287644294E-17  4.72170123555988945E-20  4.61483145450812262E-22  1.07160512180465352E-24
  620.000000 -7.38323034068848605E-15 -5.99971311597924774E-13  4.93101421719544371E-13  9.89015208962204105E-14  5.68515296176622402E-16  1.65788352523325616E-17  4.41146409610809364E-20  3.94847339586939000E-22  5.54196834256474446E-25
  622.000000 -1.02912342742418599E-12 -1.44923600988294364E-12  3.45325767979920179E-13  7.43016508973188942E-14  4.71756513633770747E-16  1.33746887562796940E-17  3.20555225338041000E-20  3.22927755788733739E-22  6.78343938538993398E-25
  624.000000  2.29100642777123186E-13 -2.43095139880076568E-13  3.79836156062619638E-13  9.18728702476461241E-14  4.72013191982112785E-16  1.47069434510634970E-17  3.57711986648404004E-20  4.39534358594384897E-22  7.67782564115961746E-25
  626.000000  7.04875014309206020E-15 -3.66983909006891352E-13  3.03908549646331907E-13  6.97651702018309091E-14  3.48116551868617971E-16  1.07911464637557510E-17  3.13583516063003624E-20  2.44542095363051338E-22  5.94527671563378393E-25
  628.000000 -4.87825383679272456E-13 -9.84886933416174688E-13  4.05881138575806380E-13  9.06499936274164744E-14  5.14715232383788838E-16  1.56592482023694881E-17  4.27379976528323143E-20  3.14408056173376554E-22  6.87557681602436086E-25
  630.000000 -3.51577857995070361E-13 -7.43377565785274945E-13  3.19420047798360344E-13  7.19905031969789424E-14  3.76683502153310226E-16  1.24359907784303331E-17  3.70681973497879327E-20  2.33253795337004587E-22  4.82424063423454495E-25
  632.000000 -1.11115077566934435E-13 -4.98736610122142523E-13  3.13658571209628701E-13  7.35441680941831279E-14  4.07141245140604022E-16  1.16232642267798020E-17  2.84496856573794311E-20  2.91890508936920661E-22  4.52712370297829407E-25
  634.000000  6.97479591405339571E-15 -3.76423624127974221E-13  3.17607432857978252E-13  6.54330127878705178E-14  3.47019357672095365E-16  1.09266224473907621E-17  2.81041741379778235E-20  3.11543315507566636E-22  3.41909516647069061E-25
  636.000000 -5.31198013838505370E-14 -3.78802282501739105E-13  2.58453640665249078E-13  6.68329547903458971E-14  3.84855936328747446E-16  1.10031949881224336E-17  2.62532412908081117E-20  2.77222688952314816E-22  5.12740675280421239E-25
  638.000000 -2.78954772410498943E-13 -6.35314054521502879E-13  2.95818106636574774E-13  6.01811164927595442E-14  3.49473139427187748E-16  1.05575059891101708E-17  2.80457420128576783E-20  2.90178575761000264E-22  3.32694908552147403E-25
  640.000000  2.49882515307342076E-13 -1.27860691587153999E-13  3.09662612437638598E-13  6.76762644924193959E-14  3.93614113276799320E-16  1.06847697261089031E-17  3.08416030565955513E-20  2.39089405934636136E-22  7.42702719751508695E-25
  642.000000  1.07272290041360468E-13 -2.57322139098280036E-13  2.99539052544091627E-13  6.47074715017647517E-14  3.38163287808828253E-16  9.71636623852016954E-18  2.51632412945101058E-20  2.76042067586259966E-22  4.53439174182601722E-25
  644.000000  1.31367339051419196E-13 -2.58927889580517094E-13  3.21636987838298603E-13  6.82720021354879095E-14  3.75337974703203184E-16  1.08650466361453559E-17  3.54483721482902909E-20  1.87923847884351422E-22  5.14452204384611598E-25
  646.000000 -4.87836850036059368E-13 -7.81615903863058176E-13  2.40184053791252240E-13  5.33035585479526935E-14  2.83751602875904186E-16  7.66371585044104291E-18  2.59479044375803881E-20  2.20608370757117029E-22  5.54677288266155171E-25
  648.000000  6.88209147643121376E-14 -2.62154374219786777E-13  2.74442860511339290E-13  5.61942237707453094E-14  3.30013059587591707E-16  8.16438558875552431E-18  2.70396442570177692E-20  2.16731065089139700E-22  4.62652797472454905E-25
  650.000000 -2.60757866624332853E-13 -5.93493993847843099E-13  2.76139566581982562E-13  5.62840441214208823E-14  3.03375988676494477E-16  9.11888854852647226E-18  2.14645174280037847E-20  1.77887380106232192E-22  4.76992774749621670E-25
  652.000000  1.46228819376882138E-13 -1.99050627819087571E-13  2.86135277489938376E-13  5.88339746288188537E-14  3.01702306569865378E-16  8.47114016192129364E-18  2.14114296372091509E-20  2.18570183266739809E-22  4.80875523994155901E-25
  654.000000 -2.11285720573591457E-13 -5.34063120731359021E-13  2.67031560365679510E-13  5.54142642360418901E-14  3.22910326522523532E-16  8.65052062623183834E-18  1.45485124377461623E-20  1.59925805292732514E-22  4.59164351756374183E-25
  656.000000  2.93582824753391958E-14 -2.01500458648130498E-13  1.88906679982622358E-13  4.17168918294957702E-14  2.28549205925156182E-16  6.60569979289005845E-18  1.42466678771847626E-20  1.58706277206220898E-22  2.59384808210585856E-25
  658.000000  5.65980052963411141E-14 -2.02730992940700230E-13  2.12234008234795556E-13  4.68551448528311053E-14  2.34069495633641298E-16  5.75990120381516863E-18  1.56238578873155120E-20  1.28453325562096461E-22  2.66010550094951593E-25
  660.000000  1.58946441833725379E-13 -1.35976848767979193E-13  2.44333400129962599E-13  5.03273688311172990E-14  2.55464927742880820E-16  7.04311618681990599E-18  1.34394905301758940E-20  1.56937513644666616E-22  2.66905462866548158E-25
  662.000000  1.53754105495888227E-13 -1.36802199521290794E-13  2.41541383529779075E-13  4.87625027590538490E-14  2.45534648417538929E-16  6.86570715885918442E-18  1.82191976639857352E-20  1.53410939683227796E-22  1.61115313592958027E-25
  664.000000 -3.89817103344047102E-14 -3.44075118884337477E-13  2.54830634923712408E-13  4.99984157128802870E-14  2.57783330340896145E-16  6.55450868579353397E-18  1.99316743711063537E-20  1.42322609525396431E-22  3.16357218705102132E-25
  666.000000  1.26512003744255864E-13 -6.92301964326558641E-14  1.59013107431256447E-13  3.65081114000333653E-14  2.15763360921782850E-16  5.21169531908299634E-18  6.17354298795275307E-21  1.15602816231654437E-22  2.35256020487765237E-25
  668.000000 -3.64279991333679245E-15 -2.78586470912042073E-13  2.27439736018034330E-13  4.72699212118821371E-14  2.28219774735874311E-16  5.77855657800380263E-18  1.53077782912277452E-20  1.29346875292501379E-22  3.49748653713330056E-25
  670.000000 -2.34408779180274616E-13 -4.90450013640520004E-13  2.13477126472994198E-13  4.23533145149946842E-14  2.04999193715928679E-16  5.77980125698429907E-18  1.43392264972712657E-20  1.37896784965581539E-22  1.60303419445028223E-25
  672.000000  9.99688940904870152E-14 -2.11449618712255901E-13  2.61008123097940887E-13  5.01779856905060340E-14  2.25583686955239220E-16  6.80582488206733360E-18  1.43675243158033142E-20  1.34682719640128678E-22  2.51658684180020928E-25
  674.000000  1.06416299261057165E-13 -1.41806746902944249E-13  2.09386524723878607E-13  3.86367992050014116E-14  1.94741931476821627E-16  4.96997637623138521E-18  1.02352564083209072E-20  9.18284093085242678E-23  1.83508701778824844E-25
  676.000000 -1.10144436743719603E-13 -3.56623946525459550E-13  2.05058769252139257E-13  4.12346438170062649E-14  1.80390683400253054E-16  5.69247560975063240E-18  1.34513432479287612E-20  1.01974882261496973E-22  2.66319778886453652E-25
  678.000000 -1.86328064290281143E-13 -4.30484722789667785E-13  2.06273929670049170E-13  3.76954395932358841E-14  1.82828136967657797E-16  4.45181723856969835E-18  9.17940071368444258E-21  1.02318160821323413E-22  1.76516976165812488E-25
  680.000000  3.48249212825271565E-13  7.21713669310302793E-14  2.31173909700956365E-13  4.46842252287824185E-14  2.14192670716634968E-16  5.50193657307551661E-18  1.62659872298215781E-20  9.10419529949094797E-23  1.83585408999738602E-25
  682.000000 -5.31004934639348935E-14 -2.17789586110046687E-13  1.31581208274819869E-13  3.29661971162668330E-14  1.37636088430650339E-16  4.04150234514044899E-18  9.57537757010365566E-21  8.86731304932232646E-23  1.98594304029522016E-25
  684.000000 -5.14552658963533468E-13 -7.30229391152338103E-13  1.80275380940733456E-13  3.52278632059819306E-14  1.68807606139494651E-16  4.66588680336061918E-18  1.44601822173004846E-20  8.87290722475448655E-23  2.35043212762781990E-25
  686.000000 -3.76424594201279734E-13 -5.87604785333479859E-13  1.80183498627649098E-13  3.08435129020259206E-14  1.49062035464006090E-16  4.10656100990477261E-18  1.09364412556390852E-20  6.94082441397637934E-23  2.01713534348071337E-25
  688.000000 -2.81104313717897334E-13 -5.17156541003916890E-13  1.98551171992575229E-13  3.73004927035470207E-14  1.95870424541866971E-16  4.67658252840518743E-18  1.55070737308633345E-20  7.55585500310065701E-23  1.94754766434411390E-25
  690.000000 -3.86632437574577757E-13 -5.94477297506289422E-13  1.76485447697179674E-13  3.12042526767217340E-14  1.51088905129839066E-16  4.06600653462688426E-18  4.58491511640507643E-21  6.10961566219072763E-23  1.34508485718256342E-25
  692.000000 -3.47505020690232606E-13 -5.23187470109053271E-13  1.45978646793820661E-13  2.95606759757486871E-14  1.39706126814398683E-16  3.41246470471394754E-18  8.00492495598286533E-21  5.26478802514328176E-23  1.59386550400069341E-25
  694.000000 -2.81401745593852167E-13 -4.51042324608914917E-13  1.42125315827288289E-13  2.73826150844930442E-14  1.29044244177507856E-16  3.59576409557118239E-18  8.05126306446039592E-21  4.36543093296362335E-23  9.09375754132068434E-26
  696.000000 -3.26428623943489588E-13 -5.29253361122045452E-13  1.72479890008523732E-13  3.01987478653622488E-14  1.42479575235797577E-16  3.60975897532495766E-18  9.90212148691230030E-21  6.82146146876180635E-23  1.22621485969386522E-25
  698.000000 -5.23805895239440999E-13 -6.84384965156555156E-13  1.34263022678282523E-13  2.62139640516779487E-14  9.93524553791131566E-17  2.72403401837805695E-18  6.64826054168157418E-21  4.94497574827555546E-23  4.59268945152340676E-26
  700.000000 -2.78812640041001057E-13 -4.58875040608194485E-13  1.50568372699563793E-13  2.93518702732780596E-14  1.38724696991727483E-16  3.42572324491598330E-18  7.11822639697253526E-21  5.57502585324175940E-23  1.38231753101447742E-25
  702.000000 -4.31482528252213252E-14 -2.30750464808041376E-13  1.58640944555528471E-13  2.88438081010051720E-14  1.14431611728841329E-16  3.02125128723182863E-18  6.40679917492878987E-21  5.63491083093677995E-23  1.22080443713192825E-25
  704.000000 -4.28108213497031537E-13 -6.18845747281825441E-13  1.59546169221095612E-13  3.10480471353552555E-14  1.40019563238728608E-16  3.28747196355418536E-18  1.03336860048278278E-20  5.93089413267283404E-23  1.45793452392077155E-25
  706.000000  5.04508492898883784E-14 -1.55591727714684322E-13  1.75648473865405358E-13  3.02370642726779106E-14  1.53874036445739402E-16  3.15547498195894615E-18  9.31474449779796520E-21  4.02241754299202671E-23  9.30731301947672737E-26
  708.000000 -2.49462271814182664E-13 -4.69423547664134506E-13  1.87647173350116246E-13  3.21659039008139017E-14  1.44898180892268668E-16  3.29229260137556930E-18  8.06059377273309836E-21  6.48590326963825862E-23  7.51867129404291118E-26
  710.000000 -8.02816115656921109E-14 -2.36039702010806902E-13  1.32772332381078895E-13  2.28970804684962442E-14  8.62902505596249740E-17  2.38236126545051584E-18  4.93699527127609816E-21  4.66564372227506917E-23  6.28936108555340919E-26
  712.000000  4.94918210293785680E-14 -1.18685688054122665E-13  1.42793718440116344E-13  2.52670703083972095E-14  1.13942075705035687E-16  2.77073549158561537E-18  7.48411764266393687E-21  3.96154496373701677E-23  5.79777367713129863E-26
  714.000000 -5.62885671032487529E-13 -7.55904854393878313E-13  1.64110922335513062E-13  2.87893450403918501E-14  1.16100755713877818E-16  2.81003667322192015E-18  5.14562029263837236E-21  4.74007269869224470E-23  7.77738848537514183E-26
  716.000000 -2.85496311467236618E-13 -4.40084263775234639E-13  1.35025853658310625E-13  1.94568504403468422E-14  1.03169168060323055E-16  2.07463887325446249E-18  4.36873936582409711E-21  3.36213617239261196E-23  4.62296566419227291E-26
  718.000000 -2.06633158689225600E-13 -3.62083310869130878E-13  1.32638157280185093E-13  2.27087840367141544E-14  1.00983860673645069E-16  2.22293025371554353E-18  4.04191277507356178E-21  3.01138308759916488E-23  5.20625896898729793E-26
  720.000000  1.76603886556131332E-13  4.04559219474979439E-14  1.17575023159915897E-13  1.84896205775674188E-14  8.11760518813473505E-17  2.13887707992974993E-18  5.91536960169410102E-21  2.67679599499431366E-23  5.12391415493703194E-26
  722.000000  3.39471963092516974E-14 -1.22042967687960173E-13  1.34120136365414547E-13  2.17706856422533097E-14  9.68358508266285524E-17  2.50236874131311774E-18  3.73188167725505799E-21  3.79981210594557485E-23  9.62555859968260441E-26
  724.000000  3.05496480384022349E-14 -1.22720042492775948E-13  1.28472544484624823E-13  2.46878210483514096E-14  1.07360063215929479E-16  1.96033545661353795E-18  4.57167783725172031E-21  2.77544894742007146E-23  9.70802559942928799E-26
  726.000000 -1.29092840477388834E-13 -2.87930977266195961E-13  1.36253051742039158E-13  2.24946075989215586E-14  8.78695609332873385E-17  2.60372415488702984E-18  4.12769652908835739E-21  3.50159870869589483E-23  4.57033335063034645E-26
  728.000000 -8.74774187365196254E-14 -2.48159621960911480E-13  1.36358542275396678E-13  2.42343380821202589E-14  8.70921524826196890E-17  2.22734827241980559E-18  3.33193182008012540E-21  3.40994873882613079E-23  8.85680933849046143E-26
  730.000000  1.82390992875615881E-13  4.15875015544399233E-14  1.22163285816167271E-13  1.85600470804482872E-14  7.85286455896292158E-17  1.62857702501219683E-18  1.18130706009493923E-21  2.05949569102745396E-23  4.37335517493203575E-26
  732.000000  4.48336857161418917E-14 -8.36313808703554718E-14  1.11072927718440867E-13  1.73143093208157812E-14  7.60882733824912230E-17  1.73720933397524831E-18  4.04773123991329757E-21  1.67717366656810380E-23  2.12811018756980662E-26
  734.000000 -8.87152066606474351E-14 -2.10222518178493475E-13  1.04454313719938947E-13  1.69984614308391219E-14  5.30881145607615183E-17  1.44473650133492329E-18  3.49231452495686483E-21  2.36700977898158188E-23  2.12481788330554600E-26
  736.000000 -1.78706347821472779E-13 -3.38191529248022404E-13  1.39371899748696736E-13  2.00223256451771084E-14  8.90167828297178160E-17  1.93640731444288193E-18  2.82484598266258908E-21  1.76283738437880718E-23  5.72588734319128464E-26
  738.000000 -4.13620996886209629E-14 -1.70016011984360135E-13  1.11573007864736342E-13  1.70182043246063619E-14  6.08835339547416940E-17  1.81267345808162807E-18  3.88179793376855427E-21  1.71444529121490000E-23  4.12619940657123187E-26
  740.000000  2.23362719451102943E-13  1.28204067467881234E-13  8.14630012035495238E-14  1.36467220253897003E-14  4.78463411990142030E-17  1.08000684989256935E-18  2.38549935751164057E-21  2.07355302924996783E-23 -1.29050497515117773E-27
  742.000000 -1.62105537431792538E-13 -3.00761997449297468E-13  1.20841873975164181E-13  1.77486502401022365E-14  6.42496942793299097E-17  1.68383984329796768E-18  2.24085150248778960E-21  2.72076042586342683E-23  5.68033535387358545E-26
  744.000000 -1.24314357059251198E-13 -2.59187606610303558E-13  1.16094448794198472E-13  1.86881689011009898E-14  8.91497899221892180E-17  1.47922118502477206E-18  2.82875705972732479E-21  1.58724701684699897E-23  1.61527061922906338E-26
  746.000000  2.14056827956638918E-13  8.68609871085407611E-14  1.09933436809246906E-13  1.71770995014448278E-14  8.37483005206439110E-17  1.55319548443330686E-18  3.02600096820746828E-21  1.53654236715839731E-23  3.49480685814364759E-26
  748.000000 -1.89324748275503245E-13 -3.05645738952913290E-13  9.89255181878848826E-14  1.73119656828798538E-14  8.18660630882028247E-17  1.63831023378762956E-18  2.41956560043596024E-21  1.37105275661521021E-23  4.71966420619317603E-26
  750.000000 -1.59069723583509232E-13 -2.63384908512356433E-13  9.05385623011225255E-14  1.37179639850185653E-14  5.76047315777146743E-17  1.05052233504962047E-18  3.37793461758541732E-21  1.08395098415568365E-23  1.92214777274959717E-26
  752.000000  1.24102300040650153E-13  0.00000000000000000E+00  1.08261108475135858E-13  1.57737124609473423E-14  6.62456866182417540E-17  1.23105866174305664E-18  2.33762224180810471E-21  2.16442787413293323E-23  2.04608424297597797E-26
  754.000000 -1.81548983561848457E-15 -1.33100919686942955E-13  1.14383602855966597E-13  1.68325870111905384E-14  6.75293820127998846E-17  1.70833258068094930E-18  2.24677302811838776E-21  2.27784370397419160E-23  2.23824876802158445E-26
  756.000000 -2.01280805062095093E-13 -3.12218577629815418E-13  9.54775561055462306E-14  1.53974982131891408E-14  6.14225695606577001E-17  1.29337258012724946E-18  2.28726643413594165E-21  1.95628944002209450E-23  1.48556680114430543E-26
  758.000000 -1.01503684259666974E-13 -2.24194794925175650E-13  1.06492527589458441E-13  1.61358949081889113E-14  6.12348454156592433E-17  1.45122735076392150E-18  2.07492688164946899E-21  2.01355178422646507E-23  3.25171090154451864E-26
  760.000000  4.14174879426559665E-15 -9.01517766854738127E-14  8.02914261105001140E-14  1.39541568404761715E-14  4.66846606638071805E-17  1.25604735614237220E-18  1.80514827253081550E-21  1.55683379472560232E-23  2.65635086508506077E-26
  762.000000 -1.15988025259020536E-13 -2.26567210101109171E-13  9.69990868245373642E-14  1.35188052120876661E-14  5.99814009895972341E-17  1.30858198754772414E-18  2.80375760441505157E-21  1.87207033720240067E-23  8.14990031825050989E-27
  764.000000 -1.46826635576592292E-13 -2.73309720104939426E-13  1.10320329729858351E-13  1.61032094202454542E-14  5.82114895090450977E-17  1.33107195577469021E-18  2.79463172764717365E-21  2.21023485931535666E-23  4.44228465383424227E-26
  766.000000 -7.31191236186327701E-14 -1.83161689338164391E-13  9.62314344374340290E-14  1.37505418631556519E-14  5.93900436162718745E-17  1.19680763445474331E-18  2.55207585783926192E-21  1.55860703295748018E-23  2.92824467614756998E-26
  768.000000 -2.38157878626110799E-14 -1.38089546914126351E-13  1.01049902819972672E-13  1.31706501451298902E-14  5.21502118854465824E-17  1.05353963404942590E-18  2.31892535723311912E-21  1.59501473336550117E-23  1.77124377981105258E-26
  770.000000  1.54826177444440960E-13  4.62698999279929157E-14  9.32627670423607187E-14  1.52274963630211050E-14  6.49540831508689601E-17  1.05834448917909156E-18  1.67386273418364569E-21  9.54214538857958713E-24  2.12979639592723730E-26
  772.000000 -2.14890393488644204E-13 -3.25574026430754824E-13  9.59280613590616815E-14  1.46935264439661254E-14  6.09450629528395983E-17  1.09711647851102022E-18  2.94821897973216673E-21  1.14160152254823586E-23  1.64412562953840722E-26
  774.000000 -2.63389958746166449E-14 -1.40255624401731953E-13  1.00078231994985827E-13  1.37881505759515143E-14  4.92230127142308836E-17  1.02060283098885087E-18  2.32808692915678820E-21  1.25116813797557155E-23  3.41431141624101816E-26
  776.000000  1.20567382136641073E-13  4.69937987165442224E-14  6.24136389204102996E-14  1.11289025280878652E-14  3.02065089559085923E-17  8.34012244215669748E-19  1.44018762653347413E-21  1.01829505585707567E-23  2.79859176183831190E-26
  778.000000  3.84829743277358838E-14 -4.72363469522942527E-14  7.41758260735245624E-14  1.15092466451146645E-14  3.34256834398291942E-17  8.20719905888663236E-19  2.15012250216061408E-21  7.91023229120690265E-24  1.24499397085860505E-26
  780.000000  4.09822783821259889E-14 -4.74795195078274547E-14  7.67832854540647121E-14  1.16380462856100503E-14  3.96199985211839893E-17  8.44047468495937467E-19  2.09209953128740782E-21  1.21774287446963560E-23  1.20396162546085772E-26
  782.000000  1.42952173799088145E-13  4.77233163831437843E-14  8.31429652612583142E-14  1.20240386980967743E-14  6.09412390108390119E-17  9.10250022566676818E-19  1.95978207678463877E-21  7.75305797009337594E-24  2.07165581420745355E-26
  784.000000  1.36166215725124777E-13  4.79677375782432478E-14  7.64485817653251724E-14  1.17108734321882926E-14  3.82433210519898913E-17  7.77675188856253820E-19  1.94748263810904838E-21  5.62235271026665803E-24  2.22179387306321396E-26
  786.000000 -5.75100640428344660E-14 -1.44638349279377567E-13  7.53324735830091499E-14  1.17471575993504892E-14  4.78644439696731756E-17  7.87395391912250848E-19  2.20439054069868080E-21  1.04142018104697776E-23  1.71393267871732259E-26
  788.000000  2.44068109855413220E-13  1.45375358783374823E-13  8.59380376141304277E-14  1.27061470811641076E-14  4.77848437569966539E-17  7.79854195744021813E-19  1.66841636567776641E-21  1.03570859555757385E-23  1.76355384403971019E-26
  790.000000  1.49187727840594080E-13  4.87047470822404854E-14  8.82773540865608744E-14  1.21524051557738716E-14  5.23009731431987663E-17  9.18808725567407207E-19  1.72509105174938078E-21  9.03652872218759383E-24  2.24944227536072938E-26
  792.000000  5.83620408912629540E-14 -4.89516655564725159E-14  9.48438520156654936E-14  1.24291338326981001E-14  3.97747221509118891E-17  9.44620473617790763E-19  1.24659585306401866E-21  1.01230261460868306E-23  2.84562285794642907E-26
  794.000000  5.13517923546617303E-14 -4.91992083504876802E-14  8.95579339504971025E-14  1.09545112342882719E-14  3.76767771772781414E-17  8.77551025085654197E-19  1.18273735562987930E-21  9.41912126816319636E-24  5.18909892088396068E-27
  796.000000  1.34129900107009674E-13  4.94473754642859910E-14  7.49436784380584501E-14  9.70597897297019875E-15  3.22080206318925205E-17  6.57983217978587579E-19  1.22180271920453545E-21  6.02626488418020279E-24  1.61508782587837403E-26
  798.000000 -1.59905378382120596E-13 -2.48480834489337216E-13  7.88150146895866482E-14  9.73054830373283362E-15  2.92420720825044730E-17  6.49445330641116859E-19  1.58953734850383824E-21  6.93795447552716077E-24  8.70643017290393628E-27
  800.000000 -1.20182612954900180E-13 -1.99782330604928107E-13  7.10163753322205402E-14  8.56000952665158219E-15  2.27680096695794182E-17  5.63395113751033575E-19  1.38020057718225319E-21  6.15512039916387888E-24  1.67904828116605751E-26
  802.000000  9.00292304306932483E-14  0.00000000000000000E+00  8.03914270195144504E-14  9.60775591208831331E-15  2.94402198557792177E-17  6.05484196474930888E-19  1.78958399446463443E-21  5.44693215151943158E-24  7.30041202700454120E-27
  804.000000  2.16148919716846883E-14 -5.04462871173106234E-14  6.38460821328462582E-14  8.17781607565777662E-15  3.66593082269579813E-17  6.21286873556036213E-19  2.81890595987312242E-22  3.49839810286988285E-24  1.76980949107787363E-27
  806.000000 -1.64280457102140443E-13 -2.53487879150123207E-13  7.96110370455855680E-14  9.55530481952612849E-15  4.04197439135557169E-17  6.58754797634206498E-19  1.67542304130599891E-21  8.73192532054501206E-24  4.91373427498181933E-27
  808.000000  8.70185250813283645E-14  0.00000000000000000E+00  7.80164048207365110E-14  8.96840367916948613E-15  3.30892581132672747E-17  6.26725003957923481E-19  5.90905876356262511E-22  7.38516499719881898E-24  1.41073847296368357E-26
  810.000000 -8.67423798192493031E-14 -1.53606078644406287E-13  5.96023586406680684E-14  7.23778642050058931E-15  2.30966171260847018E-17  4.55874363531831657E-19  1.26813900158730637E-21  4.35701583930715140E-24  2.69448468268775832E-27
  812.000000  1.16889531483372825E-13  2.57275939434327650E-14  8.20067056946919432E-14  9.12023105611923280E-15  3.44972582668938351E-17  5.02216042070044907E-19  1.30960140979918371E-21  5.20630205975411662E-24  1.22136957994143928E-26
  814.000000 -7.27571685003922839E-14 -1.55126921636136282E-13  7.43316499506486377E-14  8.00378160134362080E-15  3.37797614163568339E-17  5.40907675964473068E-19  9.11987100567771369E-22  2.66007994925044194E-24  1.22394907885918995E-26
  816.000000  7.83272708075924690E-14  0.00000000000000000E+00  7.06377253837459078E-14  7.66256934838048306E-15  2.63638690846079299E-17  6.11321506176514411E-19  8.78665777115052248E-22  6.19111536155721990E-24  1.84034116354137466E-26
  818.000000 -7.95517000679557625E-15 -7.83276282326319794E-14  6.36411979390134849E-14  6.70578327642650120E-15  2.49992811665733704E-17  4.76595484142373850E-19  1.12993859202759889E-21  3.80235829372098287E-24  4.75387545260539556E-27
  820.000000  7.13780062155789240E-14  0.00000000000000000E+00  6.39527822857836180E-14  7.39197824096497350E-15  3.28283262434536327E-17  4.16374898166898290E-19  9.83514650893055024E-22  4.16101434514451769E-24  1.30497761720482201E-26
  822.000000  5.81245185678392862E-14 -2.63651805219648968E-14  7.62118499463047807E-14  8.25199253641577157E-15  2.52946582842795245E-17  5.61020937343923336E-19  9.24629931366295284E-22  3.22517442346386698E-24  6.90215614338387851E-27
  824.000000  1.26494832772874810E-13  5.29872686346920732E-14  6.58201227571565546E-14  7.65831616985783865E-15  2.86519826086715753E-17  4.72163955026058272E-19  1.06021608186276864E-21  4.38242727019979685E-24  6.14749315044940293E-27
  826.000000  2.95359356139005173E-13  2.12979202180949871E-13  7.40435507582208510E-14  8.30650086631023902E-15  2.96290789777241319E-17  4.72078566617016380E-19  1.16996887406725105E-21  6.00480713511337491E-24  6.20692836822415625E-27
  828.000000 -9.29895573876221168E-14 -1.60508870326698127E-13  6.01908263725117913E-14  7.30179512635288436E-15  2.61755150087980065E-17  5.14628866294441801E-19  1.29242701583192150E-21  3.89893503928963514E-24  1.02762371081121239E-26
  830.000000  3.67117676472369841E-14 -2.68808686628388670E-14  5.67018323356757380E-14  6.86459683137926111E-15  2.57381364226248016E-17  4.68250147504488154E-19  7.50260458085175905E-22  6.18534592986018933E-24  4.92422028638241126E-27
  832.000000  1.27544424185802129E-13  5.40211421955725805E-14  6.62603072242569883E-14  7.24062672494368882E-15  2.19984318900198858E-17  3.48957853641818672E-19  6.47755531378087550E-22  3.52214613589704616E-24  7.52392846740621665E-27
  834.000000  1.51582929591157152E-14 -5.42811713852505420E-14  6.23385327627486643E-14  7.07669568352631552E-15  2.38385004262045603E-17  3.97146569939822197E-19  2.47237136406815566E-22  3.85382367427257176E-24  4.16726986395285526E-27
  836.000000 -8.93451241174117622E-16 -8.18127373420675066E-14  7.28644691952788709E-14  8.02947275671658597E-15  2.49152508969944868E-17  4.28312148444548994E-19  5.80185936968107547E-22  5.66277794690625249E-24  3.77551632422842589E-27
  838.000000 -3.63290101195082965E-14 -1.09606205447911822E-13  6.57209083447440016E-14  7.53275069179374413E-15  2.30485613834996767E-17  4.86711401097144530E-19  1.01480615872764460E-21  4.26626054266180391E-24  8.76453015428807311E-27
  840.000000 -6.77883407120090564E-14 -1.37662512182458270E-13  6.32387165338167675E-14  6.61425351501655021E-15  2.07955760285390769E-17  4.04932795536775337E-19  9.09076305519550337E-22  3.71071355840068247E-24  4.80210996830803148E-27
  842.000000 -1.22241340109066776E-13 -1.93646359696278542E-13  6.50530739604685643E-14  6.33511040022004924E-15  1.63833603683729129E-17  4.51177232366751064E-19  6.86768678636147077E-22  2.14646662134181919E-24  7.24825610457688435E-27
  844.000000  7.71916877731684703E-14  0.00000000000000000E+00  6.99226548671280701E-14  7.24741803164720320E-15  2.12326700145914141E-17  3.81255320467216701E-19  9.43641217674260449E-22  5.41301906704085509E-24  3.89440928663937001E-27
  846.000000  1.89367283307229284E-13  1.11708914477528699E-13  6.98180715484554303E-14  7.81362402290331363E-15  2.62606119334324107E-17  4.11986654001300826E-19  6.57140170770304062E-22  2.60822825007636058E-24  6.00575609641032798E-27
  848.000000  9.81712599360207080E-15 -5.61188566669243173E-14  6.00647137763174382E-14  5.85028120038493243E-15  2.06583773359611376E-17  3.28431739746548623E-19  8.70943195117794379E-22  3.80246530920509172E-24  2.65416943313720544E-27
  850.000000  2.75390902619475886E-14 -2.81919402074337032E-14  4.97763944287501330E-14  5.93297179170113547E-15  2.12936560099482472E-17  3.69891574273189556E-19  6.99060417733082828E-22  2.27718982357392251E-24  8.19416750708750594E-27
  852.000000  4.53564012274110119E-15 -5.66495284825936485E-14  5.53218051587828582E-14  5.83645044425159142E-15  2.65533859722087661E-17  3.58972132015570235E-19  6.41351407968000516E-22  2.83856476002064828E-24  6.10068025298680505E-27
  854.000000  1.46106823073181748E-14 -5.69158008701030369E-14  6.51419127146101207E-14  6.36412031213554479E-15  2.00832808703786132E-17  3.66384178040690883E-19  4.82032135280314402E-22  3.58793517790128740E-24  7.06139674204077508E-27
  856.000000 -1.20728031627931729E-14 -8.57740463660933200E-14  6.74577135483338062E-14  6.22643630847617488E-15  1.67145698618619302E-17  3.77901291483267009E-19  8.73307597175540608E-22  2.02178613864930597E-24  7.43415760763645850E-27
  858.000000  8.01503633890641085E-15 -5.74502186044712029E-14  5.96943677687083603E-14  5.75764519949595423E-15  1.29575507163595583E-17  2.83788851907584129E-19  6.33696118925424158E-22  1.90714943443090210E-24  1.76518222247816821E-27
  860.000000 -2.89090460804115532E-14 -8.65775459269950462E-14  5.20818049717079587E-14  5.57314769110132464E-15  1.33207741510599774E-17  2.25983561995803794E-19  4.23735976996918919E-22  2.31960276059853252E-24  5.57658433082918825E-27
  862.000000  3.06455935988137855E-14 -2.89935668089859837E-14  5.34568888040679082E-14  6.15830154390083160E-15  2.36687595257682822E-17  3.00698317573282803E-19  5.99536847375116232E-22  2.44412260472735232E-24  6.71791221877368622E-27
  864.000000 -7.64728519533708537E-14 -1.45641319010992601E-13  6.30353833844452345E-14  6.11579757565691538E-15  1.69173361354245153E-17  3.68287143650136059E-19  4.72193436517396891E-22  2.04153987329566295E-24  5.53964828377729472E-27
  866.000000 -9.43077662251165068E-14 -1.46316364776513175E-13  4.70955799124401787E-14  4.90102667171328252E-15  1.16932977373807939E-17  2.98044786825021352E-19  6.22573207665881678E-22  2.14581758156898528E-24 -2.11176936170639620E-29
  868.000000 -6.36489518891776944E-16 -5.87971885365966307E-14  5.25959225581274525E-14  5.54094599002106907E-15  2.35227781210921158E-17  3.07089307637171725E-19  6.00639415682101880E-22  1.48395154782570577E-24  4.23327781340164976E-27
  870.000000 -1.85037948722371275E-14 -5.90684554823711532E-14  3.69177846764819676E-14  3.63409442909119422E-15  1.25338853309894393E-17  2.47332990028653950E-19  2.84514080917358684E-22  1.72415479313472060E-24  1.60832888196921497E-27
  872.000000  6.26370964784841667E-14  0.00000000000000000E+00  5.77177591415401108E-14  4.90398129252292334E-15  1.51381900358876711E-17  2.17080937722571441E-19  7.71551273927243410E-22  1.89400024617964467E-24  2.25148383282743458E-27
  874.000000  2.11669156747196771E-14 -2.98064311666347873E-14  4.65725486978668531E-14  4.38800732262714246E-15  1.26209787731035666E-17  1.69887541550961231E-19 -4.72777318960753030E-23  1.82306620986872952E-24  4.78176310056835554E-28
  876.000000  2.21878889690975537E-14 -2.99430011191967367E-14  4.70198689449886234E-14  5.09528119630862402E-15  1.54772821489378260E-17  2.62357065947170261E-19  3.05881065806550156E-22  1.89694871706619551E-24  4.14212879490606709E-27
  878.000000  2.25091065691071373E-14 -3.00798832316502783E-14  4.74698157249480956E-14  5.10388643701097215E-15  1.50173367231072614E-17  2.69831563613615450E-19  4.69016884493078031E-22  1.49269328978963888E-24  2.04880649808030724E-27
  880.000000 -5.04795172048992443E-15 -6.04341550079907736E-14  4.98109636979923976E-14  5.56242100537415040E-15  1.25643213193340198E-17  2.53952022079429023E-19  3.08680877901566591E-22  2.10926436778358562E-24  2.74755623539093804E-27
  882.000000 -1.20370836560546608E-13 -1.82127503617392311E-13  5.64405545064314647E-14  5.29871277207175696E-15  1.71663935415130662E-17  2.32717893051972827E-19  6.65226302341986817E-22  1.67973368331342401E-24  1.85520470729014145E-27
  884.000000  2.29500181272930846E-14 -3.04924025283603047E-14  4.88354884243270517E-14  4.58577147399168676E-15  2.09083913973723015E-17  2.51949387818214140E-19  4.15546455301365120E-22  1.00010971998835297E-24  2.89615557791525388E-27
  886.000000  2.80271171938391792E-14 -3.06305332803801077E-14  5.38427342819181571E-14  4.79349898259854695E-15  2.12221931726418946E-17  1.94553506534725736E-19  4.61333576025112572E-22  1.68716876195778249E-24  2.65762542624082308E-27
  888.000000  2.50385214185445116E-14 -3.07689761922914902E-14  5.12014994449850585E-14  4.58980577477785628E-15  1.60215959558402567E-17  1.70330325595085156E-19  4.63194823109741912E-22  1.59597509397519761E-24  8.52302624029990969E-28
  890.000000 -9.96065408440356884E-14 -1.54538656320472237E-13  4.99835966536527350E-14  4.93497466960882966E-15  1.33231110871989146E-17  2.20723900322873356E-19  3.17085513105653564E-22  1.10069854809780569E-24  1.23188964849084766E-27
  892.000000 -1.23742641869529780E-13 -1.86280790974733813E-13  5.72425347266109088E-14  5.27553021315164123E-15  1.98377180024896705E-17  2.45889624960896917E-19  5.55928062372088951E-22  1.88304818465251333E-24  2.91520472515277805E-27
  894.000000 -7.59724140092757400E-14 -1.24744711549500284E-13  4.48301307131016623E-14  3.92872748776502364E-15  1.32200775823003950E-17  2.18994711777947872E-19  2.66391528128430479E-22  6.70091551536857915E-25  2.15358871246654706E-27
  896.000000 -1.11575288025438207E-14 -6.26517388777054554E-14  4.74782708682611681E-14  4.00750868797822972E-15  8.29022290161288458E-18  1.40270944928754033E-19  2.37042726195117839E-23  1.36755418958721842E-24  3.87000001135044655E-27
  898.000000 -6.11662907995540128E-15 -6.29317463004439403E-14  5.21153524050551408E-14  4.68607974161020539E-15  1.34286672923320121E-17  2.56241853186433130E-19  1.63695216924015470E-22  9.80168038399917747E-25  2.29167937810199762E-27
  900.000000 -4.02545571370218501E-14 -9.48185670644482756E-14  4.98785170495274833E-14  4.66839461865162852E-15  1.68644549918361712E-17  2.33600582996837043E-19  2.01449595499572020E-22  2.22060234765153210E-24  2.29137169583151690E-27
