# Wavelength | Total | n= 1 | ...
  300.000000 -3.19702418276024665E-12 -3.34323243871684476E-12  1.82613536568567154E-13 -3.68738871917299095E-14  4.93846703460668431E-16 -2.57211824719098110E-17  4.82272171348309014E-19 -1.25591711288622139E-21  4.25180272591689494E-23
  302.000000 -3.19502903180304336E-12 -3.33101699783991877E-12  1.70821384504611199E-13 -3.55877884384606707E-14  7.78482872091327113E-16 -2.43275897528539723E-17  2.17210622793339045E-19 -2.54543698585944175E-21  2.32005975273647044E-23
  304.000000 -4.42067119201987750E-12 -4.58692239775690850E-12  2.16364264045137196E-13 -5.13865127107200856E-14  1.29593178985368623E-15 -2.28900995490460901E-17  4.12682083215975181E-19 -0.00000000000000000E+00  3.02257385167950572E-23
  306.000000 -4.62620774725737630E-12 -4.79362219155903381E-12  2.19220527053004573E-13 -5.29782940378094434E-14  1.19886225732111880E-15 -2.67603182437749722E-17  1.11501326015729056E-19 -2.17776027374470803E-21  2.38192529940827458E-23
  308.000000 -4.76789601542838661E-12 -4.97493964025779875E-12  2.51708255608281518E-13 -4.53445019294330626E-14  6.94048498919893799E-16 -1.44593437274977885E-17  2.82409057177691194E-19 -4.41264151840142472E-22  2.75790094900089045E-23
  310.000000 -4.77349228142318730E-12 -4.91976475510298297E-12  1.94990676269325534E-13 -4.96851242417031458E-14  9.96046122769992173E-16 -2.92954741991174194E-17  1.71653169135453617E-19 -6.70520191935365692E-22  2.09537559979801779E-23
  312.000000 -5.36408727728503844E-12 -5.50002753978673246E-12  1.97514801152562212E-13 -6.26729657503322465E-14  1.12763858831090205E-15 -2.96746996923921592E-17  4.63667182693627488E-19 -4.52799983099245593E-22 -3.53749986796285620E-24
  314.000000 -5.39790634644599213E-12 -5.50921128379672739E-12  1.69277441680905037E-13 -5.96318260466824471E-14  1.68315638034990791E-15 -2.44207956970410731E-17  5.87038358101948910E-19 -9.17247434534295171E-22  1.07489933734487715E-23
  316.000000 -5.19122002389630699E-12 -5.33024752068039823E-12  1.87026228795803446E-13 -4.87047470822404791E-14  7.30571206233607211E-16 -2.47328793777002426E-17  1.78362110896876760E-19 -1.62569632327882464E-21  7.25757287178046714E-24
  318.000000 -5.83212672925752672E-12 -6.06083652002782568E-12  2.68318283438731845E-13 -4.04450353712794344E-14  8.63156242679744022E-16 -2.69736325837420007E-17  3.61254007817973237E-19 -1.17595705669913151E-21  1.46994632087391444E-23
  320.000000 -6.17061654263136387E-12 -6.32910423356412297E-12  2.07773623829125242E-13 -4.99455826512320332E-14  6.86751761454440448E-16 -2.73139905123925184E-17  2.13390550878066550E-19 -1.42895458177276699E-21  2.23274153401994843E-23
  322.000000 -6.18469953804052681E-12 -6.34373329472266843E-12  2.26561903382952451E-13 -6.87777206698248539E-14  1.26429633584236867E-15 -1.48159726856527571E-17  9.25998292853297272E-20  9.64581555055518054E-22  4.14468636937917936E-23
  324.000000 -5.92249240264686640E-12 -5.96401201350014951E-12  8.19232419436833616E-14 -4.09616209718416808E-14  5.76022794916523656E-16 -1.80007123411413642E-17 -3.12512367033704254E-20 -9.76601146980325793E-22  2.67039376127432849E-23
  326.000000 -6.53260093564986676E-12 -6.70137113657594757E-12  2.32225732455602132E-13 -6.42767652332470228E-14  8.42336641161503326E-16 -2.12609007985475600E-17  1.58191226179669341E-19 -2.47173790905733354E-22  1.93104524145104176E-23
  328.000000 -8.93538428978183133E-12 -9.13468745871524912E-12  2.68667278197507348E-13 -7.03152642157538783E-14  9.83888958242824846E-16 -3.27962986080941587E-17  6.40552707189339036E-20 -1.75151130872084888E-21 -1.17288703708985412E-23
  330.000000 -7.13614931844149339E-12 -7.13878456031890790E-12  6.79884243839895967E-14 -6.58637861219899265E-14  5.31159565499918724E-16 -2.07484205273405752E-17  1.94516442443817892E-19 -2.02621294212310304E-21 -1.97872357629209281E-23
  332.000000 -7.59924894032182947E-12 -7.77609768678602624E-12  2.23648827274819350E-13 -4.73103288465963981E-14  5.37617373256777269E-16 -2.73008822356957214E-17 -6.56271207588839439E-20 -2.81991534510829437E-21 -8.01112313951220019E-24
  334.000000 -8.07203606303144229E-12 -8.14865427417723000E-12  1.39293235456021036E-13 -6.31172473160095348E-14  4.76099925875071864E-16 -3.40071375625051358E-17  1.32840381103535687E-19 -2.59453869342843129E-21 -2.83777669593734660E-23
  336.000000 -8.88627426959841841E-12 -9.09233360462700353E-12  2.64312023390319876E-13 -5.94702052628219658E-14  1.23896260964212442E-15 -2.15097675285091024E-17  6.72180235265909475E-20 -3.15084485280895085E-21 -8.20532513752330903E-24
  338.000000 -9.23867698535730116E-12 -9.27222260966194871E-12  1.06987183957637875E-13 -7.35536889708760360E-14  1.39306229111507642E-16 -2.72082478733413353E-17  3.40103098416766703E-20 -2.65705545638098978E-21 -1.66065966023811867E-23
  340.000000 -1.12149156992722846E-11 -1.14030759751027837E-11  2.70642625991363541E-13 -8.34481430140037580E-14  9.86717907260179550E-16 -2.09237056227047025E-17 -0.00000000000000000E+00 -1.34429646527451061E-21 -4.20092645398284537E-24
  342.000000 -1.26918317989701241E-11 -1.28520372842811493E-11  2.37324552124509848E-13 -7.75868728099359196E-14  4.99180247858043566E-16 -3.11987654911277229E-17 -1.74100253856739545E-19 -1.36015823325577770E-21 -2.55029668735458301E-23
  344.000000 -1.26746845308500576E-11 -1.30027930309556256E-11  4.06337282217363300E-13 -7.84969749738088101E-14  2.88591819756650057E-16 -2.02916123266394575E-17 -1.05685480867913833E-19 -1.65133563856115365E-21 -8.60070645083934240E-24
  346.000000 -9.77483055271405934E-12 -9.86582086491357545E-12  1.49482134316872367E-13 -5.83914587175282718E-14 -7.29893233969103354E-17 -2.73709962738413742E-17 -0.00000000000000000E+00 -3.06275389620213976E-21 -1.74020107738757933E-23
  348.000000 -8.89801953776470004E-12 -8.92169951605733704E-12  9.45095287717938199E-14 -7.08821465788453712E-14  7.38355693529639267E-17 -2.07662538805211036E-17 -4.68682813275649961E-19 -4.50656551226586467E-21 -2.64056572984328008E-23
  350.000000 -1.03227658151504430E-11 -1.02482092402496752E-11 -0.00000000000000000E+00 -7.40891992648647209E-14 -4.48120156843939927E-16 -1.86716732018308282E-17 -5.83489787557213382E-19 -2.84907122830670597E-22 -3.11617165596045980E-23
  352.000000 -1.37720734906363618E-11 -1.36146064402001589E-11 -7.73557184102281801E-14 -7.97730846105478060E-14 -3.02170775039953829E-16 -3.54106376999945878E-17 -6.63949456874898597E-19 -2.01720755126922283E-21 -3.60215634155218397E-23
  354.000000 -1.22878702404246303E-11 -1.22050122392674951E-11 -0.00000000000000000E+00 -8.31270865655238082E-14  3.05614288843837536E-16 -3.58141744738872120E-17 -7.08822203129017686E-19 -5.82912995994257958E-21 -5.46480933744616930E-23
  356.000000 -1.00401043654469409E-11 -1.01278453806184685E-11  1.58247584072163570E-13 -6.92333180315715586E-14 -1.23630925056377789E-15 -3.62199975751106827E-17 -7.16854118674065537E-19 -4.71614551759253650E-21 -5.06617194272635743E-23
  358.000000 -1.22337911034328694E-11 -1.18422674615881315E-11 -3.20061282745625179E-13 -7.00134056006055062E-14 -1.40651930894073567E-15 -4.15118546041536536E-17 -9.15702675091624723E-19 -6.55776655339054226E-21 -7.45200744703470679E-23
  360.000000 -1.42471571716853569E-11 -1.40786608377292851E-11 -8.09118438949958879E-14 -8.59688341384331301E-14 -1.58030945107413839E-15 -3.45692692422467790E-17 -7.71635474157294134E-19 -5.42556192766847445E-21 -1.41290675199699859E-22
  362.000000 -1.69052091581887083E-11 -1.65262990556938277E-11 -2.86346765816477204E-13 -8.94833643176491198E-14 -3.03604271792023826E-15 -4.24446761551349109E-17 -1.48244273335949134E-18 -2.43822817986758434E-21 -8.57189594484697605E-23
  364.000000 -1.61355797377974587E-11 -1.57167760575243937E-11 -3.30879495947881956E-13 -8.27198739869704891E-14 -5.16999212418565557E-15 -3.28173328195378554E-17 -1.49886856627696915E-18 -1.84893326432191938E-21 -1.63707632778503275E-22
  366.000000 -1.58338010852438302E-11 -1.50536485566639837E-11 -6.69051046962843774E-13 -1.04539226087944337E-13 -6.53370163049652103E-15 -2.55222719941270353E-17 -3.03076979930258536E-18 -6.23102343606617091E-22 -2.33663378852481421E-22
  368.000000 -1.99735078420998699E-11 -1.87696298732652445E-11 -1.05684852890006999E-12 -1.37390308757009103E-13 -9.57768979315688376E-15 -5.67643252827186096E-17 -4.67660634431488465E-18 -0.00000000000000000E+00 -4.52762770740345274E-22
  370.000000 -1.74354760421568650E-11 -1.60682431226411123E-11 -1.19657129636689145E-12 -1.60255084334851529E-13 -1.03498075299591604E-14 -5.21663685985844781E-17 -4.56455725237614229E-18 -0.00000000000000000E+00 -3.58198026571090939E-22
  372.000000 -2.24036408071590637E-11 -2.03894250533438803E-11 -1.77111531183707426E-12 -2.26789155784015601E-13 -1.61992254131439724E-14 -1.05463707116822737E-16 -6.59148169480142105E-18 -5.14959507406361020E-21 -4.42543326677341549E-22
  374.000000 -2.43938340368932755E-11 -2.18318384966366630E-11 -2.27051120365021321E-12 -2.72897981207958307E-13 -1.84206137315371841E-14 -1.59901160864038051E-16 -5.82972982316805420E-18 -1.04102318270858114E-20 -3.65984712670985558E-22
  376.000000 -2.68434160440647405E-11 -2.47138734251520303E-11 -1.85354050688640227E-12 -2.64791500983771782E-13 -1.10329792076571571E-14 -1.72390300119643079E-16 -5.21884697627825740E-18 -2.23589714205469683E-20 -3.28808403243337782E-22
  378.000000 -3.18594956917813564E-11 -3.08650365314046098E-11 -7.13642463153863842E-13 -2.73191255426088516E-13 -7.49185203017972231E-15 -1.30671837735692830E-16 -2.89247557487861765E-18 -2.52559907732967541E-20 -1.97312427916380891E-22
  380.000000 -2.98435131183159559E-11 -2.92091756460935128E-11 -3.60607106741895251E-13 -2.70455330056421463E-13 -3.16939839909868863E-15 -1.04546127748047019E-16 -1.07469292504160180E-18 -1.61203938756240286E-20 -8.39603847688751414E-23
  382.000000 -2.77138186461402779E-11 -2.76953849706338607E-11  1.82206480069959609E-13 -1.99288337576518323E-13 -1.24555210985323944E-15 -1.05649509317908710E-16 -6.08179741139277070E-19 -8.14526439025817591E-21 -5.56805182927804994E-23
  384.000000 -3.46085975784415685E-11 -3.42462076347033347E-11 -1.38089546914126351E-13 -2.24395513735455327E-13  1.79804097544435361E-16 -8.42831707239540778E-17 -3.95077362768534711E-19 -8.91667659026206788E-21 -2.14343187265915109E-23
  386.000000 -2.81563167815047031E-11 -2.79063451226361276E-11 -9.30211504087870889E-14 -1.56973191314828201E-13  9.08409671960811415E-17 -6.81307253970608623E-17 -2.21779705068557474E-20 -5.19796183754431552E-21 -1.08290871615506579E-23
  388.000000 -2.72488308848432821E-11 -2.70684280607294717E-11 -0.00000000000000000E+00 -1.82100970026608863E-13  1.74391049924675822E-15 -4.58923815591252172E-17  1.34450336598999666E-19 -6.65249061297133719E-21 -2.73539910072834594E-24
  390.000000 -3.65042186771866873E-11 -3.64642709820114836E-11  1.89918078031309819E-13 -2.31462657600658838E-13  1.66920185769705888E-15 -7.24479972958792969E-17  1.35839994929773672E-19 -5.30624980194428444E-21 -0.00000000000000000E+00
  392.000000 -3.96322040685682214E-11 -3.95254157644724390E-11  9.59354751564864955E-14 -2.03862884707533801E-13  1.21793083694758250E-15 -7.90483956672709791E-17  2.28727996722427614E-19 -5.71819991806068990E-21  4.18813470561085704E-24
  394.000000 -5.41995341258199938E-11 -5.38857996557042677E-11 -9.69169058555832156E-14 -2.18063038175062248E-13  1.32503582224430168E-15 -7.98570696441878287E-17  3.00388282805104697E-19 -5.23513233254088704E-21  9.16712288833937675E-24
  396.000000 -4.59210481361912931E-11 -4.62103722853100539E-11  4.89516655564725197E-13 -2.01925620420449140E-13  1.81656571400972223E-15 -8.36576315662372113E-17  2.10077757839323347E-19 -4.19426079019482367E-21  8.54808584958184243E-24
  398.000000 -4.77521366714597540E-11 -4.74694804457145526E-11 -9.88947509285719820E-14 -1.85427657991072471E-13  1.73838429366630430E-15 -7.24326789027626791E-17  2.35783459969930612E-19 -4.23673404633469084E-21  1.29519722883873008E-23
  400.000000 -4.86458876606186959E-11 -4.83473240063925999E-11 -9.98911653024640537E-14 -1.99782330604928107E-13  1.17059959338825068E-15 -6.09687288223047249E-17  2.14343187265915029E-19 -3.53517409553158466E-21  8.72164661726542323E-24
  402.000000 -5.03813385165078805E-11 -5.04462871173106250E-11  3.02677722703863728E-13 -2.39619863807225485E-13  1.97055809051994627E-15 -8.00539224273728162E-17  2.40546641909173129E-19 -2.81890595987312242E-21  1.02772613120374265E-23
  404.000000 -6.05712485956153167E-11 -6.03241948132258130E-11 -0.00000000000000000E+00 -2.48378758204793776E-13  1.39315008608458055E-15 -6.84136202987963647E-17  2.42946094811066601E-19 -3.60623109485176993E-21  9.63836435712849733E-24
  406.000000 -5.30682280628914229E-11 -5.26901123961503028E-11 -2.05820751547462120E-13 -1.73661259118171158E-13  1.40697779378147934E-15 -4.08274806231232874E-17  1.96285964534246559E-19 -2.68359717136665218E-21  8.98525838627227292E-24
  408.000000 -4.83899373145060464E-11 -4.82220205286372021E-11 -0.00000000000000000E+00 -1.68880998618610906E-13  1.01490984746761350E-15 -5.07454923733806787E-17  4.95561448958795690E-20 -1.16147214599717735E-21 -0.00000000000000000E+00
  410.000000 -5.64416642948913023E-11 -5.54126261282359004E-11 -8.39585244367210569E-13 -1.90218531926946137E-13  8.19907465202354071E-16 -5.44469801110938243E-17  1.50129540747501368E-19 -9.77405864241545238E-22  1.52719666287741451E-24
  412.000000 -7.63410514877767725E-11 -7.54538705358015177E-11 -6.35847223616304929E-13 -2.51689526014787326E-13  4.13963036208531822E-16 -5.82135519668247921E-17  5.05325971934242947E-20 -2.36871549344176400E-21  7.71066241354740787E-24
  414.000000 -6.35553018604557555E-11 -6.24914535138611409E-11 -8.56047308409056643E-13 -2.07323957505318403E-13 -4.17991849809109689E-16 -5.87801038794060462E-17 -3.06146374371906523E-19 -2.59108259559556308E-21  1.08999868805101800E-23
  416.000000 -6.80865344061766065E-11 -6.56897089098162603E-11 -2.16084568782290332E-12 -2.36342497105630019E-13  4.22040173402910785E-16 -5.93493993847843307E-17 -0.00000000000000000E+00 -2.21368880626297900E-21  7.86111081769523779E-24
  418.000000 -6.47957293294979830E-11 -6.37048514770232324E-11 -8.72669198315386703E-13 -2.18167299578846676E-13 -0.00000000000000000E+00 -4.16121100576108343E-17  2.60075687860067714E-19 -2.53980163925847377E-21 -6.34950409814618399E-24
  420.000000 -7.79656445954101586E-11 -7.57694467052250359E-11 -1.98234017542739905E-12 -2.13376893882810345E-13 -4.30195350570182123E-16 -5.04135176449432171E-17 -2.10056323520596740E-19 -1.94876472016178619E-21 -1.60260256592252151E-24
  422.000000 -1.03717933370515167E-10 -1.02286855119913068E-10 -1.11181364260775058E-12 -3.19646422249728328E-13  4.34302204143652610E-16 -5.25912825330204341E-17  1.06030811558508938E-19 -2.69218857472776591E-21 -4.85370536309092429E-24
  424.000000 -7.76676670121860045E-11 -7.72195467736878656E-11 -2.24475426667697269E-13 -2.24475426667697269E-13  8.76857135420692457E-16 -4.62405130007005805E-17 -0.00000000000000000E+00 -1.77700177456757680E-21 -8.16636844929952582E-24
  426.000000 -1.17970495782131622E-10 -1.18737411699516277E-10  1.13299056965187297E-12 -3.68221935136858715E-13  2.21287220635131439E-15 -6.56946436260546460E-17  1.08050400700747773E-19 -2.74346720529242393E-21 -0.00000000000000000E+00
  428.000000 -1.00890434009173205E-10 -1.02471394058692820E-10  1.82984632247665749E-12 -2.50174301901105498E-13  1.34021947447020812E-15 -5.23523232214925080E-17  1.63601010067164078E-19 -1.81068826246210233E-21  2.49635330302679562E-24
  430.000000 -1.12990063226428046E-10 -1.14513234079438775E-10  1.84698764644256099E-12 -3.24665797226231436E-13  9.01849436739531731E-16 -5.28427404339569374E-17 -0.00000000000000000E+00 -2.90273842715827884E-21  8.39912739339779812E-25
  432.000000 -9.43747106035473945E-11 -9.69388619337166660E-11  2.79631332501105761E-12 -2.33026110417588151E-13  9.10258243818703715E-16 -4.62240514439185457E-17  8.33366312089877609E-20 -1.95320229396065083E-21 -0.00000000000000000E+00
  434.000000 -1.30395456780348177E-10 -1.32646457338561993E-10  2.58707629561025165E-12 -3.38083834085430645E-13  2.06708865948972540E-15 -5.92134772249660931E-17  2.24293474336992762E-19 -2.79271659941079853E-21  5.98928192275600143E-24
  436.000000 -1.68923508279613677E-10 -1.72799089729968613E-10  4.27250496585087217E-12 -4.00547340548519291E-13  3.70877167174554902E-15 -8.51134123886917938E-17  1.69774093860422459E-19 -2.98431024364023872E-21  3.45406278199101707E-24
  438.000000 -1.93776920972328380E-10 -1.97384263377744880E-10  4.07224815221075639E-12 -4.67859392487448989E-13  3.04108605116841877E-15 -8.77236360913966895E-17  2.85558711235015265E-19 -2.28670061731164554E-21  6.10019219557222552E-24
  440.000000 -1.77906900895449176E-10 -1.84686777704419802E-10  7.25209860095889273E-12 -4.75918970687927328E-13  3.77713468799942335E-15 -8.02272260390502547E-17  2.73763881957966002E-19 -2.53276617765387955E-21  6.59574525430697825E-24
  442.000000 -1.44302262058591900E-10 -1.48315045897944532E-10  4.39090596408388407E-12 -3.81155031604503815E-13  3.09688463178659354E-15 -6.42082450700946376E-17  2.32638569094545781E-19 -2.15826797499822761E-21  6.21211999382713460E-24
  444.000000 -2.17124128063967454E-10 -2.23505843060805397E-10  6.89225066707329402E-12 -5.15380351220882507E-13  4.92784384329668376E-15 -8.35705224949323326E-17  4.10810152713852764E-19 -3.15214263382560018E-21  6.71621299820795481E-24
  446.000000 -1.91225551432963825E-10 -1.97706012821184154E-10  6.95448286305672901E-12 -4.77344526872755436E-13  3.39574358547691846E-15 -7.29554285942306662E-17  2.66476808988667196E-19 -2.60231258777995346E-21  4.96969417805199456E-24
  448.000000 -1.54120276565506767E-10 -1.58884809793861030E-10  5.13744258797184701E-12 -3.75910433266232758E-13  3.05916693738796176E-15 -5.83153697439580226E-17  2.24060078421969865E-19 -1.98386527769452460E-21  4.78643966355526446E-24
  450.000000 -1.26832476486681663E-10 -1.30470348280680848E-10  3.91916743866386239E-12 -2.84455701193344827E-13  3.21000357249434293E-15 -5.01563058202241082E-17  2.10994074964885061E-19 -1.73669788266297707E-21  4.59930583332356209E-24
  452.000000 -1.19416335233623435E-10 -1.23469396047525457E-10  4.33673498514035653E-12 -2.86989815193111823E-13  3.36316189679427918E-15 -4.76837190228355571E-17  1.67257943001017587E-19 -1.48488940874482935E-21  3.94423749197845293E-24
  454.000000 -1.08094926451571957E-10 -1.11696233294093536E-10  3.86046889265300218E-12 -2.61385914606713681E-13  2.26199349178886878E-15 -3.82889523349678268E-17  1.61071313909119473E-19 -1.13852491230404380E-21  3.04293253699682791E-24
  456.000000 -1.08018899229200474E-10 -1.11643960247290775E-10  3.89455675281246907E-12 -2.71807606706703573E-13  2.34535481533302952E-15 -3.36748579904235659E-17  1.93444726507488320E-19 -1.42060971028936736E-21  3.06980156811199750E-24
  458.000000 -1.00697963308809508E-10 -1.03720173472605049E-10  3.27399537476657325E-12 -2.53734641544409457E-13  1.98230188706569888E-15 -3.29717551780080911E-17  1.01475572280801423E-19 -1.03670957258030305E-21  2.62035967334175859E-24
  460.000000 -9.42599069934850842E-11 -9.67016403943563823E-11  2.64212132225017458E-12 -2.02287413734778994E-13  1.93514745281995209E-15 -3.57800700912022357E-17  1.25986162292965626E-19 -1.01502523331735000E-21  2.04254604242364461E-24
  462.000000 -5.65749705599900928E-11 -5.81001879415821628E-11  1.66571639740774545E-12 -1.41585893779658351E-13  1.10613979515358087E-15 -1.93167795109540782E-17  5.55992831318579565E-20 -6.51554099201460428E-22  6.05984095239453562E-25
  464.000000 -5.84560622051673125E-11 -6.02172713098860474E-11  1.88178972843393898E-12 -1.21812281528089794E-13  1.24700072685005732E-15 -1.53824102818674837E-17  4.00583601090299015E-20 -5.63320689033232989E-22  1.28360834089603862E-24
  466.000000 -6.18781926063363529E-11 -6.39912993826445720E-11  2.23698398265600722E-12 -1.24983006606727680E-13  1.12537664847159459E-15 -1.96527172067649757E-17  7.67684265889256865E-20 -4.41923508324407769E-22  1.17139322798043345E-24
  468.000000 -5.29667945787011818E-11 -5.46964064730172190E-11  1.84600371846433101E-12 -1.17511810781872921E-13  1.13505726323399982E-15 -1.51271418353795954E-17  5.70527978705049297E-20 -5.41237479798316869E-22  6.21826148665345678E-25
  470.000000 -5.08176811488627101E-11 -5.24066512363714762E-11  1.68942494117250169E-12 -1.01279301320290267E-13  8.41749512302944429E-16 -1.73610836912482304E-17  5.95965230878549583E-20 -3.69267249736170232E-22  6.89867484221785420E-25
  472.000000 -4.26537829500240954E-11 -4.39519529072197103E-11  1.39088458567150983E-12 -9.34500580998045717E-14  7.47057150507158553E-16 -1.16727679766743524E-17  4.55967499088841890E-20 -3.56224608663157727E-22  8.53876458975964136E-25
  474.000000 -3.59675379545052021E-11 -3.70311933015690850E-11  1.12215737277482078E-12 -5.91762677049221953E-14  6.84910505844006846E-16 -1.07017266538126070E-17  3.34428957931643956E-20 -2.28613545461084753E-22  5.10298092547064142E-25
  476.000000 -3.01008952370234906E-11 -3.11202934206602571E-11  1.09628306368235008E-12 -7.73586839291980881E-14  4.83491774557488050E-16 -9.71300439959239343E-18  2.52942822906051932E-20 -1.81143948695740297E-22  3.21633431633061610E-25
  478.000000 -3.60512038461011386E-11 -3.70882411460733273E-11  1.10551488031564739E-12 -6.90946800197279617E-14  6.26867056630596402E-16 -9.79479775985306878E-18  2.76328929856965883E-20 -2.15881976450754596E-22  3.89210294081889327E-25
  480.000000 -3.45825685031086203E-11 -3.56731329528159736E-11  1.15074622428438634E-12 -6.06838829212469317E-14  5.09210823123889180E-16 -7.13334127220965531E-18  3.10797621535576892E-20 -2.17692299566945047E-22  2.94355573332708129E-25
  482.000000 -2.40656660144237871E-11 -2.49476487193093858E-11  9.42789050439017549E-13 -6.11906354852246904E-14  3.89523721260110916E-16 -5.25635703404979220E-18  2.26939756815472114E-20 -1.26640489294348278E-22  2.47344705653023980E-25
  484.000000 -3.26889397413163380E-11 -3.36376506774476611E-11  1.00547325394544636E-12 -5.71291621559912783E-14  3.74910126648692756E-16 -8.08957862560423386E-18  2.39723504530297871E-20 -1.78771079372736338E-22  2.66028391923714777E-25
  486.000000 -2.84966630209668584E-11 -2.91974434287287493E-11  7.55741906930478898E-13 -5.52981883119862583E-14  3.42013534481685859E-16 -5.34396147627634155E-18  1.97761732263515919E-20 -2.06001804441162416E-22  2.17938106912037077E-25
  488.000000 -2.46523430725313341E-11 -2.52752617741518827E-11  6.69051046962843976E-13 -4.64618782613086109E-14  3.35759667122737988E-16 -6.23877759856438805E-18  1.21851124971960704E-20 -1.55775585901654320E-22  1.52124595607084297E-25
  490.000000 -2.31731526830844990E-11 -2.39838687891216264E-11  8.43182887117557102E-13 -3.27904456101272198E-14  3.29368315280295763E-16 -5.71819991806069049E-18  1.45188669794509698E-20 -1.04703367640271425E-22  1.70415637435337618E-25
  492.000000 -1.64878024583912488E-11 -1.69260385264429649E-11  4.72266699956555932E-13 -3.42393357468503016E-14  2.12151056621109099E-16 -3.45898461882243087E-18  1.18227013338657301E-20 -5.27799166690434398E-23  8.59048122868545569E-26
  494.000000 -1.57413000154433518E-11 -1.61497892754357876E-11  4.38024944970546102E-13 -2.97571294137599274E-14  2.23178470603199424E-16 -1.74358180158749550E-18  9.64872741763913624E-21 -1.01985629873943073E-22  1.03925573920458287E-25
  496.000000 -2.02679898800460912E-11 -2.08886011845933527E-11  6.52768787018542272E-13 -3.23984508262879448E-14  2.43738345336656986E-16 -2.78307004891615526E-18  1.31600763003847803E-20 -8.04624230322439094E-23  1.04768779989900916E-25
  498.000000 -1.63432584587285365E-11 -1.67220507777788069E-11  4.06438734182123745E-13 -2.78216990660382335E-14  1.79555802396306546E-16 -4.28216962951717915E-18  1.03824155888078156E-20 -8.11126217875610596E-23  1.14416675698599572E-25
  500.000000 -1.46347361352327946E-11 -1.49836747953696090E-11  3.80444867851181503E-13 -3.17037389875984586E-14  2.00053641448187376E-16 -2.53044040522260843E-18  8.14020350944772951E-21 -6.81378641973861203E-23  1.24209648276485130E-25
  502.000000 -1.28911349235905943E-11 -1.32158109409631303E-11  3.44161743254248219E-13 -1.96663853288141832E-14  1.82451817015365970E-16 -1.80051135212532195E-18  8.20545538077946201E-21 -6.41051201623395470E-23  8.94323662979067341E-26
  504.000000 -1.51994311599320249E-11 -1.55415469753508062E-11  3.66732932454068787E-13 -2.47792521928424836E-14  1.64549721593094622E-16 -2.41984884695727387E-18  5.31705068911510363E-21 -3.23084677289980268E-23  6.76097957498563611E-26
  506.000000 -1.49269003543003726E-11 -1.53454406396290135E-11  4.39582934989372758E-13 -2.12298576557367545E-14  1.90249183955361531E-16 -3.04886512748976817E-18  7.74125911276698987E-21 -6.51307858045299538E-23  4.99747937953285097E-26
  508.000000 -1.16259095806440321E-11 -1.19224700782094747E-11  3.22228921032688520E-13 -2.58034878170707618E-14  1.37671047804493392E-16 -2.61206229093346822E-18  5.40178323033116121E-21 -3.75123835439663986E-23  4.12123354364865205E-26
  510.000000 -1.29843764877627575E-11 -1.33156171987750850E-11  3.55218446613664632E-13 -2.41041088773558121E-14  1.28845976729286838E-16 -2.47780724479397750E-18  5.14193397967500181E-21 -3.54453169554802563E-23  4.61527564524482484E-26
  512.000000 -1.21875628875917713E-11 -1.24382880775983415E-11  2.65950238501280350E-13 -1.53432829904584810E-14  1.19869398362956883E-16 -1.63883943074355118E-18  3.96296737344980761E-21 -2.61975006658340620E-23  4.65154486254155957E-26
  514.000000 -1.16270791706356457E-11 -1.18758808387124135E-11  2.68032032818162110E-13 -1.93292331359251522E-14  1.00673089249610167E-16 -1.80896957245393250E-18  4.30121841276410628E-21 -2.64025683819225274E-23  3.75036482697763173E-26
  516.000000 -1.33559917020940587E-11 -1.36307688307461000E-11  2.90900554314703339E-13 -1.62332898613115712E-14  1.11603867796517060E-16 -1.74381043432057906E-18  4.17994333510792189E-21 -3.87031790287770533E-23  4.72450915878626167E-26
  518.000000 -8.47211414301463412E-12 -8.71103903755096921E-12  2.51279972237047220E-13 -1.24331236263122312E-14  7.92407139012498312E-17 -1.19819627874873724E-18  3.43233309016565384E-21 -2.43773656971992439E-23  2.14254190698040235E-26
  520.000000 -9.89146803033668591E-12 -1.01289641616698589E-11  2.53224104041746442E-13 -1.58265065026091526E-14  1.00461222916952640E-16 -1.93194659455678133E-18  4.55944427426323715E-21 -4.17621512190059435E-23  3.11872682586786150E-26
  522.000000 -1.01451424221264924E-11 -1.03771462591429609E-11  2.49859566690429893E-13 -1.79420433527702304E-14  8.82565789922146780E-17 -1.94683630129885308E-18  3.96084859476491922E-21 -2.47553037172807469E-23  2.41751012864069794E-26
  524.000000 -9.09742047944283321E-12 -9.25685435388016427E-12  1.71423228775558605E-13 -1.20531957732814644E-14  6.53927722074732259E-17 -1.55307833992748894E-18  1.75615355049366546E-21 -1.49672177598891959E-23 -0.00000000000000000E+00
  526.000000 -7.94300594518319863E-12 -8.11851211504720931E-12  1.88928140975167778E-13 -1.34948672125119844E-14  7.38000550684249085E-17 -9.06027461777537967E-19  2.09132759288139111E-21 -1.75953042670309326E-23  1.71829143232723951E-26
  528.000000 -8.52635269266092227E-12 -8.70251832115067160E-12  1.90367588275170921E-13 -1.42775691206378185E-14  7.70181369974882396E-17 -1.41089259585915950E-18  2.10726145980802792E-21 -1.64629801547502181E-23  1.48404268221907018E-26
  530.000000 -6.01806725335336562E-12 -6.13799994794484783E-12  1.26048213216724542E-13 -6.16540173342674397E-15  5.08431566558629108E-17 -9.61671548589512192E-19  1.63327368985990534E-21 -1.02079605616244084E-23  1.12148004217065026E-26
  532.000000 -8.01655474195547480E-12 -8.12808418596231954E-12  1.21479519083675974E-13 -1.00082558335983052E-14  5.93161714275761590E-17 -1.13745499186403156E-18  2.05702942683744105E-21 -1.67133640930542083E-23  1.63216446221232503E-26
  534.000000 -6.44514102335105819E-12 -6.58705568700380991E-12  1.50211573943499035E-13 -8.34508744130550302E-15  4.88969967263994256E-17 -7.21570264191658201E-19  1.74092090395505780E-21 -1.68392646959938631E-23  1.39146568251151192E-26
  536.000000 -6.53344893780506646E-12 -6.63648932743286434E-12  1.12102860260690281E-13 -9.10835739618108574E-15  4.65270660261654014E-17 -6.41457711757795011E-19  1.16932395372514711E-21 -1.43555396104649760E-23  6.37230984129304722E-27
  538.000000 -5.49030829174482522E-12 -5.60187407464999251E-12  1.18588060048034105E-13 -7.05881309809726853E-15  3.72242096969973161E-17 -6.89337216611061380E-19  1.09391892284470180E-21 -1.11758543800239970E-23  6.41995311352481488E-27
  540.000000 -7.32788920353702928E-12 -7.46411759931337197E-12  1.42227850596672489E-13 -6.04468365035858025E-15  4.58351471649432816E-17 -6.07662935898869223E-19  1.35639048191711880E-21 -1.05968006399774906E-23  6.46777382811126138E-27
  542.000000 -7.72972973200970811E-12 -7.88631510130163358E-12  1.66208675826851283E-13 -9.67162553302798476E-15  4.89737982719877662E-17 -6.55899083999836195E-19  1.11024584531222269E-21 -1.13426558715791973E-23  9.77365797757858329E-27
  544.000000 -6.01039095504435250E-12 -6.09703707833343848E-12  9.52662043489599762E-14 -8.66056403172363477E-15  4.08783133007788740E-17 -3.96449159167036456E-19  1.11845465910839279E-21 -1.07543717221960847E-23  7.87673710121783622E-27
  546.000000 -5.66207715713705570E-12 -5.76971121059119264E-12  1.13416702224322846E-13 -5.81624113970886360E-15  3.40795379279816196E-17 -4.88118381780986819E-19  9.53356214415989880E-22 -3.38549792051132763E-24  5.95107056339881796E-27
  548.000000 -6.29136152033596477E-12 -6.37451475731062304E-12  9.08133995756568507E-14 -7.68984431890642692E-15  3.00384543707282302E-17 -3.57600647270574171E-19  8.73048455250425199E-22 -8.86689837363713181E-24  3.33041555500192718E-27
  550.000000 -5.47127967255110141E-12 -5.57127366479914896E-12  1.09182799574983323E-13 -9.22152023437359155E-15  3.31398383422800937E-17 -4.27756065559321828E-19  8.35461065545550444E-22 -1.03058519598546521E-23  5.36763122909096478E-27
  552.000000 -5.70546871691279287E-12 -5.80209842366138426E-12  1.04033527063600631E-13 -7.43096621882861652E-15  2.75758512026843210E-17 -4.30872675041942515E-19  9.30132213803535421E-22 -4.84443861356008056E-24  4.05505464304694264E-27
  554.000000 -5.02422371803244232E-12 -5.07776385990145630E-12  5.98792908007247244E-14 -6.36217464757700165E-15  2.33903479690330948E-17 -3.65474187016142107E-19  8.47657416175134228E-22 -5.57669352746798869E-24  4.08449232968846810E-27
  556.000000 -5.31688996739593660E-12 -5.40399217346494294E-12  9.34842396079315010E-14 -6.40819384409207849E-15  2.65044782154543693E-17 -3.45110393430395410E-19  9.43661232036237561E-22 -6.31916003595694764E-24  3.42836373478567014E-27
  558.000000 -4.59474025225395328E-12 -4.66537691898546263E-12  7.59338691241123465E-14 -5.31537083868786485E-15  1.85385422666289908E-17 -3.70770845332579838E-19  6.78901694334557827E-22 -4.24313558959098612E-24  5.52491613227993009E-27
  560.000000 -4.72352079237633119E-12 -4.79677375782432495E-12  7.95383403720870248E-14 -6.30953180836267291E-15  2.46466086264166911E-17 -4.90131421548059180E-19  4.10266256876165601E-22 -3.20520513184504376E-24  4.17344418208990121E-27
  562.000000 -4.27263538653517865E-12 -4.33812846689632656E-12  7.08643144450394201E-14 -5.39185001212256461E-15  2.10619141098537680E-17 -4.46625410811631293E-19  6.42758609309502197E-22 -3.22814033693388412E-24  1.40110257679422048E-27
  564.000000 -3.80913678637946575E-12 -3.87257570188766169E-12  6.82665588473786548E-14 -4.84847719086496149E-15  2.12120877100342042E-17 -3.78787280536325095E-19  5.54864180473132487E-22 -3.61239700828862272E-24  1.05831943602205751E-27
  566.000000 -3.95417349018780778E-12 -4.00009176895452261E-12  5.00011471119315339E-14 -4.10165659902563401E-15  1.90739239165998583E-17 -2.86108858748997894E-19  4.42388372089108080E-22 -3.63806227046963851E-24  7.10559037201101289E-28
  568.000000 -4.57482313484570372E-12 -4.63267255146543623E-12  6.29439205362151706E-14 -5.11419354356748198E-15  1.99773185295604765E-17 -2.88134401868660744E-19  4.45520315389368009E-22 -2.56467286819537501E-24  1.07338429193444827E-27
  570.000000 -3.68975946593447118E-12 -3.75256770453284708E-12  6.65573663810724533E-14 -3.76366059892969245E-15  1.47017992145691111E-17 -1.69264135694052268E-19  2.83366298594953546E-22 -2.21379920777307458E-24  1.08095664442044657E-27
  572.000000 -2.41010191277201993E-12 -2.45120932712410533E-12  4.46835033590331711E-14 -3.59063866277945097E-15  1.48051507362868004E-17 -2.55681057123374023E-19  1.90238881788224714E-22 -4.08716347591889010E-24  9.07129677716372965E-28
  574.000000 -2.63027623269544079E-12 -2.67407900330956506E-12  4.66035403221017952E-14 -2.81228260564407371E-15  1.17701559946041042E-17 -2.57472162381964780E-19  2.15517993065260698E-22 -1.68373432082234920E-24 -1.82696866408675036E-28
  576.000000 -1.74121437396729359E-12 -1.76064172315511101E-12  2.26553162905988533E-14 -3.23647375579983635E-15  8.69170198090776374E-18 -1.85192513797750641E-19  1.44681651404492698E-22 -1.13032540159759920E-24 -0.00000000000000000E+00
  578.000000 -2.67032103393551765E-12 -2.71147825559880860E-12  4.39963418877210528E-14 -2.85161475198192007E-15  1.27304229999192858E-17 -2.36209020506314893E-19  3.15657613752271119E-22 -2.08667893706429231E-24  1.29676425421253956E-27
  580.000000 -3.32484596683527945E-12 -3.36033880077489043E-12  3.77381798915148810E-14 -2.25608684134056352E-15  1.08157572294380712E-17 -7.51094252044310487E-20  2.44496826837340645E-22 -2.86519718950008587E-24  7.46145101432314035E-28
  582.000000 -3.02255289151774541E-12 -3.06634536625451010E-12  4.79116463477267203E-14 -4.13031434032126899E-15  1.12938282743159699E-17 -1.51256628673874597E-19  1.60020847392608216E-22 -2.30799299123954158E-24  7.51299801835788274E-28
  584.000000 -2.72750635172127669E-12 -2.76806410346352091E-12  4.32510016166175142E-14 -2.70318760103859463E-15  1.01531986216894329E-17 -2.15755470710900465E-19  2.85062949583565659E-22 -1.54925516078024804E-24  5.67354184856047820E-28
  586.000000 -3.34081245150889495E-12 -3.37662543095767477E-12  3.85230083889020436E-14 -2.72173428834633985E-15  1.18585177827589936E-17 -1.53342902363262852E-19  1.74707082770644517E-22 -1.36489908414566029E-24  1.42811706627963886E-27
  588.000000 -2.66508215333351870E-12 -2.69818523877618248E-12  3.54136812589373923E-14 -2.31875293957328179E-15  8.23420788200739160E-18 -7.71956988938193035E-20  1.13079637051493114E-22 -1.96318814325508871E-24  1.91717592114754775E-28
  590.000000 -2.68249875377053926E-12 -2.71657145638966815E-12  3.56550003651143940E-14 -1.59174108772832110E-15  9.53386589003942369E-18 -9.06753549324401662E-20  1.51800259373504739E-22 -5.92969763177752888E-25  2.89536017176637152E-28
  592.000000 -2.86193226012613240E-12 -2.89912131234035436E-12  3.93159140234835817E-14 -2.13673445779802051E-15  1.00159427709282220E-17 -1.43457513646107353E-19  1.65567087837304283E-22 -2.28848739198197039E-24  7.77339467385180143E-28
  594.000000 -2.55615142206155051E-12 -2.58831931629848489E-12  3.44191398443947475E-14 -2.25875605228840499E-15  7.56279928221564215E-18 -5.25194394598308489E-20  1.66687674066845949E-22 -1.70293897784638286E-24  3.91300316600731380E-28
  596.000000 -2.19147416139956961E-12 -2.21768376088000479E-12  2.77210470110000579E-14 -1.51599475841406569E-15  4.65288569825745587E-18 -1.05747402233124000E-19  9.03603290566245134E-23 -8.06788652291290285E-25 -4.92424714533258264E-28
  598.000000 -2.20140633454658708E-12 -2.23259251730139745E-12  3.31400451786926171E-14 -1.96223951715943119E-15  8.51666457100447636E-18 -1.39726528118042171E-19  1.55944785846029225E-22 -7.10685872996226924E-25  9.91470246925539777E-29
  600.000000 -2.77727696273001671E-12 -2.80943902413180249E-12  3.42400381066063414E-14 -2.08513052572282213E-15  7.28766836704111297E-18 -1.33964492041196932E-19  1.17742229333083255E-22 -7.15447574072554473E-25  2.99433973523669575E-28
  602.000000 -1.89256729293527005E-12 -1.92317588685831619E-12  3.27010605761754103E-14 -2.09905456401125952E-15  6.68901022659838000E-18 -1.01144307861870673E-19  4.60944111349671050E-23 -1.13178241626035300E-24  3.01433527057977527E-28
  604.000000 -1.85656529285696234E-12 -1.87903522955072334E-12  2.40217571959609507E-14 -1.55696574418265423E-15  5.21305494704013670E-18 -6.78783196229184546E-20  6.62874215067563034E-23 -9.32166864938760498E-25 -0.00000000000000000E+00
  606.000000 -1.75939482392170363E-12 -1.77686342408044771E-12  1.88075261621418343E-14 -1.34339472586727394E-15  4.59168119192915877E-18 -1.22991460498102460E-19  3.33635689285217210E-23 -6.25566917409782268E-25 -1.01817532130498416E-28
  608.000000 -2.22764523639365056E-12 -2.25018834606942674E-12  2.43409797050779330E-14 -1.80303553370947663E-15  5.28233066516448232E-18 -1.16926590244526313E-19  1.00752461722650191E-22 -4.19801923844375795E-25  3.07472112190704928E-28
  610.000000 -1.72303218399572086E-12 -1.74232043479907258E-12  2.08715468751972218E-14 -1.58805247963457141E-15  4.87404499887842778E-18 -1.17697109347916584E-19  6.08498382428337044E-23 -9.50778722544276631E-25  3.61081329091250930E-28
  612.000000 -1.67132357153535666E-12 -1.69530540920990219E-12  2.55757281561838687E-14 -1.59848300976149179E-15  4.68305569266062030E-18 -9.05948273877798564E-20  6.80550085545221259E-23 -7.97519631498306163E-25  2.07687404036017239E-28
  614.000000 -1.62629600131885927E-12 -1.64756242675358886E-12  2.29849668910935953E-14 -1.72387251683201949E-15  5.38710161510006122E-18 -5.61156418239589710E-20  7.53505932694761515E-23 -8.56256741698592697E-25  3.13570584118136974E-28
  616.000000 -1.88005834808782118E-12 -1.89521510105059014E-12  1.66571639740774512E-14 -1.50377174765977003E-15  3.38890868613229433E-18 -2.82409057177691182E-20  6.89475237250222641E-23 -3.77056770371215479E-25  2.10411144180365787E-28
  618.000000 -1.65483213642312631E-12 -1.66909896199279978E-12  1.58340861349763381E-14 -1.57176590310426868E-15  4.54793374740818476E-18 -4.26368788819517370E-20  4.16375770331559931E-23 -7.04802736238317577E-25 -0.00000000000000000E+00
  620.000000 -1.89394703558983552E-12 -1.91990819711335920E-12  2.71862000567809662E-14 -1.23040991636293158E-15  5.49290141233451575E-18 -1.21587661470946310E-19  6.98458533266006007E-23 -4.91103656202660465E-25  1.86508549990159672E-28
  622.000000 -1.67237321278714972E-12 -1.69077534486343431E-12  1.98137735726183716E-14 -1.41526954090131214E-15  3.68559776276383396E-18 -5.75874650431849057E-20  3.51485992695220386E-23 -8.78714981738050929E-25 -2.68162531047989175E-29
  624.000000 -1.68504473136777142E-12 -1.70166597916053598E-12  1.80422174129744328E-14 -1.42438558523482364E-15  3.47750387020220616E-18 -6.15807977014974007E-20  4.24499984155542744E-23 -4.97460918932276653E-25  5.39779642938668243E-29
  626.000000 -1.15237830622963695E-12 -1.16211571185515601E-12  1.05125598934265757E-14 -7.76495901219008460E-16  1.39993251421696225E-18 -5.83305214257067644E-20  3.20419124042578640E-23 -7.23168161901653241E-25 -1.08649062785705113E-28
  628.000000 -1.64762581762362106E-12 -1.66199670013979484E-12  1.53888583346277295E-14 -1.02191637378387261E-15  3.99186083509325239E-18 -5.13658563339205296E-20  6.09109624495430358E-23 -5.59843404867123518E-25  5.46722075065550310E-29
  630.000000 -1.41385427172321359E-12 -1.42480700108844362E-12  1.16152744653949210E-14 -6.65458432913250658E-16  2.95391704950839264E-18 -4.06163594307403966E-20  3.24527019599310724E-23 -3.94390475207495631E-25 -8.25314889524614231E-29
  632.000000 -1.54192799304306524E-12 -1.55855190663169533E-12  1.75337089496065715E-14 -9.13214007792009063E-16  3.44833414400628394E-18 -2.97270184828127934E-20  3.99166507947925722E-23 -2.26799152243139598E-25  1.38427216945275634E-28
  634.000000 -1.74273315868718205E-12 -1.75664357926387970E-12  1.47040478174989922E-14 -7.96469256781195503E-16  2.87188433935527207E-18 -2.99154618682840841E-20  4.74732671249625387E-23 -3.70884899413769833E-25 -2.78609449679815062E-29
  636.000000 -1.21994530145074613E-12 -1.23110741813065207E-12  1.18375713281793470E-14 -6.78194190676941675E-16  2.76961405993779447E-18 -3.01045006514977678E-20  3.30737922196630742E-23 -2.29679112636549132E-25 -5.60740021085325028E-29
  638.000000 -1.41295106018909098E-12 -1.42945662267338138E-12  1.73718686783223428E-14 -8.68593433916117099E-16  2.30235424726649351E-18 -1.51470674162269313E-20  3.32821305532330048E-23 -5.77814766549184132E-25  1.41068058239546896E-29
  640.000000 -1.55605233352509944E-12 -1.56629347194263642E-12  1.14874840097833665E-14 -1.24863956628080067E-15  2.31681169524757960E-18 -2.28632733083642719E-20  2.60486512302327331E-23 -4.36082330863271143E-25 -0.00000000000000000E+00
  642.000000 -1.24175329622302902E-12 -1.25444542810411516E-12  1.35697221790108618E-14 -8.79519030121074291E-16  1.96321212080596951E-18 -3.45095880610424343E-20  2.99562396363215563E-23 -2.92541402698452721E-25 -1.42842481786353856E-29
  644.000000 -1.60413652090448064E-12 -1.61829930987823175E-12  1.51715560301084233E-14 -1.01143706867389490E-15  2.71626165903633898E-18 -4.62999146426648636E-20  5.08666054423808330E-23 -2.94366929643407621E-25  7.18669261824725637E-29
  646.000000 -1.09539252449770556E-12 -1.10728919713933233E-12  1.27216130186044624E-14 -8.26904846209290046E-16  1.98775203415694714E-18 -2.32939691502767258E-20  1.13740083741585575E-23 -2.07338694320598697E-25  1.44627995480328328E-29
  648.000000 -1.26814395760768687E-12 -1.27800257432146055E-12  1.07524255051084426E-14 -8.96035458759036886E-16  2.25008904264267053E-18 -2.34384275275278190E-20  1.71668170367635386E-23 -3.57642021599240403E-25  2.91049822265006838E-29
  650.000000 -1.30992257581916771E-12 -1.31887554188409580E-12  9.78852941242102342E-15 -8.37176857641271678E-16  1.63511105008060875E-18 -2.16180547486618966E-20  1.72729485740373813E-23 -1.19951031764148479E-25  2.92849198642940622E-29
  652.000000 -1.34734800424643160E-12 -1.36017929009709828E-12  1.34773862585840532E-14 -6.47951262431925620E-16  1.89829471415603209E-18 -4.74573678539008071E-20  1.73794071730593776E-23 -2.11208073283707683E-25  1.47327060047229144E-29
  654.000000 -1.15590759447509822E-12 -1.16826307659984795E-12  1.30386504084804445E-14 -6.84529146445223311E-16  1.40063627434848526E-18 -3.97908032485365153E-20  1.74861928338295216E-23 -2.42863789358743370E-25  2.96464586619559778E-29
  656.000000 -1.10316790123768155E-12 -1.10825252256471777E-12  5.77214855502457222E-15 -6.88722270769977313E-16  1.21705014365974411E-18 -2.20189993096335305E-20  1.17288703708985412E-23 -9.16317997726448531E-26  2.23710448663683723E-29
  658.000000 -1.00619634979597922E-12 -1.01365496470350117E-12  7.91917941174610293E-15 -4.61952132351856017E-16  1.41782183478527235E-18 -3.02092720479816548E-20  1.57339958583237782E-23 -1.69017533634337467E-25  3.00102154890513957E-29
  660.000000 -1.00890286333139114E-12 -1.01982636575984390E-12  1.16855104409982111E-14 -7.63541875406133141E-16  1.55613153955054314E-18 -2.22883423633541320E-20  1.97872357629209281E-23 -1.23670223518255801E-25 -0.00000000000000000E+00
  662.000000 -1.15363256319872838E-12 -1.16281869593097169E-12  9.61890465384075955E-15 -4.34186668402534252E-16  1.43511218522472263E-18 -2.03851162673966272E-20  1.99073401048795188E-23 -1.71078704026308374E-25  2.27821427591852425E-29
  664.000000 -1.02466381824290717E-12 -1.03222535665301233E-12  8.06426059885165883E-15 -5.04016287428228677E-16  1.31254241517767897E-18 -1.84576277134361100E-20  1.40194654941463496E-23 -1.25173799054878128E-25  3.05600095348823554E-29
  666.000000 -5.82776850223093364E-13 -5.88456669677574807E-13  5.94947000593136312E-15 -2.70430454815061969E-16  7.92276723091001863E-19 -1.23793237982969041E-20  6.04459169838716021E-24 -7.87056210727494876E-26 -1.53721916157713832E-29
  668.000000 -1.10550291532765185E-12 -1.11434588364816829E-12  9.24994141700139724E-15 -4.08085650750061654E-16  1.12914323938005337E-18 -1.66050476379419608E-20  1.62158668339276961E-23 -1.42522267095067650E-25  1.54646557177807771E-29
  670.000000 -9.74296297389384345E-13 -9.80900027281040007E-13  7.11590421576647338E-15 -5.13166169406236046E-16  1.00227767462155478E-18 -1.04403924439745284E-20  8.15655659685510063E-24 -1.43376971429093563E-25 -7.77869853673467696E-30
  672.000000 -1.22498854339123341E-12 -1.23345610915482592E-12  9.08572580404224495E-15 -6.19481304821062210E-16  1.34436047053181890E-18 -2.31061955872656386E-20  1.02566564219041359E-23 -1.60260256592252124E-25  3.13008313656742440E-29
  674.000000 -9.13329934205232255E-13 -9.21743854869137555E-13  8.86292168143401556E-15 -4.50070241635321072E-16  1.08189961931567573E-18 -1.26785111638555757E-20  3.09533963961317766E-24 -9.67293637379118018E-26 -7.87185577294204070E-30
  676.000000 -8.49210106264949567E-13 -8.55897471661103001E-13  7.24392391379839806E-15 -5.57224916446030567E-16  6.80206196833533383E-19 -1.38166883731811486E-20  9.34121058883941807E-24 -4.86521384835386358E-26 -7.91864233130511603E-30
  678.000000 -8.53681924452042477E-13 -8.60969445579335570E-13  7.84737775918665259E-15 -5.60526982799046628E-16  6.84237039549617490E-19 -1.38985648658516042E-20  1.25287543862844988E-23 -9.78808936428476465E-26 -3.18622700660311368E-29
  680.000000 -8.93683349546821044E-13 -9.02142086637878503E-13  9.02142086637878491E-15 -5.63838804148674057E-16  1.17007564337493398E-18 -1.50561204110745171E-20  9.45208452146140245E-24 -1.47688820647834413E-25  2.80442096499251519E-29
  682.000000 -7.93527380306515446E-13 -7.98561815736837828E-13  5.38802361470167615E-15 -3.54475237809320805E-16  9.00034783500228471E-19 -1.29812709158686809E-20 -0.00000000000000000E+00 -8.25326977785026665E-26 -4.02991688371595023E-30
  684.000000 -9.80888400319207665E-13 -9.85809678055656307E-13  5.41967126245875928E-15 -4.99180247858043566E-16  8.00861167741001842E-19 -1.41456456258600860E-20  6.37574171838645752E-24 -4.98104821748941994E-26 -1.62143496663067055E-29
  686.000000 -6.54850164037701874E-13 -6.61055383500164892E-13  6.59907717903810369E-15 -3.94510048746843142E-16  6.65455515464312847E-19 -1.31339904367956488E-20  1.06884687799443756E-23 -4.17518311716577173E-26 -2.03866363142859948E-29
  688.000000 -8.79193796523808903E-13 -8.86554070292428926E-13  7.79197913342955170E-15 -4.32887729634975061E-16  1.19776878316969010E-18 -1.54124659599041012E-20  8.60070645083934240E-24 -9.23904013273757527E-26  1.23034092676725510E-29
  690.000000 -8.48500988204286670E-13 -8.54561115165291026E-13  6.38598659430584350E-15 -3.26556132663367011E-16  7.08672162897931817E-19 -1.21803027998082037E-20  7.56943533368762592E-24 -6.75842440507823792E-26 -8.25002979135527090E-30
  692.000000 -6.47889033043585078E-13 -6.53984337636316564E-13  6.42306045892810981E-15 -3.28451955286096515E-16  7.12786361297952518E-19 -1.67059303429207614E-20  8.70100538693789665E-24 -4.24853778659076999E-26  1.65958507288701947E-29
  694.000000 -5.78264653365676905E-13 -5.82596335953181713E-13  4.69835754800953013E-15 -3.67059183438244529E-16  3.94301857209051735E-19 -1.00815815763678003E-20  2.73480403004768885E-24 -7.69163633450912500E-26 -0.00000000000000000E+00
  696.000000 -7.13675551714282645E-13 -7.18272418665633041E-13  5.02081871600154692E-15 -4.24554523779542585E-16  6.12892909668157583E-19 -1.01397724025981951E-20  6.05129646422418370E-24 -6.01691409795018276E-26  1.88867978800054549E-29
  698.000000 -5.08535627838557383E-13 -5.13288723867416367E-13  5.04971545471416608E-15 -2.97042085571421514E-16  4.35120242536262007E-19 -1.24643819476533375E-20  3.87298799864938603E-24 -1.72901249939704729E-26 -1.26636657670682182E-29
  700.000000 -5.10576142424484798E-13 -5.16234420684218720E-13  5.97493542458586464E-15 -3.17418444431124074E-16  7.65830346168842601E-19 -4.55851396529072955E-21  7.79042913990114950E-24 -4.34733768967698026E-26 -0.00000000000000000E+00
  702.000000 -5.33966480715985832E-13 -5.38417751218763245E-13  4.80730135016752920E-15 -3.56791897082746302E-16  7.70212771251816671E-19 -9.16919965775972214E-21  6.15607887178692264E-24 -3.49777208624256978E-26  6.40461197432111097E-30
  704.000000 -8.07475307220456358E-13 -8.12235043307395917E-13  5.13690317567921528E-15 -3.77713468799942286E-16  5.53291214062415434E-19 -6.91614017578019322E-21  5.06553235530775907E-24 -7.91489430516837355E-26  2.14705249163638590E-30
  706.000000 -6.75375970397447109E-13 -6.80713808751743958E-13  5.77391177066211350E-15 -4.36842008964567798E-16  7.79015131475537003E-19 -1.04332383679759420E-20  1.07547487517113117E-23 -4.86440116236942554E-26  1.72741518550050623E-29
  708.000000 -8.53961841732613804E-13 -8.60609837384246527E-13  7.02912864340826343E-15 -3.82017861054796895E-16  8.95354361847180377E-19 -1.04924339278966435E-20  7.40026264445835401E-24 -4.89200054621645976E-26  4.34304025764955577E-30
  710.000000 -6.64399029162642261E-13 -6.68779155697286257E-13  4.61015042989857310E-15 -2.30507521494928615E-16  4.87727503163097721E-19 -4.10347658911260073E-21  2.28988648946015676E-24 -7.60313873453567631E-26 -1.09190296624191137E-29
  712.000000 -5.89120230725551487E-13 -5.93428440270613425E-13  4.63615968961416738E-15 -3.28394644681003483E-16  4.52749969688883456E-19 -8.25325465578693851E-21  3.45420814276797071E-24 -4.04790016730621624E-26 -1.09806319642638248E-29
  714.000000 -8.88855821904080389E-13 -8.95150485466434884E-13  6.52713895652608770E-15 -2.33112105590217418E-16  6.45004198410432244E-19 -8.29968637660482649E-21  6.94728212327413016E-24 -4.07067311910593564E-26  2.20848150993160559E-30
  716.000000 -6.35550982480430166E-13 -6.40122565491250357E-13  4.68839769646911917E-15 -1.17209942411727965E-16  4.00619920352585828E-19 -5.36544536186498899E-21  2.32875232719834587E-24 -4.09350995015334243E-26  2.22087128372034633E-30
  718.000000 -6.00466274103513462E-13 -6.03472184781884813E-13  3.30023851052593241E-15 -2.94664152725529694E-16  3.45309553975230100E-19 -8.99243630143828412E-21  3.51267043024932914E-24 -5.94592650953662562E-26  2.23329571421898493E-30
  720.000000 -2.99942490264971563E-13 -3.03419414606234583E-13  3.63471173747051823E-15 -1.58030945107413844E-16  2.50781529101120610E-19 -7.23408257022463311E-21  1.47177786666354014E-24 -1.83972233332942523E-26 -4.49150960285504208E-30
  722.000000 -7.09632770090508847E-13 -7.11917311513100952E-13  2.54256182683250348E-15 -2.58228935537676156E-16  2.13380280267010030E-19 -4.84955182425022789E-21  5.91986306671170397E-25 -2.31244651043425929E-26 -1.58077398174216938E-29
  724.000000 -7.12970286049720857E-13 -7.15866914541192958E-13  3.19583443991604005E-15 -2.99609478742128742E-16  4.09622334217754178E-19 -6.09557044966896067E-21  3.57162331035290693E-24 -3.72044094828427786E-26 -0.00000000000000000E+00
  726.000000 -5.50615351474346420E-13 -5.55295456156235028E-13  4.98094882547548751E-15 -3.01267066056985160E-16  4.31502308154536018E-19 -8.58101180989134195E-21  1.19712776365671615E-24 -2.33814016339202381E-26 -4.56668000662504636E-30
  728.000000 -5.75605512629817922E-13 -5.79039117908793386E-13  3.71593183925844006E-15 -2.82733944291403020E-16  4.14161051208109917E-19 -6.77942196918037081E-21  2.40746518791916574E-24 -2.82124826709277249E-26 -3.44390657604098205E-30
  730.000000 -5.38058316496645881E-13 -5.40637520207719015E-13  2.76167002509952601E-15 -1.82757575190409825E-16  2.97456990869807666E-19 -6.19702064312099305E-21  1.21035559435956888E-24 -1.65478303916347301E-26 -5.77142522029671171E-30
  732.000000 -3.94308682167879229E-13 -3.97249059134188469E-13  3.10350827448584741E-15 -1.63342540762413031E-16  2.19332024949529219E-19 -8.10033046688602285E-21  9.12747573642505551E-25 -2.13925212572462238E-26  1.16061855779330636E-30
  734.000000 -4.38818720284037909E-13 -4.41467288174836285E-13  2.79201781955811636E-15 -1.43706799536079536E-16  2.60628961212197785E-19 -3.75907155594516054E-21  9.17742079088173959E-25 -3.10693933024642211E-26 -3.50090819964665969E-30
  736.000000 -5.24976786659935498E-13 -5.28424264450034997E-13  3.63291681809399102E-15 -1.85774155470715423E-16  3.42682361436866589E-19 -7.55916973757793875E-21  4.30616765649784972E-24 -2.16269580962503588E-26  1.17333757032608289E-30
  738.000000 -4.01162500161288868E-13 -4.03788028462855329E-13  2.82253144895910382E-15 -1.97162123272878579E-16  1.62139904007301459E-19 -3.16679500014260672E-21  2.78331591809408790E-24 -1.20803642278389233E-26  1.17972306912489482E-30
  740.000000 -3.82243731459752564E-13 -3.84612202403643650E-13  2.50398569273205515E-15 -1.35632558356319660E-16  1.22264926402932390E-19 -4.45757544177357646E-21  2.17655050867850413E-24 -1.21459291778934370E-26  2.96531474069663989E-30
  742.000000 -4.05994805723866246E-13 -4.08176996538332307E-13  2.34970310507263647E-15 -1.67835936076616901E-16  3.27804562649642386E-19 -4.16158136176303805E-21  2.50095033759797963E-24 -1.22116715703026345E-26 -0.00000000000000000E+00
  744.000000 -6.02229101633499285E-13 -6.04771082090708302E-13  2.69987090219066206E-15 -1.58195560675234118E-16  3.08975704443816636E-19 -3.86219630554770765E-21  2.20014437978791940E-24 -1.47331096860798174E-26 -0.00000000000000000E+00
  746.000000 -4.53496265217656716E-13 -4.56020182319838986E-13  2.71440584714189878E-15 -1.90856661127164761E-16  3.72766916263993674E-19 -4.85373588885408455E-21  3.00198508750740875E-24 -1.48124264186220825E-26  6.02719173934817839E-31
  748.000000 -4.77230069414225140E-13 -4.80300446926006548E-13  3.24066352684450455E-15 -1.70561238254973934E-16  2.81076259331316896E-19 -5.85575540273576892E-21  2.70040803620084848E-24 -1.24099634016583102E-26  6.05955244221597177E-31
  750.000000 -3.71081456200113095E-13 -3.73128620392504943E-13  2.22916914756551692E-15 -1.82191709176027804E-16  1.88387566932933176E-19 -1.63530874073726717E-21  1.75667931133886124E-24 -1.24764155634862302E-26 -3.65519987211510624E-30
  752.000000 -4.16850227441824561E-13 -4.19253209890971972E-13  2.58585450179464631E-15 -1.83164693877120764E-16  2.94612329306030635E-19 -1.97285041946002679E-21  1.76606075960777113E-24 -1.50516542012025970E-26  6.12453377327579600E-31
  754.000000 -4.85241750116093124E-13 -4.88036705518790843E-13  2.94624431598701837E-15 -1.51644928028743597E-16  3.59648964353884078E-19 -3.63615680872493120E-21  1.93687330010205849E-24 -5.04394088568244374E-27 -1.23143088029356537E-30
  756.000000 -5.33249770833008039E-13 -5.35231847365397831E-13  2.09074940377108528E-15 -1.08893198113077375E-16  2.23316128942834438E-19 -2.99084101262724715E-21  1.46037158819689802E-24 -1.64798877140274935E-26 -0.00000000000000000E+00
  758.000000 -4.23123635146341424E-13 -4.25970110357833763E-13  2.97758712009998936E-15 -1.31364137651470117E-16  2.56570581350527573E-19 -4.34299161140215900E-21  1.46810864267651114E-24 -1.40183984977791859E-26 -1.86679667495283919E-30
  760.000000 -3.58416942003145961E-13 -3.60607106741895251E-13  2.28900995490460867E-15 -9.90436999718340197E-17  2.04191655757904335E-19 -5.70930616428350952E-21  1.47586613851538330E-24 -8.96793660556222554E-27 -6.25553613669240038E-31
  762.000000 -3.48855817709702593E-13 -3.51179175656719209E-13  2.38957604403513594E-15 -6.63771123343093274E-17  1.62053496909934875E-19 -3.03850306706127921E-21  3.29698683491892256E-25 -7.72731289434122474E-27 -2.82982649939253853E-30
  764.000000 -5.10620557419817782E-13 -5.12455725196761423E-13  1.95729617262651906E-15 -1.22331010789157441E-16  2.06346697886540448E-19 -3.73324617886833012E-21  1.65715828252322902E-24 -2.58930981644254542E-27  1.58038929226229575E-30
  766.000000 -3.30638840605450416E-13 -3.31980561925422935E-13  1.43095069795440931E-15 -8.94344186221505816E-17  2.07428461159773076E-19 -2.38815662519475597E-21  3.33169172041679105E-25  2.60288415657561801E-27 -1.90640929436690763E-30
  768.000000 -4.34631227069420138E-13 -4.37283565228066820E-13  2.78696351193874794E-15 -1.34853073158326515E-16  2.30461794948311903E-19 -2.74359279700371340E-21  1.67455615051496184E-24 -1.04659759407185112E-26 -1.59698119212623771E-30
  770.000000 -4.26042019937946192E-13 -4.27996574333934456E-13  2.07853066082780672E-15 -1.24259985158184089E-16  2.86821698696092557E-19 -3.10263856762600139E-21  1.26246686508219458E-24 -3.94520895338185805E-27 -1.28424770617899019E-30
  772.000000 -4.04764387307760623E-13 -4.06967533038443517E-13  2.36186514709810963E-15 -1.58971692593142004E-16  2.55046660828841087E-19 -2.77224631335696843E-21  1.77664711244190498E-24 -1.32191005390022673E-26 -3.22731946752985058E-31
  774.000000 -3.48664291187140215E-13 -3.50639061004329894E-13  2.10018187580718437E-15 -1.25554351271081661E-16  1.44904702283741268E-19 -2.61246458444245081E-21  4.25205824290763447E-25 -9.30137740636045098E-27 -9.73218897149879751E-31
  776.000000 -1.98243470460664593E-13 -1.99723644545312944E-13  1.56034097301025737E-15 -8.03116677284691316E-17  1.45654531315582969E-19 -8.75327712233070772E-22  1.70962443795521621E-25 -8.01386455291507636E-27 -6.52169966871344076E-31
  778.000000 -3.05064062088540438E-13 -3.07036255189912643E-13  2.12194527324759338E-15 -1.49920046479449532E-16  1.68930340834716270E-19 -1.05581463021697669E-21  8.59224145684388581E-26 -8.05522636579114294E-27 -3.27767999910121376E-31
  780.000000 -3.07028671662404481E-13 -3.08616876800878434E-13  1.66920185769705888E-15 -8.11417569713848149E-17  1.47159994507254807E-19 -2.12249992077771362E-21  2.59094228610560745E-25 -5.39779642938668243E-27  3.29455348473308254E-31
  782.000000 -2.96616122371141139E-13 -2.98270727394648660E-13  1.77098244390572646E-15 -1.16512002888534633E-16  1.36537503385001513E-19 -1.95561528285809465E-21  6.07657447621034424E-25 -5.42551292518780705E-27 -9.93441087375697048E-31
  784.000000 -2.85996971331951497E-13 -2.87806425469459499E-13  1.87373974915012701E-15 -6.44098038770356148E-17  1.25800398197335185E-19 -1.60824372695456901E-21  8.72528063668928512E-26 -6.81662549741350454E-27  8.32107604664734441E-31
  786.000000 -3.84472166172014443E-13 -3.85702264745006861E-13  1.31831828770266015E-15 -8.82802424800888500E-17  6.32215278177719597E-20 -2.69409919678005524E-21  3.50794166247403029E-25 -9.59202798332742638E-27 -1.67271693347646250E-31
  788.000000 -3.01936497192517066E-13 -3.02865330798697530E-13  1.04109957462052277E-15 -1.12391431351079165E-16  1.27087350417544284E-19 -1.62469624113337880E-21  2.64436237163635857E-25 -7.57499637708331847E-27 -3.36248063613428570E-31
  790.000000 -3.51498033226305676E-13 -3.53109416346243497E-13  1.71227626461001712E-15 -1.01071862841563503E-16  1.79987807220155607E-19 -1.27007525256158183E-21  4.42967094224882094E-25 -5.53708867781102588E-27 -1.68978536310150936E-31
  792.000000 -3.65225114453742148E-13 -3.67137491673543872E-13  2.00778315758969297E-15 -9.56087217899853826E-17  2.04242264566008823E-19 -1.45887331832863438E-21  6.23297926532009328E-25 -1.25216101312234013E-26 -5.09505620573868896E-31
  794.000000 -2.56475969249761765E-13 -2.58295843840060343E-13  1.92184407619092491E-15 -1.02097966547642896E-16  1.29030058826295017E-19 -5.49844000680234482E-22  4.47464193261909510E-25 -6.99162801971733610E-27 -3.41388086900260569E-31
  796.000000 -2.70692906964180735E-13 -2.71960565053572947E-13  1.35207667285157014E-15 -8.45047920532231338E-17  8.84187974887239795E-20 -2.21046993721809934E-21  2.69832756008068767E-25 -3.51344734385506231E-27  3.43110092173345920E-31
  798.000000 -2.35049660789797571E-13 -2.36056792764870373E-13  1.06769108569637091E-15 -6.06642662327483438E-17  1.06636405487252941E-19 -1.48106118732295758E-21  2.71190402952201693E-25 -6.35602506919222718E-27  3.44836429535168590E-31
  800.000000 -2.60933853045821471E-13 -2.62214308918968133E-13  1.36569952561962576E-15 -8.53562203512266099E-17  1.13125571057010709E-19 -5.58185383504987086E-22  4.99677670780831547E-25 -7.09769418722772096E-27 -6.93134197971457073E-31
  802.000000 -2.75015803310730648E-13 -2.76075924984088679E-13  1.17645990760265053E-15 -1.16420511689845627E-16  8.37729833294530632E-20 -1.49594613088309044E-21  4.10873876280145696E-25 -2.85329080750101174E-27  3.48302100525025847E-31
  804.000000 -2.76229073309446994E-13 -2.77454579145208451E-13  1.28086275883796506E-15 -5.54219462958734853E-17  6.61503265250226141E-20 -1.12756238394924897E-21  4.58806308573099383E-25 -3.58442428572733893E-27 -7.00082868306120867E-31
  806.000000 -2.64887335729748896E-13 -2.66162273107629367E-13  1.33675248770572785E-15 -6.18866892456355485E-17  7.25234639597291584E-20 -9.44315936975640083E-22  2.76655059660832056E-25 -4.32273530720050087E-27 -5.27677649804748641E-31
  808.000000 -2.40840718828329241E-13 -2.42010072096978529E-13  1.29363936564996752E-15 -1.24388400543266100E-16  1.03252090294703313E-19 -9.49008182855728910E-22  4.63382901785023882E-25 -2.89614313615639955E-27 -0.00000000000000000E+00
  810.000000 -2.80329764985842523E-13 -2.81611144181411548E-13  1.35005342558560211E-15 -6.87527207474149286E-17  7.93488431921514634E-20 -8.58340851838176859E-22  2.32839857812005421E-25 -4.36574733397510179E-27 -6.21749498246779647E-31
  812.000000 -3.46223226646358017E-13 -3.47322518236342315E-13  1.15573175917764369E-15 -5.65303577858630152E-17  9.20090458754280686E-20 -1.82101236628451388E-21  5.61578649142017057E-25 -2.55927769791283815E-27 -1.78521044776286143E-31
  814.000000 -1.92450477253953068E-13 -1.93908652045170371E-13  1.51491134410289353E-15 -5.68091754038585048E-17  7.39702804737740908E-20 -1.34841657113650689E-21  6.58406528875247507E-25 -4.04155793394404182E-27 -6.27905396342513568E-31
  816.000000 -2.84523535083705119E-13 -2.85798613046879992E-13  1.31938280170789771E-15 -4.44023058267080931E-17  9.91122897917591380E-20 -1.64541887349600123E-21  4.25343803465763213E-25 -2.58455436133710278E-27 -9.01421024461880170E-32
  818.000000 -1.95028562758120217E-13 -1.95819070581579961E-13  8.66907343720536247E-16 -7.64918244459296674E-17  9.33738091380977445E-20 -1.06990822970736995E-21  2.84954251520073665E-25 -7.42068363333525199E-28 -9.05845170084869650E-31
  820.000000 -2.08928998799896416E-13 -2.09896311091802642E-13  1.02488433150294254E-15 -5.76497436470405191E-17  7.81924691393236221E-20 -4.88702932120772619E-22  2.86349374289515243E-25 -2.23710448663683784E-27 -5.46168087557821738E-31
  822.000000 -2.62531707274176491E-13 -2.63651805219648981E-13  1.18437334376014194E-15 -6.43681165087033645E-17  9.42892331670459380E-20 -1.57148721945076566E-21  4.79579839920277629E-25 -4.49606099925260219E-27  9.14725951996379100E-32
  824.000000 -2.50512249838791461E-13 -2.51689526014787326E-13  1.24188910862559556E-15 -6.46817244075830941E-17  6.94823211409584067E-20 -6.90875352253847802E-22  3.37341480592699122E-25 -5.27096063426092378E-27 -5.51509552970939316E-31
  826.000000 -2.12212157123708784E-13 -2.12979202180949871E-13  8.31950008519335432E-16 -6.49960944155730853E-17  9.20354852564267267E-20 -8.92585525116207550E-22  2.42129319964249005E-25 -4.53992474932966869E-27 -1.84730010959052267E-31
  828.000000 -2.39777052752458157E-13 -2.40763305490047165E-13  1.04497962452277420E-15 -5.87801038794060462E-17  5.42134204616917730E-20 -9.96570229075216482E-22  9.73213114331266119E-26 -1.90080686392825409E-27  9.28128351527467841E-32
  830.000000 -2.00438285328858544E-13 -2.01606514971291510E-13  1.20753902196346481E-15 -3.93762724553303731E-17  6.72934343719024871E-20 -4.00556156975610062E-22  4.88960152558117752E-26 -2.29200071511617705E-27 -5.59570487088910413E-31
  832.000000 -1.34459294279173737E-13 -1.35052855488931458E-13  6.33060260104366129E-16 -3.95662662565228830E-17  6.76181308094873580E-20 -4.02488873865996156E-22  2.70225684358273804E-25 -2.30305980987165141E-27  9.37117435657410315E-32
  834.000000 -1.61945590734020058E-13 -1.62843514155751639E-13  9.54161215756357159E-16 -5.63220162078405274E-17  8.41206583986588817E-20  1.01106560575311150E-22  4.19631721137766000E-25 -1.54276368065355149E-27 -9.41628223055146173E-32
  836.000000 -2.03899251608019992E-13 -2.04531843355168747E-13  6.92425511358644204E-16 -5.99214384829595964E-17  8.77755446527728464E-20 -1.01592065570338944E-22  3.22435754983985891E-25 -1.93771487370183851E-27 -9.46149840674725770E-32
  838.000000 -2.18362734160774765E-13 -2.19212410895823643E-13  9.09817135065674232E-16 -6.02084868793460911E-17  6.85969088794633259E-20 -5.10393667257911638E-22  3.48901920977088043E-25 -1.55759786150485726E-27 -1.90136457703229646E-31
  840.000000 -2.33075070239761303E-13 -2.34026270710179076E-13  9.67939538782909690E-16 -1.68045058816477380E-17  6.56426011001864766E-20 -2.05133128438082754E-22  5.00813301850787973E-26 -1.56504156828371241E-27 -0.00000000000000000E+00
  842.000000 -2.27304114347758291E-13 -2.28226066784899705E-13  9.72554261867470242E-16 -5.06538678055974126E-17  5.27644456308306365E-20 -7.21388905109012655E-22  2.51600483087685759E-26 -2.35875452894705399E-27 -1.91955934972904784E-31
  844.000000 -2.41868932690705882E-13 -2.43209234320445452E-13  1.41148216346687093E-15 -7.12527053673180110E-17  7.28961829464748980E-20 -7.24820000888244741E-22  2.78076869760417549E-25 -9.87488884092391734E-28 -2.89303384011442917E-31
  846.000000 -2.29564347941845712E-13 -2.30399636109902938E-13  8.72725894355692958E-16 -3.74999407730961833E-17  6.32545165739370919E-20 -1.04037033838712320E-21  3.30195664038881894E-25 -1.78591404828722175E-27 -1.45338057315040840E-31
  848.000000 -1.88681784591011780E-13 -1.89401141250869578E-13  7.67249993493105863E-16 -4.79531245933191164E-17  6.02090013029955476E-20 -4.18118064604135731E-22  7.65597042121830591E-26 -1.79436806747304045E-27 -9.73506981050911665E-32
  850.000000 -2.10930181608901767E-13 -2.11439551555752777E-13  5.50623832176439492E-16 -4.12967874132329668E-17  4.36896351214215947E-20 -7.87673710121783530E-22  1.28202101256800697E-25 -1.80284204892375984E-27 -0.00000000000000000E+00
  852.000000 -1.62310685537491338E-13 -1.62867394387456739E-13  6.08539856746611458E-16 -5.18641923363589311E-17  3.37657502189836791E-20 -5.80348831888781984E-22  1.54567338038560543E-25 -8.05038218950836160E-28 -2.45678167404429980E-31
  854.000000 -1.90899221810943540E-13 -1.92090827936597742E-13  1.22280040931862001E-15 -3.12647831928056241E-17  7.12413679523565673E-20 -7.42097582837047513E-22  2.58823096692608667E-25 -8.08822177164402048E-28 -4.93665879616944610E-32
  856.000000 -1.92160890158843027E-13 -1.92991604323709976E-13  8.93479649646805417E-16 -6.28227878657909997E-17  5.79420243987872745E-20 -6.39066445574859679E-22  1.30018401199312272E-25 -2.03153751873925425E-27 -9.91961679071901488E-32
  858.000000 -2.00444550971971630E-13 -2.01075765115649216E-13  6.73244749271146958E-16 -4.20777968294466849E-17  4.79401982106326142E-20 -7.49065597041134597E-22  1.04501338872926140E-25 -1.22462506491710330E-27 -2.49150607282939281E-31
  860.000000 -1.58003267131425244E-13 -1.58725500866157585E-13  7.60935462248979849E-16 -3.87513429849017541E-17  4.98840974148682056E-20 -2.68772076588729540E-22  1.44360002074024655E-25 -1.43539774789513151E-27  2.50313502353364173E-32
  862.000000 -1.73664076319530003E-13 -1.73961400853915902E-13  3.39768361042804496E-16 -4.24710451303505620E-17  2.76504200067386472E-20 -4.32037812605291362E-22  9.22932338939526224E-26 -1.03005841399500695E-27 -1.76035373485474820E-31
  864.000000 -1.66602090167835352E-13 -1.67487516862641482E-13  9.10258243818703715E-16 -2.48898738544176789E-17  5.90301137730329963E-20 -7.05323050596901638E-22  5.29840031998874454E-26 -1.86271886249604305E-27 -1.51588449096357655E-31
  866.000000 -1.74872314115332667E-13 -1.75579637731815789E-13  7.43012789880730945E-16 -3.57217687442659118E-17  3.31403127998560717E-20 -5.45070934208159054E-22  1.06459166837531061E-25 -1.66342448183642282E-27 -2.53818432897403385E-32
  868.000000 -2.05244631219830137E-13 -2.05790159878088195E-13  5.74191294302701521E-16 -2.87095647151350736E-17  4.73119047429594101E-20 -3.83314043056384092E-22  8.02135971797678813E-26 -4.17779151977957715E-28 -2.03993726551737166E-31
  870.000000 -1.76783531175709244E-13 -1.77205366447113460E-13  4.32630289177523107E-16 -1.08157572294380774E-17  2.11245258387462449E-20 -3.85082502268811779E-22  1.34306118257816600E-26 -6.29559929333515312E-28 -3.07402309244880523E-31
  872.000000 -1.99219658318716953E-13 -2.00273670274259645E-13  1.10104159004945995E-15 -4.70840153639571660E-17  5.48228844757614240E-20 -4.42120036094850185E-22  9.44470291950668701E-26 -1.68655409276905130E-27 -5.14695462881180207E-32
  874.000000 -1.40830984276793360E-13 -1.41580548041515228E-13  7.85911759276503186E-16 -3.63848036702084790E-17  3.73086365758973674E-20 -4.99669239855768353E-22  1.49098351736476009E-25 -8.47149725775431854E-28 -1.03411831759696271E-31
  876.000000 -1.64247870573768878E-13 -1.64686506155582039E-13  4.67859392487449011E-16 -2.92412120304655632E-17  1.78474194521884541E-20 -4.46185486304711352E-22  1.22548503928906328E-25 -3.19136728981526865E-28 -2.07771307930681553E-31
  878.000000 -2.02488400597507775E-13 -2.03039211813639375E-13  5.87497719368169547E-16 -3.67186074605105967E-17  3.22722135883393904E-20 -1.68084445772600984E-22  9.57512305019699558E-26 -9.61786913524251891E-28 -1.82630978588046943E-31
  880.000000 -1.50591083585827728E-13 -1.51085387519976940E-13  5.31159565499918921E-16 -3.68860809374943702E-17  3.06183289031935651E-20 -1.68851078510258634E-22  1.09929087571782972E-25 -9.66173621236373803E-28 -2.35882231747161573E-31
  882.000000 -2.19492659916573234E-13 -2.20070733537682371E-13  6.22506115879758825E-16 -4.44647225628399196E-17  3.25669354708300192E-20 -3.39238911154479367E-22  9.66256664258364043E-26 -9.70570310080946064E-28 -1.84298832751915749E-31
  884.000000 -1.67283868603852379E-13 -1.67708213905981669E-13  4.46666052661527888E-16 -2.23333026330763950E-17  1.27224217473579717E-20 -1.70389576973544273E-22  6.93316963596778514E-26 -6.49984653371979803E-28 -7.93438297573217533E-32
  886.000000 -1.52412299936239308E-13 -1.53152666401900545E-13  7.77728384072151184E-16 -3.73907876957765002E-17  2.92115528873253896E-20 -3.42322885398344385E-22  5.57166154619701186E-26 -8.70572116593283103E-28 -1.06271010326328504E-31
  888.000000 -1.68692226014145174E-13 -1.69229369057603187E-13  5.70908737942908492E-16 -3.38038068518827400E-17  3.85134518169236936E-20 -4.01181789759621840E-22  9.79447728905326758E-26 -9.83820263409368344E-28 -8.00634979988092801E-32
  890.000000 -1.07590334508761378E-13 -1.08177059424330558E-13  6.03666626251844674E-16 -1.69781238633331311E-17  3.68448868561916915E-20 -4.31776017845996409E-22  7.02760445712884741E-26 -4.39225278570552945E-28 -1.20636825779265643E-31
  892.000000 -1.77979000485606333E-13 -1.78519091350786577E-13  5.76063643964834407E-16 -3.60039777478021504E-17  3.14590677278287675E-20 -2.60231258777995309E-22  1.27066044325193022E-25 -3.30901157096856858E-28 -1.48108428062558012E-31
  894.000000 -1.24186977850623899E-13 -1.24744711549500284E-13  5.78649785019654652E-16 -2.09379856421585568E-17  2.23060926585495980E-20 -4.06621480754810404E-22  2.83636635571156795E-26 -6.64773364619898738E-28 -1.21723638541241218E-31
  896.000000 -1.48337065069567731E-13 -1.48797879834550458E-13  4.89466709982073870E-16 -2.86796900380121428E-17  2.80075098027462332E-20 -2.62570404400745936E-22  9.97174929907346723E-26 -4.45167379422922632E-28 -8.15125816814433584E-32
  898.000000 -2.03932779508021456E-13 -2.04528175476442800E-13  6.14567834965272805E-16 -1.92052448426647752E-17  3.37592194499966763E-20 -3.80963413932254165E-22  4.29270673751788811E-26 -2.23578475912390006E-28 -8.18768832686975118E-32
  900.000000 -1.65355660317879151E-13 -1.65932492362784495E-13  6.17308379325835193E-16 -4.05108623932579333E-17  3.48516998825926199E-20 -3.23791130665978753E-22  6.46777382811125851E-26 -6.73726440428256094E-28 -9.59489966430215015E-32
