# Wavelength || Average || inc1 | inc2 | ...
  300.000000  2.41897997860124605E+02  2.41897997860124605E+02
  302.000000  2.50021808361051143E+02  2.50021808361051143E+02
  304.000000  2.58543352106088093E+02  2.58543352106088093E+02
  306.000000  2.67493179989983787E+02  2.67493179989983787E+02
  308.000000  2.76905348206507767E+02  2.76905348206507767E+02
  310.000000  2.86817989599445639E+02  2.86817989599445639E+02
  312.000000  2.97274007581737862E+02  2.97274007581737862E+02
  314.000000  3.08321925167168899E+02  3.08321925167168899E+02
  316.000000  3.20016931995792334E+02  3.20016931995792334E+02
  318.000000  3.32422186433741047E+02  3.32422186433741047E+02
  320.000000  3.45610449579662884E+02  3.45610449579662884E+02
  322.000000  3.59666155867609177E+02  3.59666155867609177E+02
  324.000000  3.74688064860831958E+02  3.74688064860831958E+02
  326.000000  3.90792697004768911E+02  3.90792697004768911E+02
  328.000000  4.08118842640633261E+02  4.08118842640633261E+02
  330.000000  4.26833565352427229E+02  4.26833565352427229E+02
  332.000000  4.47140327023774489E+02  4.47140327023774489E+02
  334.000000  4.69290195920069209E+02  4.69290195920069209E+02
  336.000000  4.93597662031520485E+02  4.93597662031520485E+02
  338.000000  5.20463580972773570E+02  5.20463580972773570E+02
  340.000000  5.50409640002060655E+02  5.50409640002060655E+02
  342.000000  5.84132463675318832E+02  5.84132463675318832E+02
  344.000000  6.22592884003975655E+02  6.22592884003975655E+02
  346.000000  6.67166715357015391E+02  6.67166715357015391E+02
  348.000000  7.19880452664341647E+02  7.19880452664341647E+02
  350.000000  7.83717558860731970E+02  7.83717558860731970E+02
  352.000000  8.63014990971562838E+02  8.63014990971562838E+02
  354.000000  9.63249099154037253E+02  9.63249099154037253E+02
  356.000000  1.09603889002668689E+03  1.09603889002668689E+03
  358.000000  1.27333694083197224E+03  1.27333694083197224E+03
  360.000000  1.45843448486488705E+03  1.45843448486488705E+03
  362.000000  1.65103375630057462E+03  1.65103375630057462E+03
  364.000000  1.95364391149679795E+03  1.95364391149679795E+03
  366.000000  2.45182426284183703E+03  2.45182426284183703E+03
  368.000000  3.26764437356916096E+03  3.26764437356916096E+03
  370.000000  4.60356591376180950E+03  4.60356591376180950E+03
  372.000000  6.59089428948738714E+03  6.59089428948738714E+03
  374.000000  8.45078506739697877E+03  8.45078506739697877E+03
  376.000000  8.19569286155275586E+03  8.19569286155275586E+03
  378.000000  6.15371074437582865E+03  6.15371074437582865E+03
  380.000000  4.32038994141681360E+03  4.32038994141681360E+03
  382.000000  3.17875224413896876E+03  3.17875224413896876E+03
  384.000000  2.51393142578029347E+03  2.51393142578029347E+03
  386.000000  2.12319827948198099E+03  2.12319827948198099E+03
  388.000000  1.88990955044730936E+03  1.88990955044730936E+03
  390.000000  1.75099082202551767E+03  1.75099082202551767E+03
  392.000000  1.67162583480946432E+03  1.67162583480946432E+03
  394.000000  1.63181806081127843E+03  1.63181806081127843E+03
  396.000000  1.61959227398965481E+03  1.61959227398965481E+03
  398.000000  1.62748960994932054E+03  1.62748960994932054E+03
  400.000000  1.65069261757565732E+03  1.65069261757565732E+03
  402.000000  1.68598026589111464E+03  1.68598026589111464E+03
  404.000000  1.73112117058021181E+03  1.73112117058021181E+03
  406.000000  1.78450684088124285E+03  1.78450684088124285E+03
  408.000000  1.84492099271568713E+03  1.84492099271568713E+03
  410.000000  1.91138848716110851E+03  1.91138848716110851E+03
  412.000000  1.98307230480499175E+03  1.98307230480499175E+03
  414.000000  2.05920046179891870E+03  2.05920046179891870E+03
  416.000000  2.13901239102908494E+03  2.13901239102908494E+03
  418.000000  2.22171879042685714E+03  2.22171879042685714E+03
  420.000000  2.30647168591032823E+03  2.30647168591032823E+03
  422.000000  2.39234320164564951E+03  2.39234320164564951E+03
  424.000000  2.47831265484409914E+03  2.47831265484409914E+03
  426.000000  2.56326228424180999E+03  2.56326228424180999E+03
  428.000000  2.64598226543202509E+03  2.64598226543202509E+03
  430.000000  2.72518569712049020E+03  2.72518569712049020E+03
  432.000000  2.79953397818363374E+03  2.79953397818363374E+03
  434.000000  2.86767244720712097E+03  2.86767244720712097E+03
  436.000000  2.92827530858986302E+03  2.92827530858986302E+03
  438.000000  2.98009766626456030E+03  2.98009766626456030E+03
  440.000000  3.02203094103381682E+03  3.02203094103381682E+03
  442.000000  3.05315644454846915E+03  3.05315644454846915E+03
  444.000000  3.07279129551811002E+03  3.07279129551811002E+03
  446.000000  3.08052186331500752E+03  3.08052186331500752E+03
  448.000000  3.07622200725077482E+03  3.07622200725077482E+03
  450.000000  3.06005527597634227E+03  3.06005527597634227E+03
  452.000000  3.03246141036529161E+03  3.03246141036529161E+03
  454.000000  2.99412845040361935E+03  2.99412845040361935E+03
  456.000000  2.94595290459034277E+03  2.94595290459034277E+03
  458.000000  2.88899158142133820E+03  2.88899158142133820E+03
  460.000000  2.82440936253705195E+03  2.82440936253705195E+03
  462.000000  2.75342720211538381E+03  2.75342720211538381E+03
  464.000000  2.67727404176752043E+03  2.67727404176752043E+03
  466.000000  2.59714535730037142E+03  2.59714535730037142E+03
  468.000000  2.51416994626730275E+03  2.51416994626730275E+03
  470.000000  2.42938552008593570E+03  2.42938552008593570E+03
  472.000000  2.34372280910798509E+03  2.34372280910798509E+03
  474.000000  2.25799728197069544E+03  2.25799728197069544E+03
  476.000000  2.17290722488358278E+03  2.17290722488358278E+03
  478.000000  2.08903678829536557E+03  2.08903678829536557E+03
  480.000000  2.00686263527920073E+03  2.00686263527920073E+03
  482.000000  1.92676296195333953E+03  1.92676296195333953E+03
  484.000000  1.84902785535124758E+03  1.84902785535124758E+03
  486.000000  1.77387016930967161E+03  1.77387016930967161E+03
  488.000000  1.70143630710539401E+03  1.70143630710539401E+03
  490.000000  1.63181648452731361E+03  1.63181648452731361E+03
  492.000000  1.56505420113685341E+03  1.56505420113685341E+03
  494.000000  1.50115476897683584E+03  1.50115476897683584E+03
  496.000000  1.44009283902056700E+03  1.44009283902056700E+03
  498.000000  1.38181893028702416E+03  1.38181893028702416E+03
  500.000000  1.32626500960144313E+03  1.32626500960144313E+03
  502.000000  1.27334919622604821E+03  1.27334919622604821E+03
  504.000000  1.22297967930905384E+03  1.22297967930905384E+03
  506.000000  1.17505794089749179E+03  1.17505794089749179E+03
  508.000000  1.12948137601677672E+03  1.12948137601677672E+03
  510.000000  1.08614539623821452E+03  1.08614539623821452E+03
  512.000000  1.04494509586989057E+03  1.04494509586989057E+03
  514.000000  1.00577655157249490E+03  1.00577655157249490E+03
  516.000000  9.68537817609901367E+02  9.68537817609901367E+02
  518.000000  9.33129670605775004E+02  9.33129670605775004E+02
  520.000000  8.99456149900167361E+02  8.99456149900167361E+02
  522.000000  8.67424932547296294E+02  8.67424932547296294E+02
  524.000000  8.36947575734084126E+02  8.36947575734084126E+02
  526.000000  8.07939653928796474E+02  8.07939653928796474E+02
  528.000000  7.80320813352434470E+02  7.80320813352434470E+02
  530.000000  7.54014762342216159E+02  7.54014762342216159E+02
  532.000000  7.28949212773207819E+02  7.28949212773207819E+02
  534.000000  7.05055784849453516E+02  7.05055784849453516E+02
  536.000000  6.82269885194426479E+02  6.82269885194426479E+02
  538.000000  6.60530566197317285E+02  6.60530566197317285E+02
  540.000000  6.39780372944221426E+02  6.39780372944221426E+02
  542.000000  6.19965182727648994E+02  6.19965182727648994E+02
  544.000000  6.01034041037221868E+02  6.01034041037221868E+02
  546.000000  5.82938997047075759E+02  5.82938997047075759E+02
  548.000000  5.65634940898170726E+02  5.65634940898170726E+02
  550.000000  5.49079444494904237E+02  5.49079444494904237E+02
  552.000000  5.33232607072524843E+02  5.33232607072524843E+02
  554.000000  5.18056906421861981E+02  5.18056906421861981E+02
  556.000000  5.03517056366203519E+02  5.03517056366203519E+02
  558.000000  4.89579870854352180E+02  4.89579870854352180E+02
  560.000000  4.76214134855219811E+02  4.76214134855219811E+02
  562.000000  4.63390482100959161E+02  4.63390482100959161E+02
  564.000000  4.51081279620276746E+02  4.51081279620276746E+02
  566.000000  4.39260518924976736E+02  4.39260518924976736E+02
  568.000000  4.27903713655367767E+02  4.27903713655367767E+02
  570.000000  4.16987803448989609E+02  4.16987803448989609E+02
  572.000000  4.06491063770283120E+02  4.06491063770283120E+02
  574.000000  3.96393021421148205E+02  3.96393021421148205E+02
  576.000000  3.86674375443794077E+02  3.86674375443794077E+02
  578.000000  3.77316923124562891E+02  3.77316923124562891E+02
  580.000000  3.68303490809308698E+02  3.68303490809308698E+02
  582.000000  3.59617869246596513E+02  3.59617869246596513E+02
  584.000000  3.51244753183406658E+02  3.51244753183406658E+02
  586.000000  3.43169684947708845E+02  3.43169684947708845E+02
  588.000000  3.35379001763886151E+02  3.35379001763886151E+02
  590.000000  3.27859786558929557E+02  3.27859786558929557E+02
  592.000000  3.20599822029805694E+02  3.20599822029805694E+02
  594.000000  3.13587547755087314E+02  3.13587547755087314E+02
  596.000000  3.06812020146429631E+02  3.06812020146429631E+02
  598.000000  3.00262875047694649E+02  3.00262875047694649E+02
  600.000000  2.93930292801659903E+02  2.93930292801659903E+02
  602.000000  2.87804965615538777E+02  2.87804965615538777E+02
  604.000000  2.81878067067674408E+02  2.81878067067674408E+02
  606.000000  2.76141223608174244E+02  2.76141223608174244E+02
  608.000000  2.70586487916234603E+02  2.70586487916234603E+02
  610.000000  2.65206313986208784E+02  2.65206313986208784E+02
  612.000000  2.59993533823343398E+02  2.59993533823343398E+02
  614.000000  2.54941335638384885E+02  2.54941335638384885E+02
  616.000000  2.50043243437944483E+02  2.50043243437944483E+02
  618.000000  2.45293097914875489E+02  2.45293097914875489E+02
  620.000000  2.40685038549599909E+02  2.40685038549599909E+02
  622.000000  2.36213486839624750E+02  2.36213486839624750E+02
  624.000000  2.31873130580453932E+02  2.31873130580453932E+02
  626.000000  2.27658909126442211E+02  2.27658909126442211E+02
  628.000000  2.23565999565328127E+02  2.23565999565328127E+02
  630.000000  2.19589803744844232E+02  2.19589803744844232E+02
  632.000000  2.15725936094175154E+02  2.15725936094175154E+02
  634.000000  2.11970212187133370E+02  2.11970212187133370E+02
  636.000000  2.08318637997675495E+02  2.08318637997675495E+02
  638.000000  2.04767399801899188E+02  2.04767399801899188E+02
  640.000000  2.01312854683829045E+02  2.01312854683829045E+02
  642.000000  1.97951521605412324E+02  1.97951521605412324E+02
  644.000000  1.94680073003852499E+02  1.94680073003852499E+02
  646.000000  1.91495326882039052E+02  1.91495326882039052E+02
  648.000000  1.88394239360135487E+02  1.88394239360135487E+02
  650.000000  1.85373897658758636E+02  1.85373897658758636E+02
  652.000000  1.82431513486076483E+02  1.82431513486076483E+02
  654.000000  1.79564416803177863E+02  1.79564416803177863E+02
  656.000000  1.76770049943728822E+02  1.76770049943728822E+02
  658.000000  1.74045962065710597E+02  1.74045962065710597E+02
  660.000000  1.71389803914372010E+02  1.71389803914372010E+02
  662.000000  1.68799322877113241E+02  1.68799322877113241E+02
  664.000000  1.66272358312205569E+02  1.66272358312205569E+02
  666.000000  1.63806837134523022E+02  1.63806837134523022E+02
  668.000000  1.61400769642561812E+02  1.61400769642561812E+02
  670.000000  1.59052245572098201E+02  1.59052245572098201E+02
  672.000000  1.56759430362782695E+02  1.56759430362782695E+02
  674.000000  1.54520561624865536E+02  1.54520561624865536E+02
  676.000000  1.52333945794128965E+02  1.52333945794128965E+02
  678.000000  1.50197954963816585E+02  1.50197954963816585E+02
  680.000000  1.48111023883160129E+02  1.48111023883160129E+02
  682.000000  1.46071647112679045E+02  1.46071647112679045E+02
  684.000000  1.44078376327148362E+02  1.44078376327148362E+02
  686.000000  1.42129817757664739E+02  1.42129817757664739E+02
  688.000000  1.40224629764764416E+02  1.40224629764764416E+02
  690.000000  1.38361520535135071E+02  1.38361520535135071E+02
  692.000000  1.36539245894852485E+02  1.36539245894852485E+02
  694.000000  1.34756607232534236E+02  1.34756607232534236E+02
  696.000000  1.33012449526252311E+02  1.33012449526252311E+02
  698.000000  1.31305659468398119E+02  1.31305659468398119E+02
  700.000000  1.29635163683017282E+02  1.29635163683017282E+02
  702.000000  1.27999927030552911E+02  1.27999927030552911E+02
  704.000000  1.26398950995144290E+02  1.26398950995144290E+02
  706.000000  1.24831272150015749E+02  1.24831272150015749E+02
  708.000000  1.23295960696679884E+02  1.23295960696679884E+02
  710.000000  1.21792119073977275E+02  1.21792119073977275E+02
  712.000000  1.20318880633233803E+02  1.20318880633233803E+02
  714.000000  1.18875408375950727E+02  1.18875408375950727E+02
  716.000000  1.17460893750773621E+02  1.17460893750773621E+02
  718.000000  1.16074555506543945E+02  1.16074555506543945E+02
  720.000000  1.14715638598580071E+02  1.14715638598580071E+02
  722.000000  1.13383413145315942E+02  1.13383413145315942E+02
  724.000000  1.12077173432761981E+02  1.12077173432761981E+02
  726.000000  1.10796236964290415E+02  1.10796236964290415E+02
  728.000000  1.09539943553420954E+02  1.09539943553420954E+02
  730.000000  1.08307654457434552E+02  1.08307654457434552E+02
  732.000000  1.07098751549733038E+02  1.07098751549733038E+02
  734.000000  1.05912636528980983E+02  1.05912636528980983E+02
  736.000000  1.04748730163236004E+02  1.04748730163236004E+02
  738.000000  1.03606471567254289E+02  1.03606471567254289E+02
  740.000000  1.02485317511395053E+02  1.02485317511395053E+02
  742.000000  1.01384741760522431E+02  1.01384741760522431E+02
  744.000000  1.00304234441466164E+02  1.00304234441466164E+02
  746.000000  9.92433014376208007E+01  9.92433014376208007E+01
  748.000000  9.82014638094041743E+01  9.82014638094041743E+01
  750.000000  9.71782572392978636E+01  9.71782572392978636E+01
  752.000000  9.61732315003088871E+01  9.61732315003088871E+01
  754.000000  9.51859499467448416E+01  9.51859499467448416E+01
  756.000000  9.42159890262161639E+01  9.42159890262161639E+01
  758.000000  9.32629378119039245E+01  9.32629378119039245E+01
  760.000000  9.23263975541158288E+01  9.23263975541158288E+01
  762.000000  9.14059812502367208E+01  9.14059812502367208E+01
  764.000000  9.05013132322309275E+01  9.05013132322309275E+01
  766.000000  8.96120287708841374E+01  8.96120287708841374E+01
  768.000000  8.87377736960040835E+01  8.87377736960040835E+01
  770.000000  8.78782040318713058E+01  8.78782040318713058E+01
  772.000000  8.70329856472385472E+01  8.70329856472385472E+01
  774.000000  8.62017939192203926E+01  8.62017939192203926E+01
  776.000000  8.53843134104507726E+01  8.53843134104507726E+01
  778.000000  8.45802375589310316E+01  8.45802375589310316E+01
  780.000000  8.37892683799732936E+01  8.37892683799732936E+01
  782.000000  8.30111161797362058E+01  8.30111161797362058E+01
  784.000000  8.22454992798267028E+01  8.22454992798267028E+01
  786.000000  8.14921437524864558E+01  8.14921437524864558E+01
  788.000000  8.07507831659086435E+01  8.07507831659086435E+01
  790.000000  8.00211583392331391E+01  8.00211583392331391E+01
  792.000000  7.93030171068211160E+01  7.93030171068211160E+01
  794.000000  7.85961140913997411E+01  7.85961140913997411E+01
  796.000000  7.79002104856969595E+01  7.79002104856969595E+01
  798.000000  7.72150738422214431E+01  7.72150738422214431E+01
  800.000000  7.65404778708229117E+01  7.65404778708229117E+01
  802.000000  7.58762022437204706E+01  7.58762022437204706E+01
  804.000000  7.52220324076899800E+01  7.52220324076899800E+01
  806.000000  7.45777594030958824E+01  7.45777594030958824E+01
  808.000000  7.39431796895048876E+01  7.39431796895048876E+01
  810.000000  7.33180949775928639E+01  7.33180949775928639E+01
  812.000000  7.27023120671002374E+01  7.27023120671002374E+01
  814.000000  7.20956426905817835E+01  7.20956426905817835E+01
  816.000000  7.14979033627183753E+01  7.14979033627183753E+01
  818.000000  7.09089152349690721E+01  7.09089152349690721E+01
  820.000000  7.03285039553421427E+01  7.03285039553421427E+01
  822.000000  6.97564995330872790E+01  6.97564995330872790E+01
  824.000000  6.91927362081082293E+01  6.91927362081082293E+01
  826.000000  6.86370523249123465E+01  6.86370523249123465E+01
  828.000000  6.80892902109162890E+01  6.80892902109162890E+01
  830.000000  6.75492960589442646E+01  6.75492960589442646E+01
  832.000000  6.70169198137336366E+01  6.70169198137336366E+01
  834.000000  6.64920150623254358E+01  6.64920150623254358E+01
  836.000000  6.59744389281547541E+01  6.59744389281547541E+01
  838.000000  6.54640519687349354E+01  6.54640519687349354E+01
  840.000000  6.49607180767567911E+01  6.49607180767567911E+01
  842.000000  6.44643043845045867E+01  6.44643043845045867E+01
  844.000000  6.39746811714626347E+01  6.39746811714626347E+01
  846.000000  6.34917217749597356E+01  6.34917217749597356E+01
  848.000000  6.30153025037810792E+01  6.30153025037810792E+01
  850.000000  6.25453025545960628E+01  6.25453025545960628E+01
  852.000000  6.20816039311316104E+01  6.20816039311316104E+01
  854.000000  6.16240913659644107E+01  6.16240913659644107E+01
  856.000000  6.11726522448464891E+01  6.11726522448464891E+01
  858.000000  6.07271765334683096E+01  6.07271765334683096E+01
  860.000000  6.02875567065709035E+01  6.02875567065709035E+01
  862.000000  5.98536876793256951E+01  5.98536876793256951E+01
  864.000000  5.94254667408862858E+01  5.94254667408862858E+01
  866.000000  5.90027934900481199E+01  5.90027934900481199E+01
  868.000000  5.85855697729354574E+01  5.85855697729354574E+01
  870.000000  5.81736996226464598E+01  5.81736996226464598E+01
  872.000000  5.77670892007689645E+01  5.77670892007689645E+01
  874.000000  5.73656467407293249E+01  5.73656467407293249E+01
  876.000000  5.69692824928855543E+01  5.69692824928855543E+01
  878.000000  5.65779086713141197E+01  5.65779086713141197E+01
  880.000000  5.61914394022354955E+01  5.61914394022354955E+01
  882.000000  5.58097906740018104E+01  5.58097906740018104E+01
  884.000000  5.54328802886192662E+01  5.54328802886192662E+01
  886.000000  5.50606278147318449E+01  5.50606278147318449E+01
  888.000000  5.46929545420201038E+01  5.46929545420201038E+01
  890.000000  5.43297834369793264E+01  5.43297834369793264E+01
  892.000000  5.39710391000054486E+01  5.39710391000054486E+01
  894.000000  5.36166477237718624E+01  5.36166477237718624E+01
  896.000000  5.32665370528326534E+01  5.32665370528326534E+01
  898.000000  5.29206363444209629E+01  5.29206363444209629E+01
  900.000000  5.25788763303979678E+01  5.25788763303979678E+01
