# Wavelength || Average || inc1 | inc2 | ...
  300.000000  2.98287357320166507E+02  2.98287357320166507E+02
  302.000000  3.10538030913951502E+02  3.10538030913951502E+02
  304.000000  3.23465942049993714E+02  3.23465942049993714E+02
  306.000000  3.37122552820258022E+02  3.37122552820258022E+02
  308.000000  3.51564704732677683E+02  3.51564704732677683E+02
  310.000000  3.66855390228056706E+02  3.66855390228056706E+02
  312.000000  3.83064675414373824E+02  3.83064675414373824E+02
  314.000000  4.00270812998980205E+02  4.00270812998980205E+02
  316.000000  4.18561596982459491E+02  4.18561596982459491E+02
  318.000000  4.38036028159631485E+02  4.38036028159631485E+02
  320.000000  4.58806384107317058E+02  4.58806384107317058E+02
  322.000000  4.81000822592989152E+02  4.81000822592989152E+02
  324.000000  5.04766698665983824E+02  5.04766698665983824E+02
  326.000000  5.30274851869889289E+02  5.30274851869889289E+02
  328.000000  5.57725235556787425E+02  5.57725235556787425E+02
  330.000000  5.87354439960387481E+02  5.87354439960387481E+02
  332.000000  6.19445948327709971E+02  6.19445948327709971E+02
  334.000000  6.54344441951178624E+02  6.54344441951178624E+02
  336.000000  6.92476292411307327E+02  6.92476292411307327E+02
  338.000000  7.34379869978725992E+02  7.34379869978725992E+02
  340.000000  7.80752155513818821E+02  7.80752155513818821E+02
  342.000000  8.32523924926108066E+02  8.32523924926108066E+02
  344.000000  8.90987376761014843E+02  8.90987376761014843E+02
  346.000000  9.58016959625828122E+02  9.58016959625828122E+02
  348.000000  1.03642158088105725E+03  1.03642158088105725E+03
  350.000000  1.13042867033313337E+03  1.13042867033313337E+03
  352.000000  1.24636975420011913E+03  1.24636975420011913E+03
  354.000000  1.39315030933754110E+03  1.39315030933754110E+03
  356.000000  1.58916459206556010E+03  1.58916459206556010E+03
  358.000000  1.83763340571623576E+03  1.83763340571623576E+03
  360.000000  2.06593058010582217E+03  2.06593058010582217E+03
  362.000000  2.31800324394752488E+03  2.31800324394752488E+03
  364.000000  2.74378549035094693E+03  2.74378549035094693E+03
  366.000000  3.45967409821144474E+03  3.45967409821144474E+03
  368.000000  4.62842089680994286E+03  4.62842089680994286E+03
  370.000000  6.33311796184192008E+03  6.33311796184192008E+03
  372.000000  7.82858562949219959E+03  7.82858562949219959E+03
  374.000000  7.52570444292948559E+03  7.52570444292948559E+03
  376.000000  5.94961683145167626E+03  5.94961683145167626E+03
  378.000000  4.60253701367560461E+03  4.60253701367560461E+03
  380.000000  3.78866646796448777E+03  3.78866646796448777E+03
  382.000000  3.34397297822177507E+03  3.34397297822177507E+03
  384.000000  3.11684997948915452E+03  3.11684997948915452E+03
  386.000000  3.01805473231509950E+03  3.01805473231509950E+03
  388.000000  2.99801829061804074E+03  2.99801829061804074E+03
  390.000000  3.02843565604169498E+03  3.02843565604169498E+03
  392.000000  3.09218456185831064E+03  3.09218456185831064E+03
  394.000000  3.17810345411731987E+03  3.17810345411731987E+03
  396.000000  3.27825272888435484E+03  3.27825272888435484E+03
  398.000000  3.38644184497472725E+03  3.38644184497472725E+03
  400.000000  3.49742825536422197E+03  3.49742825536422197E+03
  402.000000  3.60649619333293958E+03  3.60649619333293958E+03
  404.000000  3.70926709819741836E+03  3.70926709819741836E+03
  406.000000  3.80166096639628540E+03  3.80166096639628540E+03
  408.000000  3.87995795735740830E+03  3.87995795735740830E+03
  410.000000  3.94092115289280082E+03  3.94092115289280082E+03
  412.000000  3.98194478746341065E+03  3.98194478746341065E+03
  414.000000  4.00119389741049145E+03  4.00119389741049145E+03
  416.000000  3.99770516668511345E+03  3.99770516668511345E+03
  418.000000  3.97142662255849928E+03  3.97142662255849928E+03
  420.000000  3.92318544036314779E+03  3.92318544036314779E+03
  422.000000  3.85458633297707775E+03  3.85458633297707775E+03
  424.000000  3.76785484036642993E+03  3.76785484036642993E+03
  426.000000  3.66564765355856571E+03  3.66564765355856571E+03
  428.000000  3.55085457897036576E+03  3.55085457897036576E+03
  430.000000  3.42641418558744999E+03  3.42641418558744999E+03
  432.000000  3.29515916263238205E+03  3.29515916263238205E+03
  434.000000  3.15970004158258644E+03  3.15970004158258644E+03
  436.000000  3.02234905953039106E+03  3.02234905953039106E+03
  438.000000  2.88508073557859689E+03  2.88508073557859689E+03
  440.000000  2.74952261068406369E+03  2.74952261068406369E+03
  442.000000  2.61696838992413677E+03  2.61696838992413677E+03
  444.000000  2.48840593466250539E+03  2.48840593466250539E+03
  446.000000  2.36455361564336363E+03  2.36455361564336363E+03
  448.000000  2.24589997004048882E+03  2.24589997004048882E+03
  450.000000  2.13274306183952331E+03  2.13274306183952331E+03
  452.000000  2.02522722566996140E+03  2.02522722566996140E+03
  454.000000  1.92337589339025271E+03  1.92337589339025271E+03
  456.000000  1.82711994988623178E+03  1.82711994988623178E+03
  458.000000  1.73632157074190513E+03  1.73632157074190513E+03
  460.000000  1.65079380772080594E+03  1.65079380772080594E+03
  462.000000  1.57031635826697220E+03  1.57031635826697220E+03
  464.000000  1.49464802645144232E+03  1.49464802645144232E+03
  466.000000  1.42353639002413024E+03  1.42353639002413024E+03
  468.000000  1.35672515752093204E+03  1.35672515752093204E+03
  470.000000  1.29395964891976405E+03  1.29395964891976405E+03
  472.000000  1.23499077514973101E+03  1.23499077514973101E+03
  474.000000  1.17957783325681248E+03  1.17957783325681248E+03
  476.000000  1.12749037944318457E+03  1.12749037944318457E+03
  478.000000  1.07850939360098573E+03  1.07850939360098573E+03
  480.000000  1.03242790708237817E+03  1.03242790708237817E+03
  482.000000  9.89051230205590855E+02  9.89051230205590855E+02
  484.000000  9.48196886871759716E+02  9.48196886871759716E+02
  486.000000  9.09694339943139198E+02  9.09694339943139198E+02
  488.000000  8.73384571931276923E+02  8.73384571931276923E+02
  490.000000  8.39119570315293231E+02  8.39119570315293231E+02
  492.000000  8.06761754772298445E+02  8.06761754772298445E+02
  494.000000  7.76183374159445862E+02  7.76183374159445862E+02
  496.000000  7.47265893732666882E+02  7.47265893732666882E+02
  498.000000  7.19899387399609736E+02  7.19899387399609736E+02
  500.000000  6.93981945436973774E+02  6.93981945436973774E+02
  502.000000  6.69419104773778258E+02  6.69419104773778258E+02
  504.000000  6.46123306427855937E+02  6.46123306427855937E+02
  506.000000  6.24013382800158638E+02  6.24013382800158638E+02
  508.000000  6.03014076141043915E+02  6.03014076141043915E+02
  510.000000  5.83055588488312992E+02  5.83055588488312992E+02
  512.000000  5.64073162652996416E+02  5.64073162652996416E+02
  514.000000  5.46006693324830508E+02  5.46006693324830508E+02
  516.000000  5.28800367032530062E+02  5.28800367032530062E+02
  518.000000  5.12402329481548918E+02  5.12402329481548918E+02
  520.000000  4.96764378673083343E+02  4.96764378673083343E+02
  522.000000  4.81841682156726108E+02  4.81841682156726108E+02
  524.000000  4.67592516767444351E+02  4.67592516767444351E+02
  526.000000  4.53978029230396885E+02  4.53978029230396885E+02
  528.000000  4.40962016073661289E+02  4.40962016073661289E+02
  530.000000  4.28510721361449043E+02  4.28510721361449043E+02
  532.000000  4.16592650841921625E+02  4.16592650841921625E+02
  534.000000  4.05178401190727072E+02  4.05178401190727072E+02
  536.000000  3.94240503119543746E+02  3.94240503119543746E+02
  538.000000  3.83753277206744713E+02  3.83753277206744713E+02
  540.000000  3.73692701392601691E+02  3.73692701392601691E+02
  542.000000  3.64036289163275910E+02  3.64036289163275910E+02
  544.000000  3.54762977525782276E+02  3.54762977525782276E+02
  546.000000  3.45853023948903740E+02  3.45853023948903740E+02
  548.000000  3.37287911513856784E+02  3.37287911513856784E+02
  550.000000  3.29050261581737914E+02  3.29050261581737914E+02
  552.000000  3.21123753343961539E+02  3.21123753343961539E+02
  554.000000  3.13493049675954865E+02  3.13493049675954865E+02
  556.000000  3.06143728764719413E+02  3.06143728764719413E+02
  558.000000  2.99062221026386567E+02  2.99062221026386567E+02
  560.000000  2.92235750872192057E+02  2.92235750872192057E+02
  562.000000  2.85652282919705442E+02  2.85652282919705442E+02
  564.000000  2.79300472281188149E+02  2.79300472281188149E+02
  566.000000  2.73169618593090490E+02  2.73169618593090490E+02
  568.000000  2.67249623480035382E+02  2.67249623480035382E+02
  570.000000  2.61530951173009839E+02  2.61530951173009839E+02
  572.000000  2.56004592026184753E+02  2.56004592026184753E+02
  574.000000  2.50662028698468788E+02  2.50662028698468788E+02
  576.000000  2.45495204786309444E+02  2.45495204786309444E+02
  578.000000  2.40496495712562108E+02  2.40496495712562108E+02
  580.000000  2.35658681692808983E+02  2.35658681692808983E+02
  582.000000  2.30974922615793190E+02  2.30974922615793190E+02
  584.000000  2.26438734688561595E+02  2.26438734688561595E+02
  586.000000  2.22043968709287071E+02  2.22043968709287071E+02
  588.000000  2.17784789842432502E+02  2.17784789842432502E+02
  590.000000  2.13655658781280380E+02  2.13655658781280380E+02
  592.000000  2.09651314192392249E+02  2.09651314192392249E+02
  594.000000  2.05766756345292237E+02  2.05766756345292237E+02
  596.000000  2.01997231838595752E+02  2.01997231838595752E+02
  598.000000  1.98338219340956357E+02  1.98338219340956357E+02
  600.000000  1.94785416271969950E+02  1.94785416271969950E+02
  602.000000  1.91334726354065026E+02  1.91334726354065026E+02
  604.000000  1.87982247971994866E+02  1.87982247971994866E+02
  606.000000  1.84724263281568767E+02  1.84724263281568767E+02
  608.000000  1.81557228013878813E+02  1.81557228013878813E+02
  610.000000  1.78477761925474596E+02  1.78477761925474596E+02
  612.000000  1.75482639848835902E+02  1.75482639848835902E+02
  614.000000  1.72568783301006704E+02  1.72568783301006704E+02
  616.000000  1.69733252611472238E+02  1.69733252611472238E+02
  618.000000  1.66973239533411373E+02  1.66973239533411373E+02
  620.000000  1.64286060305100222E+02  1.64286060305100222E+02
  622.000000  1.61669149130779545E+02  1.61669149130779545E+02
  624.000000  1.59120052052627955E+02  1.59120052052627955E+02
  626.000000  1.56636421187521535E+02  1.56636421187521535E+02
  628.000000  1.54216009304292442E+02  1.54216009304292442E+02
  630.000000  1.51856664718913493E+02  1.51856664718913493E+02
  632.000000  1.49556326486710731E+02  1.49556326486710731E+02
  634.000000  1.47313019872222640E+02  1.47313019872222640E+02
  636.000000  1.45124852078703043E+02  1.45124852078703043E+02
  638.000000  1.42990008220586105E+02  1.42990008220586105E+02
  640.000000  1.40906747523352919E+02  1.40906747523352919E+02
  642.000000  1.38873399736404650E+02  1.38873399736404650E+02
  644.000000  1.36888361745511560E+02  1.36888361745511560E+02
  646.000000  1.34950094372378913E+02  1.34950094372378913E+02
  648.000000  1.33057119349658450E+02  1.33057119349658450E+02
  650.000000  1.31208016460643535E+02  1.31208016460643535E+02
  652.000000  1.29401420833521712E+02  1.29401420833521712E+02
  654.000000  1.27636020380809526E+02  1.27636020380809526E+02
  656.000000  1.25910553375170224E+02  1.25910553375170224E+02
  658.000000  1.24223806153473490E+02  1.24223806153473490E+02
  660.000000  1.22574610941416239E+02  1.22574610941416239E+02
  662.000000  1.20961843791605347E+02  1.20961843791605347E+02
  664.000000  1.19384422628405503E+02  1.19384422628405503E+02
  666.000000  1.17841305393344271E+02  1.17841305393344271E+02
  668.000000  1.16331488285219791E+02  1.16331488285219791E+02
  670.000000  1.14854004089476476E+02  1.14854004089476476E+02
  672.000000  1.13407920591738460E+02  1.13407920591738460E+02
  674.000000  1.11992339070700496E+02  1.11992339070700496E+02
  676.000000  1.10606392865923084E+02  1.10606392865923084E+02
  678.000000  1.09249246016300077E+02  1.09249246016300077E+02
  680.000000  1.07920091965294844E+02  1.07920091965294844E+02
  682.000000  1.06618152329216244E+02  1.06618152329216244E+02
  684.000000  1.05342675725088483E+02  1.05342675725088483E+02
  686.000000  1.04092936654853418E+02  1.04092936654853418E+02
  688.000000  1.02868234442834463E+02  1.02868234442834463E+02
  690.000000  1.01667892223607097E+02  1.01667892223607097E+02
  692.000000  1.00491255977569281E+02  1.00491255977569281E+02
  694.000000  9.93376936116503657E+01  9.93376936116503657E+01
  696.000000  9.82065940827961441E+01  9.82065940827961441E+01
  698.000000  9.70973665619747521E+01  9.70973665619747521E+01
  700.000000  9.60094396365623481E+01  9.60094396365623481E+01
  702.000000  9.49422605491483580E+01  9.49422605491483580E+01
  704.000000  9.38952944708464230E+01  9.38952944708464230E+01
  706.000000  9.28680238073719551E+01  9.28680238073719551E+01
  708.000000  9.18599475361901199E+01  9.18599475361901199E+01
  710.000000  9.08705805731653982E+01  9.08705805731653982E+01
  712.000000  8.98994531672447295E+01  8.98994531672447295E+01
  714.000000  8.89461103217346363E+01  8.89461103217346363E+01
  716.000000  8.80101112408900406E+01  8.80101112408900406E+01
  718.000000  8.70910288005099460E+01  8.70910288005099460E+01
  720.000000  8.61884490414305446E+01  8.61884490414305446E+01
  722.000000  8.53019706847156272E+01  8.53019706847156272E+01
  724.000000  8.44312046675510715E+01  8.44312046675510715E+01
  726.000000  8.35757736988146576E+01  8.35757736988146576E+01
  728.000000  8.27353118333767554E+01  8.27353118333767554E+01
  730.000000  8.19094640642477145E+01  8.19094640642477145E+01
  732.000000  8.10978859317152683E+01  8.10978859317152683E+01
  734.000000  8.03002431486640091E+01  8.03002431486640091E+01
  736.000000  7.95162112413428730E+01  7.95162112413428730E+01
  738.000000  7.87454752048208491E+01  7.87454752048208491E+01
  740.000000  7.79877291724829291E+01  7.79877291724829291E+01
  742.000000  7.72426760988972632E+01  7.72426760988972632E+01
  744.000000  7.65100274554555426E+01  7.65100274554555426E+01
  746.000000  7.57895029381784440E+01  7.57895029381784440E+01
  748.000000  7.50808301871694965E+01  7.50808301871694965E+01
  750.000000  7.43837445171554918E+01  7.43837445171554918E+01
  752.000000  7.36979886586388204E+01  7.36979886586388204E+01
  754.000000  7.30233125091845636E+01  7.30233125091845636E+01
  756.000000  7.23594728943757417E+01  7.23594728943757417E+01
  758.000000  7.17062333380361423E+01  7.17062333380361423E+01
  760.000000  7.10633638412924569E+01  7.10633638412924569E+01
  762.000000  7.04306406700932541E+01  7.04306406700932541E+01
  764.000000  6.98078461508262507E+01  6.98078461508262507E+01
  766.000000  6.91947684736764046E+01  6.91947684736764046E+01
  768.000000  6.85912015033898967E+01  6.85912015033898967E+01
  770.000000  6.79969445971306214E+01  6.79969445971306214E+01
  772.000000  6.74118024291318960E+01  6.74118024291318960E+01
  774.000000  6.68355848218444493E+01  6.68355848218444493E+01
  776.000000  6.62681065833130134E+01  6.62681065833130134E+01
  778.000000  6.57091873505299588E+01  6.57091873505299588E+01
  780.000000  6.51586514384941182E+01  6.51586514384941182E+01
  782.000000  6.46163276947608125E+01  6.46163276947608125E+01
  784.000000  6.40820493592435412E+01  6.40820493592435412E+01
  786.000000  6.35556539290548201E+01  6.35556539290548201E+01
  788.000000  6.30369830281846859E+01  6.30369830281846859E+01
  790.000000  6.25258822818081867E+01  6.25258822818081867E+01
  792.000000  6.20222011950509895E+01  6.20222011950509895E+01
  794.000000  6.15257930360217244E+01  6.15257930360217244E+01
  796.000000  6.10365147229410994E+01  6.10365147229410994E+01
  798.000000  6.05542267152154281E+01  6.05542267152154281E+01
  800.000000  6.00787929082799650E+01  6.00787929082799650E+01
  802.000000  5.96100805320782214E+01  5.96100805320782214E+01
  804.000000  5.91479600530322145E+01  5.91479600530322145E+01
  806.000000  5.86923050793580785E+01  5.86923050793580785E+01
  808.000000  5.82429922696102622E+01  5.82429922696102622E+01
  810.000000  5.77999012443167715E+01  5.77999012443167715E+01
  812.000000  5.73629145005951244E+01  5.73629145005951244E+01
  814.000000  5.69319173296314887E+01  5.69319173296314887E+01
  816.000000  5.65067977369128940E+01  5.65067977369128940E+01
  818.000000  5.60874463651106367E+01  5.60874463651106367E+01
  820.000000  5.56737564195126780E+01  5.56737564195126780E+01
  822.000000  5.52656235959081954E+01  5.52656235959081954E+01
  824.000000  5.48629460108356710E+01  5.48629460108356710E+01
  826.000000  5.44656241341030380E+01  5.44656241341030380E+01
  828.000000  5.40735607234974438E+01  5.40735607234974438E+01
  830.000000  5.36866607616089055E+01  5.36866607616089055E+01
  832.000000  5.33048313946721208E+01  5.33048313946721208E+01
  834.000000  5.29279818733797782E+01  5.29279818733797782E+01
  836.000000  5.25560234955682475E+01  5.25560234955682475E+01
  838.000000  5.21888695507339690E+01  5.21888695507339690E+01
  840.000000  5.18264352662871417E+01  5.18264352662871417E+01
  842.000000  5.14686377554994081E+01  5.14686377554994081E+01
  844.000000  5.11153959670886309E+01  5.11153959670886309E+01
  846.000000  5.07666306363567230E+01  5.07666306363567230E+01
  848.000000  5.04222642378579735E+01  5.04222642378579735E+01
  850.000000  5.00822209395142508E+01  5.00822209395142508E+01
  852.000000  4.97464265581521659E+01  4.97464265581521659E+01
  854.000000  4.94148085163925543E+01  4.94148085163925543E+01
  856.000000  4.90872958008570563E+01  4.90872958008570563E+01
  858.000000  4.87638189216371103E+01  4.87638189216371103E+01
  860.000000  4.84443098729914041E+01  4.84443098729914041E+01
  862.000000  4.81287020952257407E+01  4.81287020952257407E+01
  864.000000  4.78169304377062829E+01  4.78169304377062829E+01
  866.000000  4.75089311229815721E+01  4.75089311229815721E+01
  868.000000  4.72046417119671915E+01  4.72046417119671915E+01
  870.000000  4.69040010701630123E+01  4.69040010701630123E+01
  872.000000  4.66069493348550807E+01  4.66069493348550807E+01
  874.000000  4.63134278832874458E+01  4.63134278832874458E+01
  876.000000  4.60233793017573660E+01  4.60233793017573660E+01
  878.000000  4.57367473556104116E+01  4.57367473556104116E+01
  880.000000  4.54534769601056752E+01  4.54534769601056752E+01
  882.000000  4.51735141521130430E+01  4.51735141521130430E+01
  884.000000  4.48968060626313843E+01  4.48968060626313843E+01
  886.000000  4.46233008900868313E+01  4.46233008900868313E+01
  888.000000  4.43529478743892227E+01  4.43529478743892227E+01
  890.000000  4.40856972717310001E+01  4.40856972717310001E+01
  892.000000  4.38215003300870976E+01  4.38215003300870976E+01
  894.000000  4.35603092654128048E+01  4.35603092654128048E+01
  896.000000  4.33020772385027257E+01  4.33020772385027257E+01
  898.000000  4.30467583324969993E+01  4.30467583324969993E+01
  900.000000  4.27943075310092951E+01  4.27943075310092951E+01
