# Wavelength | Total | n= 1 | ...
  300.000000  5.03602603744956923E+02  3.31261376352358411E+02  1.40150383065915946E+02  2.91720951695712429E+01  2.83312504366855444E+00  1.78212234756965071E-01  7.19892922602273500E-03  2.08456553501990048E-04  4.49290655666229026E-06
  302.000000  5.22685636977942522E+02  3.44748521382069839E+02  1.44811457687044083E+02  3.00383695626870235E+01  2.89885252892006529E+00  1.80976730313773815E-01  7.24681749146852475E-03  2.07835321730694703E-04  4.43409486109958093E-06
  304.000000  5.42816680345136774E+02  3.58914522985894564E+02  1.49764760134741323E+02  3.09739549735458013E+01  2.97172252017959737E+00  1.84193586799422548E-01  7.31393825564213059E-03  2.07815696647910937E-04  4.39002370703816310E-06
  306.000000  5.64076433303220711E+02  3.73803537698747959E+02  1.55038231146348494E+02  3.19865823161026697E+01  3.05255496433435480E+00  1.87912006456197989E-01  7.40205770507322558E-03  2.08436956205718387E-04  4.67656990389966929E-06
  308.000000  5.86554296776617775E+02  3.89463393621880414E+02  1.60663507702742265E+02  3.30851676943918065E+01  3.14230954193718359E+00  1.92190480838204836E-01  7.51333164740915736E-03  2.09749677141106330E-04  4.65350292400380870E-06
  310.000000  6.10349679932140589E+02  4.05945987547259392E+02  1.66676566659503351E+02  3.42800444478822470E+01  3.24211553652506002E+00  1.97098879583438857E-01  7.65039502558015512E-03  2.11818255260678978E-04  4.64810573274930023E-06
  312.000000  6.35573567341362377E+02  4.23307740879242374E+02  1.73118508510429024E+02  3.55832512813657189E+01  3.35330967064846153E+00  2.02721135065831448E-01  7.81647859383872122E-03  2.14724241000500114E-04  4.66177612159975785E-06
  314.000000  6.62350420150804894E+02  4.41610127068242491E+02  1.80036518196984218E+02  3.70088928388528160E+01  3.47748448824772005E+00  2.09158728689937790E-01  8.01556261806272118E-03  2.18570796957997550E-04  4.69637278669805913E-06
  316.000000  6.90820500283443380E+02  4.60920287212481526E+02  1.87485051357419252E+02  3.85735947571603077E+01  3.61655086187723640E+00  2.16535269678321596E-01  8.25258176121766197E-03  2.23488723765220810E-04  4.75434229311221191E-06
  318.000000  7.21142739745228482E+02  4.81311756047607560E+02  1.95527310036985682E+02  4.02970832321856136E+01  3.77281965914170048E+00  2.25002583870581696E-01  8.53370182625948388E-03  2.29644715398651925E-04  4.83889542530229016E-06
  320.000000  7.53498320076700111E+02  5.02865328550914910E+02  2.04237093376455960E+02  4.22029305607058802E+01  3.94910976033134986E+00  2.34748922105151470E-01  8.86669908810989137E-03  2.37252842135286579E-04  4.95425583602293218E-06
  322.000000  7.88095188839454750E+02  5.25670109170236174E+02  2.13701138697970123E+02  4.43195247150424478E+01  4.14889287572074839E+00  2.46010194840387025E-01  9.26148882657858857E-03  2.46590800976427310E-04  5.10601684538196011E-06
  324.000000  8.25173829909107553E+02  5.49824803444086228E+02  2.24022110507731895E+02  4.66813455220938494E+01  4.37649062531550292E+00  2.59085609502778702E-01  9.73087534734870009E-03  2.58023366018893870E-04  5.30166391492452350E-06
  326.000000  8.65014737498607701E+02  5.75439339257312440E+02  2.35322454994776422E+02  4.93306669342961612E+01  4.63734723700767049E+00  2.74359848467413014E-01  1.02916384047781612E-02  2.72036984808356522E-04  5.55135772763229949E-06
  328.000000  9.07948245421878255E+02  6.02636948773531003E+02  2.47749424523855510E+02  5.23198616749640308E+01  4.93841395088511170E+00  2.92335193556602368E-01  1.09661438321153309E-02  2.89292115557729639E-04  5.86913956234669016E-06
  330.000000  9.54367676021791340E+02  6.31556914287258223E+02  2.61481704424573877E+02  5.57145740372071572E+01  5.28870231855158579E+00  3.13679179628792548E-01  1.17847950241426018E-02  3.10704703207137782E-04  6.27484434358367184E-06
  332.000000  1.00474727321989121E+03  6.62358304942158156E+02  2.76738265671834711E+02  5.95981714933863884E+01  5.70009963366771544E+00  3.39297226064290691E-01  1.27898782775243205E-02  3.37577255632697394E-04  6.79724577258656135E-06
  334.000000  1.05966721102373776E+03  6.95225252867602649E+02  2.93790359242634167E+02  6.40781275404884525E+01  6.18860343746594310E+00  3.70446831089879358E-01  1.40418071508035761E-02  3.71817865241914664E-04  7.47944201760961572E-06
  336.000000  1.11984939312386359E+03  7.30374735313666861E+02  3.12978024936807401E+02  6.92954057943076549E+01  6.77624902192811973E+00  4.08923668452847555E-01  1.56296775724938282E-02  4.16322604661523274E-04  8.38852240305186243E-06
  338.000000  1.18621033486235865E+03  7.68068665614890051E+02  3.34733222807123980E+02  7.54386653157951912E+01  7.49422809775404897E+00  4.57377755520474993E-01  1.76899595838985145E-02  4.75677817725611378E-04  9.63387485963229290E-06
  340.000000  1.25994234561279609E+03  8.08633875206095581E+02  3.59612920115721295E+02  8.27665148293652635E+01  8.38814788005753265E+00  5.19877235923370873E-01  2.04414163434222980E-02  5.57525350842146038E-04  1.14039357558400538E-05
  342.000000  1.34264417598850832E+03  8.52497519506971003E+02  3.88347586914254066E+02  9.16438188729331671E+01  9.52733608686974165E+00  6.02970916384288902E-01  2.42542740545774946E-02  6.75373244451304522E-04  1.40437979964809852E-05
  344.000000  1.43654233029634452E+03  9.00253512876515742E+02  4.21914283295164410E+02  1.02603822865266210E+02  1.10222316685069863E+01  7.17812278934410908E-01  2.97945356988572919E-02  8.54559184985762563E-04  1.82170723794728836E-05
  346.000000  1.54487457430280847E+03  9.52781980318238311E+02  4.61649291512268519E+02  1.16460412935199074E+02  1.30588055131683873E+01  8.84593623990014843E-01  3.83219086623900543E-02  1.14335569585268795E-03  2.51355859321236234E-05
  348.000000  1.67250859083355317E+03  1.01140026412917814E+03  5.09420819828516073E+02  1.34523227548335853E+02  1.59692312499236309E+01  1.14127547943740026E+00  5.21195546014141531E-02  1.61690569778308161E-03  3.61378657679779487E-05
  350.000000  1.82680275101664847E+03  1.07788682992155009E+03  5.67889197927808709E+02  1.59033296402608414E+02  2.03637080558005827E+01  1.55331360089398696E+00  7.40477798046293573E-02  2.30740023873438191E-03  4.99279414084826000E-05
  352.000000  2.01876406455867982E+03  1.15427501802871393E+03  6.40928215695436393E+02  1.94060238204171526E+02  2.72131291325754212E+01  2.17997460371101726E+00  1.04317322765397652E-01  3.10931148049286210E-03  6.22598236604571281E-05
  354.000000  2.26344832916306950E+03  1.24122202509353610E+03  7.34259141034349113E+02  2.47245751813398300E+02  3.76693220404588445E+01  2.91870506557895926E+00  1.29786851760172739E-01  3.53252140573661081E-03  6.47425827887005291E-05
  356.000000  2.59261379223777658E+03  1.34509966518139572E+03  8.57226769654887448E+02  3.31513159449551608E+02  5.46847368772718099E+01  3.93102558461238916E+00  1.54716737143095417E-01  3.65930351040815458E-03  5.94494064965203427E-05
  358.000000  3.02039164545922722E+03  1.47009043976993053E+03  1.02197772950415583E+03  4.45611981017860444E+02  7.72088260721902344E+01  5.30494060725997940E+00  1.93527836572359890E-01  4.13994540803869736E-03  6.07058505235881792E-05
  360.000000  3.42608128712117468E+03  1.58098877546179392E+03  1.23943834065973806E+03  5.17556023975853009E+02  8.25778649835319385E+01  5.33051553124087896E+00  1.85951420990316002E-01  3.76235262027866486E-03  5.27354035727460385E-05
  362.000000  3.84906467435537161E+03  1.67985993939422042E+03  1.54777951098154972E+03  5.47921914805059487E+02  6.94044193758736583E+01  3.96602182660816993E+00  1.30332408264956318E-01  2.50103580249575819E-03  3.45279940888811008E-05
  364.000000  4.56547913716727635E+03  1.82509042545840384E+03  2.02614498562117546E+03  6.46227140539650009E+02  6.48235456887189372E+01  3.09829024036024059E+00  9.30963132294579665E-02  1.63101404428558439E-03  2.22916937045767163E-05
  366.000000  5.79762557973376533E+03  2.05278651613804504E+03  2.79742862859989100E+03  8.68702001789392170E+02  7.55834246863818180E+01  3.04056640308380466E+00  8.31594269857890006E-02  1.26561056064417596E-03  1.70794249740363831E-05
  368.000000  7.81054909737928392E+03  2.39736795898964920E+03  4.03378306490527984E+03  1.27571184444344249E+03  9.99045984242483343E+01  3.68945663580640737E+00  9.09288880555237516E-02  1.22922241058053060E-03  1.58703890537255749E-05
  370.000000  1.06520042346679256E+04  2.83648263021432649E+03  5.78866890415637863E+03  1.89796603015834421E+03  1.23866710427397621E+02  4.91977918705160988E+00  9.87660314349853019E-02  1.39916159043991062E-03  1.53314003275626030E-05
  372.000000  1.33012420174685431E+04  3.08990752805431293E+03  7.59979990965605612E+03  2.47031213477934307E+03  1.35197881848817332E+02  5.92711313062960521E+00  9.59051695386305414E-02  1.53242715158227066E-03  1.24026936380115873E-05
  374.000000  1.37090070500404399E+04  2.96547743026091484E+03  8.08166668267700152E+03  2.52412578379612205E+03  1.31925737367012459E+02  5.72333671714382497E+00  8.66702153308169937E-02  1.39855337176658656E-03  1.04535418993010139E-05
  376.000000  1.15833649636361151E+04  2.76723342536159907E+03  6.65869399020814853E+03  2.04707461515132331E+03  1.05776269516338559E+02  4.51838617108182206E+00  6.71943928606930641E-02  1.07395092618525301E-03  8.88384183178021664E-06
  378.000000  8.85627214645865388E+03  2.65202015790290898E+03  4.74013764799866112E+03  1.38886398262265993E+03  7.21929994997707354E+01  3.01137688600555586E+00  4.52648798145984729E-02  7.10733691347282767E-04  5.93513979638138260E-06
  380.000000  6.92658460969185762E+03  2.63178247295630899E+03  3.34990737519254435E+03  8.95416769427845907E+02  4.75444317563040215E+01  1.90349135095290789E+00  2.96141728702168303E-02  4.50940220156807162E-04  3.89480876511126359E-06
  382.000000  5.82683484676791340E+03  2.68236153657115392E+03  2.51053245309489284E+03  6.00296313000621467E+02  3.23781460873675826E+01  1.24607621785188050E+00  2.00220711480127017E-02  2.97073450726584440E-04  2.65142063300472594E-06
  384.000000  5.25086872578354087E+03  2.77861705168261324E+03  2.02127857575507051E+03  4.26915369120674427E+02  2.31825279430468925E+01  8.60824797457448110E-01  1.41702971856685882E-02  2.06187495955564523E-04 -0.00000000000000000E+00
  386.000000  4.98248853299867915E+03  2.90513348771044912E+03  1.73868410189101724E+03  3.20609673871955920E+02  1.74263251448106793E+01  6.24333156787260757E-01  1.04614867445560165E-02  1.49736912062556154E-04 -0.00000000000000000E+00
  388.000000  4.90192244026211119E+03  3.05336676149287450E+03  1.58230123607306496E+03  2.52090834375892143E+02  1.36842149529720540E+01  4.71274374410597607E-01  8.00625975754712046E-03  1.12733132686526527E-04 -0.00000000000000000E+00
  390.000000  4.94461687023148988E+03  3.21840270890374086E+03  1.50873431198278149E+03  2.05931469217371387E+02  1.11745078322150810E+01  3.67467785851767370E-01  6.31718465885166593E-03  8.73248717182887864E-05 -0.00000000000000000E+00
  392.000000  5.07525191308883223E+03  3.39711881307533986E+03  1.49470283397153753E+03  1.73673241505792078E+02  9.45758414428945571E+00  2.94252720843208748E-01  5.11846904226699248E-03  6.92019903212963801E-05 -0.00000000000000000E+00
  394.000000  5.27434614128272369E+03  3.58723403057959877E+03  1.52814948121545922E+03  1.50439886491965126E+02  8.27753325592244948E+00  2.40906416447880661E-01  4.24745519552236026E-03  5.58681231397723058E-05 -0.00000000000000000E+00
  396.000000  5.53150927686823707E+03  3.78681624825598556E+03  1.60372667181331417E+03  1.33280800159446642E+02  7.48094385561283826E+00  2.00962640360548950E-01  3.60433946371689976E-03  4.58040526988921900E-05 -0.00000000000000000E+00
  398.000000  5.84198626698267617E+03  3.99402894928609021E+03  1.72047901087846549E+03  1.20330532939064824E+02  6.97425840674448327E+00  1.70351659542683415E-01  3.12576836283385466E-03  3.80444089197943850E-05 -0.00000000000000000E+00
  400.000000  6.20479991277463705E+03  4.20701611801334730E+03  1.88057149880297811E+03  1.10362668724255570E+02  6.70040983298373494E+00  1.46415059813253118E-01  2.77038868023549460E-03  3.19525884483364263E-05 -0.00000000000000000E+00
  402.000000  6.62154794279978523E+03  4.42387994384308331E+03  2.08837045827523343E+03  1.02542571824490494E+02  6.62507158924552630E+00  1.27359645616933997E-01  2.51052684947638974E-03  2.70952693004701419E-05 -0.00000000000000000E+00
  404.000000  7.09512726283327356E+03  4.64273034836712031E+03  2.34927041469818687E+03  9.62850005137171365E+01  6.72720710466942506E+00  1.11941962998428401E-01  2.32701717979791551E-03  2.31693904280192582E-05 -0.00000000000000000E+00
  406.000000  7.62754747753892298E+03  4.86179410616459791E+03  2.66749211929038302E+03  9.11693964360609925E+01  6.99035094996041018E+00  9.92792308720844563E-02  2.20550903715819625E-03  1.99580130132790133E-05 -0.00000000000000000E+00
  408.000000  8.21574872816034622E+03  5.07957152755179413E+03  3.04180655223110443E+03  8.68880852199678202E+01  7.39168037838271808E+00  8.87322672836554360E-02  2.13320908609435913E-03  1.73027250298239026E-05 -0.00000000000000000E+00
  410.000000  8.84451420751056867E+03  5.29502413360557694E+03  3.45830727520001892E+03  8.32138066402757204E+01  7.88705065134706196E+00  7.98308199968959242E-02  2.09550750542271055E-03  1.50858621402103396E-05 -0.00000000000000000E+00
  412.000000  9.47760624541441211E+03  5.50777008731960086E+03  3.88138842204073808E+03  7.99787969954226696E+01  8.39462834606467645E+00  7.22245996739601659E-02  2.07289417849753060E-03  1.32187380070325096E-05 -0.00000000000000000E+00
  414.000000  1.00538350916067720E+04  5.71825734490549803E+03  4.24965904815340582E+03  7.70607912574617444E+01  8.79020498618587176E+00  6.56502734407554689E-02  2.04039711806483373E-03  1.16336568194357869E-05 -0.00000000000000000E+00
  416.000000  1.05006460906211723E+04  5.92787864815257490E+03  4.48939599645972157E+03  7.43731053775183000E+01  8.93644871906916194E+00  5.99085794319283715E-02  1.97305448584652937E-03  1.02783667118311898E-05 -0.00000000000000000E+00
  418.000000  1.07697061341449589E+04  6.13898713478183345E+03  4.55005524585542298E+03  7.18570426091660011E+01  8.74999651051288652E+00  5.48479920360030737E-02  1.85728384315439476E-03  9.11212601177351217E-06 -0.00000000000000000E+00
  420.000000  1.08705075780389816E+04  6.35476413404796040E+03  4.43795796066176263E+03  6.94755561887388353E+01  8.25786706582867325E+00  5.03527286851041256E-02  1.69924314165831314E-03  8.10286020057325538E-06 -0.00000000000000000E+00
  422.000000  1.08669336697131803E+04  6.57887809359239327E+03  4.21321825431758043E+03  6.72075431439112663E+01  7.58191725549116846E+00  4.63337220484488360E-02  1.52045668313670551E-03  7.22507401773975173E-06 -0.00000000000000000E+00
  424.000000  1.08397034702738820E+04  6.81485369185589661E+03  3.95289770949071681E+03  6.50424132347876025E+01  6.86558296434840543E+00  4.27216926670110214E-02  1.34457717057615694E-03  6.45829870587289914E-06 -0.00000000000000000E+00
  426.000000  1.08510948444815076E+04  7.06504938241678610E+03  3.71681704702733077E+03  6.29747269142562232E+01  6.21303305815967022E+00  3.94617668122982101E-02  1.18751222623197298E-03  5.78592676350856932E-06 -0.00000000000000000E+00
  428.000000  1.09321313990949857E+04  7.32914630315348768E+03  3.53627501271523761E+03  6.09988035830843387E+01  5.67370950525132578E+00  3.65092726909290594E-02  1.05567091141176538E-03  5.19433249683602460E-06 -0.00000000000000000E+00
  430.000000  1.10851617219010077E+04  7.60214368014951469E+03  3.41862475769491539E+03  5.91033953790818600E+01  5.25510878602438503E+00  3.38264772076202341E-02  9.48742071036822289E-04  4.67220673484026430E-06 -0.00000000000000000E+00
  432.000000  1.12896886759713889E+04  7.87213600756468077E+03  3.35531336679867491E+03  5.72669760110117636E+01  4.94007835301147402E+00  3.13801460196804077E-02  8.62887935705231729E-04  4.21005513939015581E-06 -0.00000000000000000E+00
  434.000000  1.15067639587149315E+04  8.11869371354061150E+03  3.32788629421412043E+03  5.54550085400822468E+01  4.69900581470844614E+00  2.91399477068227247E-02  7.92857874139564663E-04  3.79982550172473462E-06 -0.00000000000000000E+00
  436.000000  1.16835772106761724E+04  8.31334005361383606E+03  3.31209062153065133E+03  5.36214352767391347E+01  4.49728580673933820E+00  2.70778420680385518E-02  7.33171502481393860E-04  3.43464097365481532E-06 -0.00000000000000000E+00
  438.000000  1.17618118509863634E+04  8.42377208574752876E+03  3.28199627213442909E+03  5.17165128454278715E+01  4.30112970547267537E+00  2.51685580889185606E-02  6.78886795470073348E-04  3.10862062922733639E-06 -0.00000000000000000E+00
  440.000000  1.16911957324539908E+04  8.42210768406536954E+03  3.21527993978061204E+03  4.97005538262528148E+01  4.08353479161911714E+00  2.33909195575512791E-02  6.26253831836653604E-04  2.81676298083468473E-06 -0.00000000000000000E+00
  442.000000  1.14445776607488733E+04  8.29443006125729880E+03  3.09873728577169277E+03  4.75583865010365798E+01  3.82962225315009519E+00  2.17292048070709815E-02  5.73206013026596661E-04  2.55485657101886088E-06 -0.00000000000000000E+00
  444.000000  1.10267911761134892E+04  8.04650315434904769E+03  2.93142217438058742E+03  4.53063374203495357E+01  3.53881473124215162E+00  2.01734682713419350E-02  5.19444598297828580E-04  2.31938064810338193E-06 -0.00000000000000000E+00
  446.000000  1.04716192894414271E+04  7.70195112666185014E+03  2.72343980655921496E+03  4.29868999414720747E+01  3.22226984524080962E+00  1.87183252427949448E-02  4.66001035570160057E-04  2.10738077637668283E-06 -0.00000000000000000E+00
  448.000000  9.82878543760891625E+03  7.29409413427547406E+03  2.49112226416545491E+03  4.06543488606761230E+01  2.89691314138759459E+00  1.73607657347899930E-02  4.14483860282979181E-04  1.91633587812103772E-06 -0.00000000000000000E+00
  450.000000  9.14877644957903976E+03  6.85639496987972962E+03  2.25142597627291252E+03  3.83597207074195126E+01  2.57931647573581291E+00  1.60981132320725598E-02  3.66385967034049405E-04  1.74404620967668484E-06 -0.00000000000000000E+00
  452.000000  8.47241245557479124E+03  6.41591018182185508E+03  2.01806348278355563E+03  3.61416374300805501E+01  2.28190237917546845E+00  1.49268719325016536E-02  3.22699638321979443E-04  1.58855853352569591E-06 -0.00000000000000000E+00
  454.000000  7.82712204504301189E+03  5.99098852760682712E+03  1.80008342206983343E+03  3.40240763696972124E+01  2.01189121399322612E+00  1.38424880822545782E-02  2.83846467255050440E-04  1.44812439717796590E-06 -0.00000000000000000E+00
  456.000000  7.22804837810499157E+03  5.59202445299987812E+03  1.60222018726971055E+03  3.20186132652731317E+01  1.77203381591330711E+00  1.28396410466684527E-02  2.49792002106030339E-04  1.32117772761562264E-06 -0.00000000000000000E+00
  458.000000  6.68121620926664764E+03  5.22350699764267483E+03  1.42600688696560064E+03  3.01282007675254704E+01  1.56198979381490277E+00  1.19126772987593194E-02  2.20213397832253062E-04  1.20631973508739973E-06 -0.00000000000000000E+00
  460.000000  6.18683312792348443E+03  4.88614216676432261E+03  1.27094941667810417E+03  2.83506560211035890E+01  1.37963496662574459E+00  1.10559721771829392E-02  1.94645310964318766E-04  2.87583077845984159E-06 -0.00000000000000000E+00
  462.000000  5.74188571386244803E+03  4.57851848992433588E+03  1.13545356692443056E+03  2.66811909735784525E+01  1.22202667266381937E+00  1.02641570467680784E-02  1.72580537708465567E-04  2.62985101763831438E-06 -0.00000000000000000E+00
  464.000000  5.34188787669363228E+03  4.29822792327416755E+03  1.01745026492236775E+03  2.51139861394829893E+01  1.08601419616625217E+00  9.53222816495914033E-03  1.53528844449528422E-04  2.40443602464528752E-06 -0.00000000000000000E+00
  466.000000  4.98193309046714421E+03  4.04254081648745341E+03  9.14771652548421116E+02  2.36430491547053521E+01  9.68577456305140805E-01  8.85557636271850496E-03  1.37045869440327703E-04  2.19802515203811578E-06 -0.00000000000000000E+00
  468.000000  4.65726393954563900E+03  3.80877218240431102E+03  8.25353798520680812E+02  2.22626166498405667E+01  8.66987244994356754E-01  8.22997311811756241E-03  1.22743531174580747E-04  2.00916620920843352E-06 -0.00000000000000000E+00
  470.000000  4.36354009995427623E+03  3.59445544457838332E+03  7.47330736144551565E+02  2.09672973927033581E+01  7.78860010726892371E-01  7.65153763201912793E-03  1.10290271928909379E-04 -0.00000000000000000E+00 -0.00000000000000000E+00
  472.000000  4.09693265134683315E+03  3.39740555648181908E+03  6.79065636804548603E+02  1.97520859523278887E+01  7.02156002437584803E-01  7.11669929142370525E-03  9.94064063258750629E-05 -0.00000000000000000E+00 -0.00000000000000000E+00
  474.000000  3.85412623466555306E+03  3.21572362679472280E+03  6.19148422832286315E+02  1.86123225698371471E+01  6.35150448433003945E-01  6.62216266426522704E-03  8.98576043445055276E-05 -0.00000000000000000E+00 -0.00000000000000000E+00
  476.000000  3.63227755900013290E+03  3.04777395907853133E+03  5.66377319777223647E+02  1.75436392770691896E+01  5.76394541453119080E-01  6.16487775506795177E-03  8.14481063318068680E-05 -0.00000000000000000E+00 -0.00000000000000000E+00
  478.000000  3.42895734495806391E+03  2.89215072463708566E+03  5.19734218422679987E+02  1.65419108212746977E+01  5.24675046717347660E-01  5.74201587796920737E-03  7.40144267630983842E-05 -0.00000000000000000E+00 -0.00000000000000000E+00
  480.000000  3.24208990939887008E+03  2.74764321187023961E+03  4.78359085376691155E+02  1.56032170411530871E+01  4.78976740529603151E-01  5.35095041672879745E-03  6.74198414924961263E-05 -0.00000000000000000E+00 -0.00000000000000000E+00
  482.000000  3.06989713526819833E+03  2.61320384057026604E+03  4.41525977220194818E+02  1.47238173336008771E+01  4.38449353036724609E-01  4.98924138647002802E-03  6.15497159608684212E-05 -0.00000000000000000E+00 -0.00000000000000000E+00
  484.000000  2.91084947814647967E+03  2.48792053065775508E+03  4.08621721937518032E+02  1.39001352474642772E+01  4.02379373392506179E-01  4.65462273081704986E-03  5.63076207269185363E-05 -0.00000000000000000E+00 -0.00000000000000000E+00
  486.000000  2.76362453468057174E+03  2.37099367979531416E+03  3.79127541371995108E+02  1.31287504634688332E+01  3.70166446186102394E-01  4.34499146738459227E-03  5.16121370030960355E-05 -0.00000000000000000E+00 -0.00000000000000000E+00
  488.000000  2.62707268504605963E+03  2.26171738229102994E+03  3.52603497600301353E+02  1.24063955329204560E+01  3.41303829542953130E-01  4.05839801722179989E-03  4.73942452487886986E-05 -0.00000000000000000E+00 -0.00000000000000000E+00
  490.000000  2.50018891462497959E+03  2.15946428518014000E+03  3.28675475268997729E+02  1.17299552252853516E+01  3.15362318100891770E-01  3.79303726200402869E-03  4.35951960598033667E-05 -0.00000000000000000E+00 -0.00000000000000000E+00
  492.000000  2.38208982678103712E+03  2.06367343768445608E+03  3.07024357733674606E+02  1.10964668993923965E+01  2.91977058693951852E-01  3.54724004296130477E-03  4.01647750237605112E-05 -0.00000000000000000E+00 -0.00000000000000000E+00
  494.000000  2.27199491516947637E+03  1.97384054200147148E+03  2.87377059060705733E+02  1.05031208326801320E+01  2.70836749787145559E-01  3.31946494254311761E-03  3.70598870989682767E-05 -0.00000000000000000E+00 -0.00000000000000000E+00
  496.000000  2.16921128169020631E+03  1.88951009988668193E+03  2.69499104613578538E+02  9.94725986614890445E+00  2.51674790121937053E-01  3.10829027768255196E-03  3.42433992090732122E-05 -0.00000000000000000E+00 -0.00000000000000000E+00
  498.000000  2.07312111911559259E+03  1.81026904192193433E+03  2.53188493049599060E+02  9.42637804012465352E+00  2.34262014455391465E-01  2.91240628946722209E-03  3.16831912547410361E-05 -0.00000000000000000E+00 -0.00000000000000000E+00
  500.000000  1.98317140359484620E+03  1.73574151131061626E+03  2.38270613488364461E+02  8.93811811788189914E+00  2.18400719060467874E-01  2.73060754596112128E-03  2.93513754187713576E-05 -0.00000000000000000E+00 -0.00000000000000000E+00
  502.000000  1.89886535257417199E+03  1.66558454641401295E+03  2.24594029377601430E+02  8.48026803827734454E+00  2.03919735037222327E-01  2.56178559003193175E-03  2.72236515779075788E-05 -0.00000000000000000E+00 -0.00000000000000000E+00
  504.000000  1.81975529578156056E+03  1.59948446517320372E+03  2.12026973630651128E+02  8.05075642348102605E+00  1.90670353582039598E-01  2.40492186802331379E-03  2.52787730501090347E-05 -0.00000000000000000E+00 -0.00000000000000000E+00
  506.000000  1.74543668162799622E+03  1.53715380113872561E+03  2.00454427654748656E+02  7.64764731034428280E+00  1.78522945106168618E-01  2.25908097228957275E-03  2.34981020471677581E-05 -0.00000000000000000E+00 -0.00000000000000000E+00
  508.000000  1.67554300083310045E+03  1.47832867688971601E+03  1.89775680241738200E+02  7.26913428749585222E+00  1.67364144687807914E-01  2.12340422424873304E-03  2.18652382998766457E-05 -0.00000000000000000E+00 -0.00000000000000000E+00
  510.000000  1.60974145582405072E+03  1.42276652813265173E+03  1.79902281505722499E+02  6.91353421537190371E+00  1.57094500986000973E-01  1.99710361663011336E-03  2.03657075823333653E-05 -0.00000000000000000E+00 -0.00000000000000000E+00
  512.000000  1.54772924092383619E+03  1.37024411254214283E+03  1.70756322742599878E+02  6.57928069073891919E+00  1.47626505529425273E-01  1.87945612553479333E-03  1.89866994510600026E-05 -0.00000000000000000E+00 -0.00000000000000000E+00
  514.000000  1.48923032664947459E+03  1.32055575296210282E+03  1.62268985840858818E+02  6.26491739611953591E+00  1.38882935151191073E-01  1.76979839541047557E-03  1.77168455743825750E-05 -0.00000000000000000E+00 -0.00000000000000000E+00
  516.000000  1.43399266338486541E+03  1.27351177619591726E+03  1.54379316216523989E+02  5.96909145155290588E+00  1.30795453049050381E-01  1.66752179365208669E-03  1.65460316664169799E-05 -0.00000000000000000E+00 -0.00000000000000000E+00
  518.000000  1.38178573670132391E+03  1.22893711725606863E+03  1.47033181624526094E+02  5.69054686352271233E+00  1.23303424141930462E-01  1.57206782623386682E-03  1.54652373492736531E-05 -0.00000000000000000E+00 -0.00000000000000000E+00
  520.000000  1.33239841979855646E+03  1.18667006536775443E+03  1.40182385986968569E+02  5.42811814495274447E+00  1.16352908578068959E-01  1.48292390174804053E-03  1.44663993134030594E-05 -0.00000000000000000E+00 -0.00000000000000000E+00
  522.000000  1.28563707883751977E+03  1.14656113282706065E+03  1.33783912883224957E+02  5.18072416167677474E+00  1.09895803835882239E-01  1.39961942822718240E-03  1.35422939864731474E-05 -0.00000000000000000E+00 -0.00000000000000000E+00
  524.000000  1.24132389498638713E+03  1.10847203140615420E+03  1.27799277815536072E+02  4.94736224486455001E+00  1.03889111169808812E-01  1.32172222512836300E-03  1.26864365971867334E-05 -0.00000000000000000E+00 -0.00000000000000000E+00
  526.000000  1.19929537334769793E+03  1.07227474371862900E+03  1.22193971998784150E+02  4.72710259561117851E+00  9.82943064478671857E-02  1.24883523161149713E-03  1.18929940667097397E-05 -0.00000000000000000E+00 -0.00000000000000000E+00
  528.000000  1.15940101396514638E+03  1.03785067903304935E+03  1.16936983385935775E+02  4.51908299705279859E+00  9.30767989095567516E-02  1.18059349169906923E-03  1.11567096030468304E-05 -0.00000000000000000E+00 -0.00000000000000000E+00
  530.000000  1.12150212412350811E+03  1.00508990462320799E+03  1.12000383061164626E+02  4.32250384070006533E+00  8.82054642039012265E-02  1.11666139683869571E-03  1.04728372337803009E-05 -0.00000000000000000E+00 -0.00000000000000000E+00
  532.000000  1.08547075439033142E+03  9.73890445000743966E+02  1.07358967115036791E+02  4.13662346692192173E+00  8.36522403763440975E-02  1.05673016671618564E-03  9.83708480618448754E-06 -0.00000000000000000E+00 -0.00000000000000000E+00
  534.000000  1.05118874347257679E+03  9.44157642375662363E+02  1.02989945744084594E+02  3.96075381435347040E+00  7.93917773619806227E-02  1.00051554979654466E-03  9.24556422458553426E-06 -0.00000000000000000E+00 -0.00000000000000000E+00
  536.000000  1.01854685911142496E+03  9.15803572502420138E+02  9.88726726572446637E+01  3.79425636919449616E+00  7.54011320921889744E-02  9.47755725877307258E-04  8.69474789256874581E-06 -0.00000000000000000E+00 -0.00000000000000000E+00
  538.000000  9.87444024010536850E+02  8.88746510736379605E+02  9.49884089780940428E+01  3.63653840264101902E+00  7.16595025971075578E-02  8.98209393893395838E-04  8.18143049060973623E-06 -0.00000000000000000E+00 -0.00000000000000000E+00
  540.000000  9.57786617270933675E+02  8.62910443688059786E+02  9.13201167477443221E+01  3.48704948286656347E+00  6.81479955391516012E-02  8.51654029237872839E-04  7.70269535488708219E-06 -0.00000000000000000E+00 -0.00000000000000000E+00
  542.000000  9.29487843042258646E+02  8.38224622339245798E+02  8.78522778935147812E+01  3.34527824683333463E+00  6.48494224843982753E-02  8.07884295924539246E-04  7.25588483494129850E-06 -0.00000000000000000E+00 -0.00000000000000000E+00
  544.000000  9.02467159146423910E+02  8.14623152898298940E+02  8.45707351613793037E+01  3.21074941662986646E+00  6.17481209425174982E-02  7.66710599977981667E-04  6.83857410132178275E-06 -0.00000000000000000E+00 -0.00000000000000000E+00
  546.000000  8.76649759318818724E+02  7.92044622032578445E+02  8.14625520382448656E+01  3.08302104486672945E+00  5.88297968087173745E-02  7.27957771487667583E-04  6.44854795231702035E-06 -0.00000000000000000E+00 -0.00000000000000000E+00
  548.000000  8.51966103474036572E+02  7.70431753435022074E+02  7.85158891322128056E+01  2.96168197381320475E+00  5.60813853447280630E-02  6.91463863764756352E-04  6.08378023431877256E-06 -0.00000000000000000E+00 -0.00000000000000000E+00
  550.000000  8.28351491056037958E+02  7.49731092963303126E+02  7.57198948496703252E+01  2.84634949333456611E+00  5.34909282575396841E-02  6.57079059005203150E-04  5.74241554536100822E-06 -0.00000000000000000E+00 -0.00000000000000000E+00
  552.000000  8.05745673102371256E+02  7.29892719846719956E+02  7.30646085201948807E+01  2.73666718324426839E+00  5.10474647888898153E-02  6.24664670762730117E-04  5.42275293776352381E-06 -0.00000000000000000E+00 -0.00000000000000000E+00
  554.000000  7.84092499141748704E+02  7.10869981681730678E+02  7.05408743831908112E+01  2.63230292633556751E+00  4.87409350267600308E-02  5.94092234393927719E-04  5.12323137504976098E-06 -0.00000000000000000E+00 -0.00000000000000000E+00
  556.000000  7.63339595474790258E+02  6.92619251143918973E+02  6.81402650727876988E+01  2.53294707908715466E+00  4.65620939021322358E-02  5.65242677409884351E-04  4.84241673164125077E-06 -0.00000000000000000E+00 -0.00000000000000000E+00
  558.000000  7.43438071764251163E+02  6.75099702531374987E+02  6.58550134259720181E+01  2.43831078780429422E+00  4.45024345474592797E-02  5.38005562411038351E-04  4.57899015208080395E-06 -0.00000000000000000E+00 -0.00000000000000000E+00
  560.000000  7.24342253190996416E+02  6.58273106423036552E+02  6.36779515992157599E+01  2.34812443873443399E+00  4.25541198743968341E-02  5.12278395947140435E-04  4.33173761073114044E-06 -0.00000000000000000E+00 -0.00000000000000000E+00
  562.000000  7.06009435722553462E+02  6.42103640888899008E+02  6.16024566152624686E+01  2.26213623147083176E+00  4.07099213823237660E-02  4.87965997254548615E-04  4.09954053356173685E-06 -0.00000000000000000E+00 -0.00000000000000000E+00
  564.000000  6.88399662298937983E+02  6.26557717829383364E+02  5.96224015782089367E+01  2.18011086571689816E+00  3.89631643405725647E-02  4.64979921395617703E-04  3.88136736127857166E-06 -0.00000000000000000E+00 -0.00000000000000000E+00
  566.000000  6.71475517967709493E+02  6.11603823148013817E+02  5.77321118946833707E+01  2.10182833221521470E+00  3.73076785996146743E-02  4.43237931825354045E-04  3.67626594834124374E-06 -0.00000000000000000E+00 -0.00000000000000000E+00
  568.000000  6.55201942200857047E+02  5.97212369575907815E+02  5.59263259243516444E+01  2.02708279933937341E+00  3.57377543826694344E-02  4.22663517886217839E-04  3.48335670546492997E-06 -0.00000000000000000E+00 -0.00000000000000000E+00
  570.000000  6.39546056807173045E+02  5.83355561073492026E+02  5.42001595563950502E+01  1.95568158751321164E+00  3.42481024918716084E-02  4.03185453150957428E-04  3.30182640452992705E-06 -0.00000000000000000E+00 -0.00000000000000000E+00
  572.000000  6.24477008011483122E+02  5.70007267828596014E+02  5.25490742719001247E+01  1.88744422423888913E+00  3.28338184343145850E-02  3.84737390919341073E-04  3.13092257466206117E-06 -0.00000000000000000E+00 -0.00000000000000000E+00
  574.000000  6.09965821415155460E+02  5.57142910958063112E+02  5.09688483065160938E+01  1.82220157309922648E+00  3.14903500345571907E-02  3.67257493520855107E-04  2.96994842663890027E-06 -0.00000000000000000E+00 -0.00000000000000000E+00
  576.000000  5.95985268679532510E+02  5.44739356099288671E+02  4.94555505750978313E+01  1.75979503064309917E+00  3.02134681533405836E-02  3.50688092396036284E-04  2.81825825027833390E-06 -0.00000000000000000E+00 -0.00000000000000000E+00
  578.000000  5.82509744885402142E+02  5.32774815148291054E+02  4.80055170607440758E+01  1.70007578556022043E+00  2.89992401780972964E-02  3.34975376205328768E-04  2.67525323578398523E-06 -0.00000000000000000E+00 -0.00000000000000000E+00
  580.000000  5.69515155625545049E+02  5.21228755468800955E+02  4.66153294062470209E+01  1.64290413502383448E+00  2.78440059907692355E-02  3.20069104482563417E-04  2.54037767570663456E-06 -0.00000000000000000E+00 -0.00000000000000000E+00
  582.000000  5.56978812976396057E+02  5.10081815954521517E+02  4.52817954767567841E+01  1.58814885350386437E+00  2.67443561530771104E-02  3.05922344574499606E-04  2.41311550904144539E-06 -0.00000000000000000E+00 -0.00000000000000000E+00
  584.000000  5.44879339576344137E+02  4.99315729380941320E+02  4.40019316893566810E+01  1.53568660974978233E+00  2.56971120795981452E-02  2.92491229825057940E-04  2.29298717329269632E-06 -0.00000000000000000E+00 -0.00000000000000000E+00
  586.000000  5.33196580112286483E+02  4.88913250533296832E+02  4.27729469287040942E+01  1.48540142800690766E+00  2.46993079953392383E-02  2.79734737148283185E-04  2.17954673409094886E-06 -0.00000000000000000E+00 -0.00000000000000000E+00
  588.000000  5.21911519580628919E+02  4.78858089640974868E+02  4.15922278884330865E+01  1.43718418986185181E+00  2.37481744975742981E-02  2.67614482310165008E-04  2.07237926527790761E-06 -0.00000000000000000E+00 -0.00000000000000000E+00
  590.000000  5.11006207748515408E+02  4.69134850689965788E+02  4.04573256959396801E+01  1.39093217341941600E+00  2.28411235618385319E-02  2.56094531389269939E-04  1.97109845528040101E-06 -0.00000000000000000E+00 -0.00000000000000000E+00
  592.000000  5.00463689293496827E+02  4.59728974221333829E+02  3.93659436939495109E+01  1.34654862679181431E+00  2.19757348497228965E-02  2.45141227034763429E-04  1.87534441815922191E-06 -0.00000000000000000E+00 -0.00000000000000000E+00
  594.000000  4.90267939148615369E+02  4.50626684258324531E+02  3.83159262661504627E+01  1.30394237313899009E+00  2.11497431916504615E-02  2.34723028259033184E-04  1.78478169000306977E-06 -0.00000000000000000E+00 -0.00000000000000000E+00
  596.000000  4.80403802621626255E+02  4.41814939034006784E+02  3.73052486062966011E+01  1.26302744473027850E+00  2.03610271314980176E-02  2.24810362620140930E-04  1.69909739334318104E-06 -0.00000000000000000E+00 -0.00000000000000000E+00
  598.000000  4.70856939897745633E+02  4.33281385221089295E+02  3.63320073410190645E+01  1.22372274371573120E+00  1.96075984320324102E-02  2.15375489755457452E-04  1.61799955405565227E-06 -0.00000000000000000E+00 -0.00000000000000000E+00
  600.000000  4.61613774568139888E+02  4.25014315388635623E+02  3.53944119259773018E+01  1.18595172748516475E+00  1.88875924507471253E-02  2.06392375316679711E-04  1.54121555676094651E-06 -0.00000000000000000E+00 -0.00000000000000000E+00
  602.000000  4.52661445860247113E+02  4.17002628435734096E+02  3.44907767434662276E+01  1.14964211667715244E+00  1.81992593051570756E-02  1.97836574446457044E-04  1.46849072619271824E-06 -0.00000000000000000E+00 -0.00000000000000000E+00
  604.000000  4.43987764273100765E+02  4.09235792771634806E+02  3.36195138369417066E+01  1.11472562405902043E+00  1.75409557549181458E-02  1.89685124007163625E-04  1.39958702322173136E-06 -0.00000000000000000E+00 -0.00000000000000000E+00
  606.000000  4.35581170347759780E+02  4.01703812032072619E+02  3.27791262245768635E+01  1.08113770265022247E+00  1.69111377355713778E-02  1.81916442850833273E-04  1.33428184532062926E-06 -0.00000000000000000E+00 -0.00000000000000000E+00
  608.000000  4.27430696325654480E+02  3.94397193138205239E+02  3.19682017397621507E+01  1.04881731159548419E+00  1.63083534852698081E-02  1.74510239473149001E-04  1.27236692230034386E-06 -0.00000000000000000E+00 -0.00000000000000000E+00
  610.000000  4.19525930469596005E+02  3.87306916521191170E+02  3.11854073517007464E+01  1.01770669841949246E+00  1.57312372117003156E-02  1.67447426457011290E-04  1.21364729898435918E-06 -0.00000000000000000E+00 -0.00000000000000000E+00
  612.000000  4.11856983841066722E+02  3.80424408349567784E+02  3.04294839238577737E+01  9.87751196407273824E-01  1.51785032516256226E-02  1.60710041163061510E-04  1.15794039731293046E-06 -0.00000000000000000E+00 -0.00000000000000000E+00
  614.000000  4.04414459345121031E+02  3.73741514610062495E+02  2.96992413721728212E+01  9.58899035958351575E-01  1.46489406801142818E-02  1.54281172167475191E-04  1.10507515107149316E-06 -0.00000000000000000E+00 -0.00000000000000000E+00
  616.000000  3.97189422870010958E+02  3.67250476904456946E+02  2.89935541885856516E+01  9.31101168856424799E-01  1.41414083306535265E-02  1.48144890994688250E-04  1.05489120707806131E-06 -0.00000000000000000E+00 -0.00000000000000000E+00
  618.000000  3.90173376363276248E+02  3.60943909836375724E+02  2.83113572987991624E+01  9.04311104483857431E-01  1.36548301910969418E-02  1.42286188729196753E-04  1.00723818722632826E-06 -0.00000000000000000E+00 -0.00000000000000000E+00
  620.000000  3.83358232698850770E+02  3.54814779871674091E+02  2.76516422260530028E+01  8.78484757087353962E-01  1.31881911436540697E-02  1.36690917125153078E-04  9.61975006315524039E-07 -0.00000000000000000E+00 -0.00000000000000000E+00
  622.000000  3.76736292202249615E+02  3.48856385565835126E+02  2.70134535354162146E+01  8.53580303275250252E-01  1.27405330201579084E-02  1.31345733866196324E-04  9.18969241044409225E-07 -0.00000000000000000E+00 -0.00000000000000000E+00
  624.000000  3.70300220711199017E+02  3.43062339059710439E+02  2.63958855354026198E+01  8.29558048990872265E-01  1.23109509464784626E-02  1.26238051656836177E-04  8.78096545973229814E-07 -0.00000000000000000E+00 -0.00000000000000000E+00
  626.000000  3.64043029059409491E+02  3.37426548753070847E+02  2.57980792158874230E+01  8.06380305268113773E-01  1.18985899523696842E-02  1.21355990851455375E-04  8.39240112624671736E-07 -0.00000000000000000E+00 -0.00000000000000000E+00
  628.000000  3.57958053880124453E+02  3.31943203072340566E+02  2.52192194032033932E+01  7.84011272129651715E-01  1.15026418251807580E-02  1.16688335353864271E-04  8.02290168252557425E-07 -0.00000000000000000E+00 -0.00000000000000000E+00
  630.000000  3.52038939634119060E+02  3.26606755255261078E+02  2.46585321149966319E+01  7.62416930038685159E-01  1.11223421878048605E-02  1.12224491540000666E-04  7.67143511084580902E-07 -0.00000000000000000E+00 -0.00000000000000000E+00
  632.000000  3.46279621775064243E+02  3.21411909081748490E+02  2.41152820990173140E+01  7.41564938362609283E-01  1.07569677829964742E-02  1.07954449978293454E-04  7.33703079157128540E-07 -0.00000000000000000E+00 -0.00000000000000000E+00
  634.000000  3.40674310970986426E+02  3.16353605484696345E+02  2.35887705413676798E+01  7.21424540347066490E-01  1.04058339477520433E-02  1.03868749739208666E-04  7.01877550076712269E-07 -0.00000000000000000E+00 -0.00000000000000000E+00
  636.000000  3.35217478308001091E+02  3.11427009980530102E+02  2.30783329310420235E+01  7.01966474140039320E-01  1.00682922628868212E-02  9.99584451028156151E-05  6.71580969302110768E-07 -0.00000000000000000E+00 -0.00000000000000000E+00
  638.000000  3.29903841407235632E+02  3.06627500862929082E+02  2.25833370686964940E+01  6.83162889439180354E-01  9.74372836422213520E-03  9.62150744888108438E-05  6.42732404721595121E-07 -0.00000000000000000E+00 -0.00000000000000000E+00
  640.000000  3.24728351392207060E+02  3.01950658108394691E+02  2.21031812086522166E+01  6.64987269370219014E-01  9.43155990296424759E-03  9.26306314466475867E-05  6.15255625502061763E-07 -0.00000000000000000E+00 -0.00000000000000000E+00
  642.000000  3.19686180647615856E+02  2.97392252945084692E+02  2.16372923240390911E+01  6.47414357232116711E-01  9.13123464391399006E-03  8.91975375569212107E-05  5.89078803351984201E-07 -0.00000000000000000E+00 -0.00000000000000000E+00
  644.000000  3.14772711315968991E+02  2.92948238040883780E+02  2.11851244858687267E+01  6.30420087774062665E-01  8.84222869110354304E-03  8.59086171063810152E-05  5.64134234493181244E-07 -0.00000000000000000E+00 -0.00000000000000000E+00
  646.000000  3.09983524481676113E+02  2.88614738269154259E+02  2.07461573475658660E+01  6.13981522693038073E-01  8.56404483132074817E-03  8.27570734096225451E-05  5.40358080783246628E-07 -0.00000000000000000E+00 -0.00000000000000000E+00
  648.000000  3.05314389996993441E+02  2.84388042014570374E+02  2.03198947272139954E+01  5.98076790065763753E-01  8.29621098678523169E-03  7.97364666616015973E-05  5.17690128546066378E-07 -0.00000000000000000E+00 -0.00000000000000000E+00
  650.000000  3.00761256906261451E+02  2.80264592982903878E+02  1.99058632803739997E+01  5.82685027447800152E-01  8.03827876893421951E-03  7.68406932111872945E-05  4.96073563802207569E-07 -0.00000000000000000E+00 -0.00000000000000000E+00
  652.000000  2.96320244429473405E+02  2.76240982482584968E+02  1.95036112569470390E+01  5.67786328394611850E-01  7.78982212595551778E-03  7.40639661582355815E-05  4.75454762677682634E-07 -0.00000000000000000E+00 -0.00000000000000000E+00
  654.000000  2.91987633468039803E+02  2.72313942147146463E+02  1.91127073360601294E+01  5.53361692175795117E-01  7.55043607728237733E-03  7.14007971798675829E-05  4.55783095887566888E-07 -0.00000000000000000E+00 -0.00000000000000000E+00
  656.000000  2.87759858598918527E+02  2.68480337070500582E+02  1.87327395334277682E+01  5.39392976471154029E-01  7.31973552881022647E-03  6.88459795032029078E-05  4.37010746256339089E-07 -0.00000000000000000E+00 -0.00000000000000000E+00
  658.000000  2.83633500525386125E+02  2.64737159328599319E+02  1.83633141761068082E+01  5.25862852852427842E-01  7.09735416309982461E-03  6.63945719433092026E-05  4.19092538342661274E-07 -0.00000000000000000E+00 -0.00000000000000000E+00
  660.000000  2.79605278955073118E+02  2.61081521863014814E+02  1.80040549399209766E+01  5.12754764868257773E-01  6.88294339926499681E-03  6.40418839356957629E-05  4.01985779287159419E-07 -0.00000000000000000E+00 -0.00000000000000000E+00
  662.000000  2.75672045878140352E+02  2.57510652703803544E+02  1.76546019452439822E+01  5.00052888563771170E-01  6.67617141767557539E-03  6.17834614943164092E-05  3.85650110088003591E-07 -0.00000000000000000E+00 -0.00000000000000000E+00
  664.000000  2.71830779220235854E+02  2.54021889510464916E+02  1.73146109071270828E+01  4.87742095277565291E-01  6.47672224497078831E-03  5.96150740332861519E-05  3.70047366560704083E-07 -0.00000000000000000E+00 -0.00000000000000000E+00
  666.000000  2.68078576846559145E+02  2.50612674411175931E+02  1.69837523360743781E+01  4.75807916570011091E-01  6.28429489522454310E-03  5.75327019943620854E-05  3.55141449296961338E-07 -0.00000000000000000E+00 -0.00000000000000000E+00
  668.000000  2.64412650895315437E+02  2.47280549122119055E+02  1.66617107860620024E+01  4.64236511147503750E-01  6.09860256342914867E-03  5.55325252260469363E-05  3.40898201995320545E-07 -0.00000000000000000E+00 -0.00000000000000000E+00
  670.000000  2.60830322419958065E+02  2.44023150329611553E+02  1.63481841466253854E+01  4.53014633656094290E-01  5.91937186774092565E-03  5.36109120651891580E-05  3.27285297574825093E-07 -0.00000000000000000E+00 -0.00000000000000000E+00
  672.000000  2.57329016321426934E+02  2.40838205319268127E+02  1.60428829761135390E+01  4.42129605227398859E-01  5.74634213721243216E-03  5.17644090738738022E-05  3.14272131535863240E-07 -0.00000000000000000E+00 -0.00000000000000000E+00
  674.000000  2.53906256552505511E+02  2.37723527837154734E+02  1.57455298733804572E+01  4.31569285667138258E-01  5.57926474196324910E-03  4.99897313895599713E-05  3.01829722069367705E-07 -0.00000000000000000E+00 -0.00000000000000000E+00
  676.000000  2.50559661577934548E+02  2.34677014169179529E+02  1.54558588854231811E+01  4.21322047184584880E-01  5.41790246298188595E-03  4.82837536480888805E-05  2.89930616447842691E-07 -0.00000000000000000E+00 -0.00000000000000000E+00
  678.000000  2.47286940074792255E+02  2.31696639425647845E+02  1.51736149486271010E+01  4.11376749567940125E-01  5.26202889894410424E-03  4.66435014424453130E-05  2.78548803274978991E-07 -0.00000000000000000E+00 -0.00000000000000000E+00
  680.000000  2.44085886858823415E+02  2.28780454018924502E+02  1.48985533614711532E+01  4.01722716717110240E-01  5.11142790763245009E-03  4.50661432830891341E-05  2.67659630195959362E-07 -0.00000000000000000E+00 -0.00000000000000000E+00
  682.000000  2.40954379023333331E+02  2.25926580322899554E+02  1.46304392866800015E+01  3.92349714451395437E-01  4.96589307970899275E-03  4.35489830272537114E-05  2.57239726701014954E-07 -0.00000000000000000E+00 -0.00000000000000000E+00
  684.000000  2.37890372278041468E+02  2.23133209503595936E+02  1.43690472809680791E+01  3.83247929514854091E-01  4.82522724275942158E-03  4.20894527481918386E-05  2.47266931679360553E-07 -0.00000000000000000E+00 -0.00000000000000000E+00
  686.000000  2.34891897476254940E+02  2.20398598511086220E+02  1.41141608506413245E+01  3.74407949707656007E-01  4.68924199367053672E-03  4.06851060156270168E-05  2.37720225411574483E-07 -0.00000000000000000E+00 -0.00000000000000000E+00
  688.000000  2.31957057319411774E+02  2.17721067223438581E+02  1.38655720314483606E+01  3.65820745076045117E-01  4.55775725754323409E-03  3.93336115622093866E-05  2.28579665702738981E-07 -0.00000000000000000E+00 -0.00000000000000000E+00
  690.000000  2.29084023228729620E+02  2.15098995734002187E+02  1.36230809911841408E+01  3.57477650098229294E-01  4.43060087146624967E-03  3.80327473115467152E-05  2.19826327886257423E-07 -0.00000000000000000E+00 -0.00000000000000000E+00
  692.000000  2.26271032374344713E+02  2.12530821773854996E+02  1.33864956536533768E+01  3.49370346807441834E-01  4.30760819159530829E-03  3.67803947453246611E-05  2.11442248444905983E-07 -0.00000000000000000E+00 -0.00000000000000000E+00
  694.000000  2.23516384853130603E+02  2.10015038261978475E+02  1.31556313426885634E+01  3.41490848797417090E-01  4.18862172208581476E-03  3.55745335887207225E-05  2.03410372011965392E-07 -0.00000000000000000E+00 -0.00000000000000000E+00
  696.000000  2.20818441006575767E+02  2.07550190975784176E+02  1.29303104450169535E+01  3.33831486058749460E-01  4.07349076453040592E-03  3.44132367942656030E-05  1.95714501535598142E-07 -0.00000000000000000E+00 -0.00000000000000000E+00
  698.000000  2.18175618870936091E+02  2.05134876335399895E+02  1.27103620908460666E+01  3.26384890598171884E-01  3.96207108664362213E-03  3.32946658061119682E-05  1.88339251402441884E-07 -0.00000000000000000E+00 -0.00000000000000000E+00
  700.000000  2.15586391752393752E+02  2.02767739295540878E+02  1.24956218511120216E+01  3.19143982795798697E-01  3.85422460901926542E-03  3.22170660877055053E-05  1.81270003328636282E-07 -0.00000000000000000E+00 -0.00000000000000000E+00
  702.000000  2.13049285920092643E+02  2.00447471338862101E+02  1.22859314504078085E+01  3.12101958458030460E-01  3.74981910886626902E-03  3.11787628965046619E-05  1.74492864845900235E-07 -0.00000000000000000E+00 -0.00000000000000000E+00
  704.000000  2.10562878410751068E+02  1.98172808565460286E+02  1.20811384946723663E+01  3.05252276526809974E-01  3.64872793970300990E-03  3.01781572913785250E-05  1.67994630214999565E-07 -0.00000000000000000E+00 -0.00000000000000000E+00
  706.000000  2.08125794938560034E+02  1.95942529873121543E+02  1.18810962127795179E+01  2.98588647407908025E-01  3.55082976605461832E-03  2.92137223585351702E-05  1.61762743614040003E-07 -0.00000000000000000E+00 -0.00000000000000000E+00
  708.000000  2.05736707904801051E+02  1.93755455223593344E+02  1.16856632112269168E+01  2.92105021883787064E-01  3.45600831226356786E-03  2.82839996428642132E-05  1.55785264459976497E-07 -0.00000000000000000E+00 -0.00000000000000000E+00
  710.000000  2.03394334501759772E+02  1.91610443990241606E+02  1.14947032411688426E+01  2.85795580578307007E-01  3.36415212458054860E-03  2.73875957727013827E-05  1.50050834729905448E-07 -0.00000000000000000E+00 -0.00000000000000000E+00
  712.000000  2.01097434905757950E+02  1.89506393382647957E+02  1.13080849770937668E+01  2.79654723942589167E-01  3.27515434575657068E-03  2.65231792665114220E-05  1.44548648156058885E-07 -0.00000000000000000E+00 -0.00000000000000000E+00
  714.000000  1.98844810554801484E+02  1.87442236944334695E+02  1.11256818064861882E+01  2.73677062733610810E-01  3.18891250140932456E-03  2.56894775109199424E-05  1.39268421181952860E-07 -0.00000000000000000E+00 -0.00000000000000000E+00
  716.000000  1.96635302506015137E+02  1.85416943119432972E+02  1.09473716298523591E+01  2.67857408958089183E-01  3.10532829748015084E-03  2.48852738999045438E-05  1.34200365568128368E-07 -0.00000000000000000E+00 -0.00000000000000000E+00
  718.000000  1.94467789869107264E+02  1.83429513885144615E+02  1.07730366705372447E+01  2.62190767256849533E-01  3.02430742814453063E-03  2.41094051260036356E-05  1.29335162549058183E-07 -0.00000000000000000E+00 -0.00000000000000000E+00
  720.000000  1.92341188311399719E+02  1.81478983446090638E+02  1.06025632937876111E+01  2.56672326705301157E-01  2.94575939357965069E-03  2.33607586147775703E-05  1.24663938444404197E-07 -0.00000000000000000E+00 -0.00000000000000000E+00
  722.000000  1.90254448631148648E+02  1.79564416987815093E+02  1.04358418345500681E+01  2.51297453008039851E-01  2.86959732702570663E-03  2.26382700939659263E-05  1.20178241638869684E-07 -0.00000000000000000E+00 -0.00000000000000000E+00
  724.000000  1.88206555395300711E+02  1.77684909486083370E+02  1.02727664335293252E+01  2.46061681066199744E-01  2.79573783061823691E-03  2.19409212900508705E-05  1.15870020846443172E-07 -0.00000000000000000E+00 -0.00000000000000000E+00
  726.000000  1.86196525638551407E+02  1.75839584569308272E+02  1.01132348810567532E+01  2.40960707897840742E-01  2.72410081949820554E-03  2.12677377447820513E-05  1.11731604581815315E-07 -0.00000000000000000E+00 -0.00000000000000000E+00
  728.000000  1.84223407620583885E+02  1.74027593431424975E+02  9.95714846835013745E+00  2.35990385892759447E-01  2.65460937373753272E-03  2.06177867447952601E-05  1.07755681768582883E-07 -0.00000000000000000E+00 -0.00000000000000000E+00
  730.000000  1.82286279638420183E+02  1.72248113792563231E+02  9.80441184576472224E+00  2.31146716383939910E-01  2.58718959764694728E-03  1.99901753581551242E-05  1.03935283414053678E-07 -0.00000000000000000E+00 -0.00000000000000000E+00
  732.000000  1.80384248891206198E+02  1.70500348905222609E+02  9.65493288766597502E+00  2.26425843519215686E-01  2.52177048605740049E-03  1.93840485716966214E-05  1.00263765289410801E-07 -0.00000000000000000E+00 -0.00000000000000000E+00
  734.000000  1.78516450394838557E+02  1.68783526603727864E+02  9.50862256357342162E+00  2.21824048417554320E-01  2.45828379719414047E-03  1.87985875235417246E-05  9.67347915557012939E-08 -0.00000000000000000E+00 -0.00000000000000000E+00
  736.000000  1.76682045943768799E+02  1.67096898394646360E+02  9.36539481524579287E+00  2.17337743595067301E-01  2.39666393178303207E-03  1.82330078254812533E-05  9.33423192795533332E-08 -0.00000000000000000E+00 -0.00000000000000000E+00
  738.000000  1.74880223117908827E+02  1.65439738586408566E+02  9.22516643939645142E+00  2.12963467647072524E-01  2.33684781805103530E-03  1.76865579705476339E-05  9.00805837862277281E-08 -0.00000000000000000E+00 -0.00000000000000000E+00
  740.000000  1.73110194332241122E+02  1.63811343456053692E+02  9.08785697575021523E+00  2.08697880173013717E-01  2.27877480230362925E-03  1.71585178205206144E-05  8.69440848034204131E-08 -0.00000000000000000E+00 -0.00000000000000000E+00
  742.000000  1.71371195927087342E+02  1.62211030451325087E+02  8.95338860016095950E+00  2.04537756931834402E-01  2.22238654477918945E-03  1.66481971696371004E-05  8.39275733471841756E-08 -0.00000000000000000E+00 -0.00000000000000000E+00
  744.000000  1.69662487297031589E+02  1.60638137426399453E+02  8.82168602253508283E+00  2.00479985216207024E-01  2.16762692049977078E-03  1.61549343798231801E-05  8.10260393095705538E-08 -0.00000000000000000E+00 -0.00000000000000000E+00
  746.000000  1.67983350056784388E+02  1.59092021909780783E+02  8.69267638931435194E+00  1.96521559434641113E-01  2.11444192485287299E-03  1.56780950839557216E-05  7.82346997063974784E-08 -0.00000000000000000E+00 -0.00000000000000000E+00
  748.000000  1.66333087241995258E+02  1.57572060402610532E+02  8.56628919029003377E+00  1.92659576890981454E-01  2.06277958365517914E-03  1.52170709531919270E-05  7.55489875476754791E-08 -0.00000000000000000E+00 -0.00000000000000000E+00
  750.000000  1.64711022543476020E+02  1.56077647706090033E+02  8.44245616952403921E+00  1.88891233751472321E-01  2.01258986746194945E-03  1.47712785251395955E-05  7.29645412955993921E-08 -0.00000000000000000E+00 -0.00000000000000000E+00
  752.000000  1.63116499573286319E+02  1.54608196276669219E+02  8.32111124018149795E+00  1.85213821190223005E-01  1.96382460990275967E-03  1.43401580895144728E-05  7.04771948762932822E-08 -0.00000000000000000E+00 -0.00000000000000000E+00
  754.000000  1.61548881160986525E+02  1.53163135607526669E+02  8.20219040307037695E+00  1.81624721704062075E-01  1.91643742983181598E-03  1.39231726281646337E-05  6.80829682151177858E-08 -0.00000000000000000E+00 -0.00000000000000000E+00
  756.000000  1.60007548678921466E+02  1.51741911635377392E+02  8.08563166871335248E+00  1.78121405588747672E-01  1.87038365709857519E-03  1.35198068067974917E-05  6.57780582639849586E-08 -0.00000000000000000E+00 -0.00000000000000000E+00
  758.000000  1.58491901394962611E+02  1.50343986171231791E+02  7.97137498277585266E+00  1.74701427568484169E-01  1.82562026175174270E-03  1.31295660153720022E-05  6.35588304960427290E-08 -0.00000000000000000E+00 -0.00000000000000000E+00
  760.000000  1.57001355851439598E+02  1.48968836354002747E+02  7.85936215468189481E+00  1.71362423571287448E-01  1.78210578650016944E-03  1.27519754548930617E-05  6.14218108392340681E-08 -0.00000000000000000E+00 -0.00000000000000000E+00
  762.000000  1.55535345269288086E+02  1.47615954126146903E+02  7.74953678927275469E+00  1.68102107643399279E-01  1.73980028226762432E-03  1.23865792679935574E-05  5.93636780255583702E-08 -0.00000000000000000E+00 -0.00000000000000000E+00
  764.000000  1.54093318975956322E+02  1.46284845730039251E+02  7.64184422135359753E+00  1.64918268995806971E-01  1.69866524668304490E-03  1.20329397111096156E-05  5.73812563332554367E-08 -0.00000000000000000E+00 -0.00000000000000000E+00
  766.000000  1.52674741856115702E+02  1.44975031224274971E+02  7.53623145299103125E+00  1.61808769176667089E-01  1.65866356535900343E-03  1.16906363660459637E-05  5.54715086990749632E-08 -0.00000000000000000E+00 -0.00000000000000000E+00
  768.000000  1.51279093824284701E+02  1.43686044019130691E+02  7.43264709343739494E+00  1.58771539363777581E-01  1.61975945582039740E-03  1.13592653889577758E-05  5.36315301819945471E-08 -0.00000000000000000E+00 -0.00000000000000000E+00
  770.000000  1.49905869318078203E+02  1.42417430430049649E+02  7.33104130154594280E+00  1.55804577771175845E-01  1.58191841394884425E-03  1.10384387947155268E-05  5.18585417579580731E-08 -0.00000000000000000E+00 -0.00000000000000000E+00
  772.000000  1.48554576811441848E+02  1.41168749248609515E+02  7.23136573057096399E+00  1.52905947164743761E-01  1.54510716282093815E-03  1.07277837750515683E-05  5.01498844278960163E-08 -0.00000000000000000E+00 -0.00000000000000000E+00
  774.000000  1.47224738346805680E+02  1.39939571330041986E+02  7.13357347523315877E+00  1.50073772481557233E-01  1.50929360382037682E-03  1.04269420484793937E-05  4.85030136225724539E-08 -0.00000000000000000E+00 -0.00000000000000000E+00
  776.000000  1.45915889085398987E+02  1.38729479196647276E+02  7.03761902094895575E+00  1.47306238548231494E-01  1.47444676991357704E-03  1.01355692406151706E-05  4.69154938877860931E-08 -0.00000000000000000E+00 -0.00000000000000000E+00
  778.000000  1.44627576874876183E+02  1.37538066656359376E+02  6.94345819512290863E+00  1.44601587893635364E-01  1.44053678098266403E-03  9.85333429327577355E-06  4.53849938348561672E-08 -0.00000000000000000E+00 -0.00000000000000000E+00
  780.000000  1.43359361833518335E+02  1.36364938435831675E+02  6.85104812040564326E+00  1.41958118651650034E-01  1.40753480111612591E-03  9.57991890087152736E-06  4.39092813422957150E-08 -0.00000000000000000E+00 -0.00000000000000000E+00
  782.000000  1.42110815950343977E+02  1.35209709827460131E+02  6.76034716983307327E+00  1.39374182549883319E-01  1.37541299776303312E-03  9.31501697278087874E-06  4.24862189954892727E-08 -0.00000000000000000E+00 -0.00000000000000000E+00
  784.000000  1.40881522700306903E+02  1.34072006349621120E+02  6.67131492375484036E+00  1.36848182980307598E-01  1.34414450266020797E-03  9.05833412040077560E-06  4.11137597515500658E-08 -0.00000000000000000E+00 -0.00000000000000000E+00
  786.000000  1.39671076674085953E+02  1.32951463419709910E+02  6.58391212847626051E+00  1.34378573148243696E-01  1.31370337444854926E-03  8.80958716761229475E-06  3.97899428170531250E-08 -0.00000000000000000E+00 -0.00000000000000000E+00
  788.000000  1.38479083221658470E+02  1.31847726039251143E+02  6.49810065653182889E+00  1.31963854295987393E-01  1.28406456289710687E-03  8.56850368354807110E-06  3.85128897283730313E-08 -0.00000000000000000E+00 -0.00000000000000000E+00
  790.000000  1.37305158109307456E+02  1.30760448490809438E+02  6.41384346852298393E+00  1.29602573997924908E-01  1.25520387465984096E-03  8.33482153655334333E-06  3.72808006230402697E-08 -0.00000000000000000E+00 -0.00000000000000000E+00
  792.000000  1.36148927189237440E+02  1.29689294045947634E+02  6.33110457644503022E+00  1.27293324523730433E-01  1.22709794049152008E-03  8.10828846822345749E-06  3.60919506926053948E-08 -0.00000000000000000E+00 -0.00000000000000000E+00
  794.000000  1.35010026081444039E+02  1.28633934683946620E+02  6.24984900844052227E+00  1.25034741266757010E-01  1.19972418385526640E-03  7.88866168671887823E-06  3.49446868075647775E-08 -0.00000000000000000E+00 -0.00000000000000000E+00
  796.000000  1.33888099867276196E+02  1.27594050820790130E+02  6.17004277491549402E+00  1.22825501234692047E-01  1.17306079085611960E-03  7.67570747816158876E-06  3.38374243053157357E-08 -0.00000000000000000E+00 -0.00000000000000000E+00
  798.000000  1.32782802794149404E+02  1.26569331047939102E+02  6.09165283595954943E+00  1.20664321599702529E-01  1.14708668143933385E-03  7.46920083551388489E-06  3.27686439325262483E-08 -0.00000000000000000E+00 -0.00000000000000000E+00
  800.000000  1.31693797991013469E+02  1.25559471880554327E+02  6.01464707000985488E+00  1.18549958305486314E-01  1.12178148179422460E-03  7.26892510384836288E-06  3.17368889344035675E-08 -0.00000000000000000E+00 -0.00000000000000000E+00
  802.000000  1.30620757194109842E+02  1.24564177514760161E+02  5.93899424371055584E+00  1.16481204728748233E-01  1.09712549790886584E-03  7.07467164139535786E-06  3.07407622828627094E-08 -0.00000000000000000E+00 -0.00000000000000000E+00
  804.000000  1.29563360482578162E+02  1.23583159593565426E+02  5.86466398291137736E+00  1.14456890392720390E-01  1.07309969022216598E-03  6.88623949551784888E-06  2.97789240368605052E-08 -0.00000000000000000E+00 -0.00000000000000000E+00
  806.000000  1.28521296023537616E+02  1.22616136981113641E+02  5.79162674475887140E+00  1.12475879730476902E-01  1.04968564932343819E-03  6.70343509295073591E-06  2.88500888278299446E-08 -0.00000000000000000E+00 -0.00000000000000000E+00
  808.000000  1.27494259826190842E+02  1.21662835544865118E+02  5.71985379083238143E+00  1.10537070895875222E-01  1.02686557265175204E-03  6.52607194358017146E-06  2.79530234642293236E-08 -0.00000000000000000E+00 -0.00000000000000000E+00
  810.000000  1.26481955504708878E+02  1.20722987945507157E+02  5.64931716128241312E+00  1.08639394620155261E-01  1.00462224215001352E-03  6.35397035715324732E-06  2.70865446487148567E-08 -0.00000000000000000E+00 -0.00000000000000000E+00
  812.000000  1.25484094049435555E+02  1.19796333434186181E+02  5.57998964992768176E+00  1.06781813112155788E-01  9.82939002830540871E-04  6.18695717232594620E-06  2.62495168028538475E-08 -0.00000000000000000E+00 -0.00000000000000000E+00
  814.000000  1.24500393606050693E+02  1.18882617656733316E+02  5.51184478026843561E+00  1.04963319000324129E-01  9.61799742211083444E-04  6.02486549741400789E-06  2.54408499932640973E-08 -0.00000000000000000E+00 -0.00000000000000000E+00
  816.000000  1.23530579262573610E+02  1.17981592464809580E+02  5.44485678238453819E+00  1.03182934314825614E-01  9.41188870583026921E-04  5.86753446233729446E-06  2.46594979548117941E-08 -0.00000000000000000E+00 -0.00000000000000000E+00
  818.000000  1.22574382843592048E+02  1.17093015733396271E+02  5.37900057067219617E+00  1.01439709507913839E-01  9.21091302073905353E-04  5.71480898123810708E-06  2.39044562054564804E-08 -0.00000000000000000E+00 -0.00000000000000000E+00
  820.000000  1.21631542711722204E+02  1.16216651184667398E+02  5.31425172239288468E+00  9.97327225111092897E-02  9.01492436469775085E-04  5.56653952525182469E-06  2.31747602486387432E-08 -0.00000000000000000E+00 -0.00000000000000000E+00
  822.000000  1.20701803575840074E+02  1.15352268217821802E+02  5.25058645699744009E+00  9.80610778275725903E-02  8.82378141763702950E-04  5.42258190499639109E-06  2.24694838583735134E-08 -0.00000000000000000E+00 -0.00000000000000000E+00
  824.000000  1.19784916305851539E+02  1.14499641744679707E+02  5.18798161619152420E+00  9.64239056581943366E-02  8.63734737398069588E-04  5.28279706227465233E-06  2.17877374436094535E-08 -0.00000000000000000E+00 -0.00000000000000000E+00
  826.000000  1.18880637753796805E+02  1.13658552030861756E+02  5.12641464471725072E+00  9.48203610600581448E-02  8.45548978171067585E-04  5.14705087064101940E-06  2.11286664872195878E-08 -0.00000000000000000E+00 -0.00000000000000000E+00
  828.000000  1.17988730580998094E+02  1.12828784542300014E+02  5.06586357181792657E+00  9.32496231359251915E-02  8.27808038778035226E-04  5.01521394435738145E-06  2.04914500567164684E-08 -0.00000000000000000E+00 -0.00000000000000000E+00
  830.000000  1.17108963090991836E+02  1.12010129796842705E+02  5.00630699335989515E+00  9.17108942534291260E-02  8.10499498960163991E-04  4.88716145540033744E-06  1.98752993824825749E-08 -0.00000000000000000E+00 -0.00000000000000000E+00
  832.000000  1.16241109068142578E+02  1.11202383220882837E+02  4.94772405458527498E+00  9.02033992928531758E-02  7.93611329234382868E-04  4.76277295815272333E-06  1.92794565006988734E-08 -0.00000000000000000E+00 -0.00000000000000000E+00
  834.000000  1.15384947621554261E+02  1.10405345010649910E+02  4.89009443346952022E+00  8.87263849222248990E-02  7.77131877179512644E-04  4.64193222137264311E-06  1.87031929577964981E-08 -0.00000000000000000E+00 -0.00000000000000000E+00
  836.000000  1.14540263034220061E+02  1.09618819998133802E+02  4.83339832466035180E+00  8.72791188987084576E-02  7.61049854254563000E-04  4.52452706719962161E-06  1.81458085731712019E-08 -0.00000000000000000E+00 -0.00000000000000000E+00
  838.000000  1.13706844617113745E+02  1.08842617521363536E+02  4.77761642397603836E+00  8.58608893951846863E-02  7.45354323127247012E-04  4.41044921682457214E-06  1.76066302575993535E-08 -0.00000000000000000E+00 -0.00000000000000000E+00
  840.000000  1.12884486568130285E+02  1.08076551298976085E+02  4.72272991343848147E+00  8.44710043510354947E-02  7.30034685489855265E-04  4.29959414253110704E-06  1.70850108845990209E-08 -0.00000000000000000E+00 -0.00000000000000000E+00
  842.000000  1.12072987835591675E+02  1.07320439308811956E+02  4.66872044682197540E+00  8.31087908461385916E-02  7.15080670342937183E-04  4.19186092584331540E-06  1.65803282122597752E-08 -0.00000000000000000E+00 -0.00000000000000000E+00
  844.000000  1.11272151986202175E+02  1.06574103670440422E+02  4.61557013569773034E+00  8.17735944971593742E-02  7.00482322726590778E-04  4.08715212149031336E-06  1.60919838529986009E-08 -0.00000000000000000E+00 -0.00000000000000000E+00
  846.000000  1.10481787077341210E+02  1.05837370531525096E+02  4.56326153595483586E+00  8.04647788753089233E-02  6.86229992880807416E-04  3.98537362692243903E-06  1.56194022891148424E-08 -0.00000000000000000E+00 -0.00000000000000000E+00
  848.000000  1.09701705533385905E+02  1.05110069957741985E+02  4.51177763477693006E+00  7.91817249445983806E-02  6.72314325816483738E-04  3.88643455718421745E-06  1.51620299318637301E-08 -0.00000000000000000E+00 -0.00000000000000000E+00
  850.000000  1.08931724026090137E+02  1.04392035826291988E+02  4.46110183806046035E+00  7.79238305199193571E-02  6.58726251280609162E-04  3.79024712482074358E-06  1.47193342220398552E-08 -0.00000000000000000E+00 -0.00000000000000000E+00
  852.000000  1.08171663358742762E+02  1.03683105722750668E+02  4.41121795825657070E+00  7.66905097440988559E-02  6.45456974099035464E-04  3.69672652469263131E-06  1.42908027701208900E-08 -0.00000000000000000E+00 -0.00000000000000000E+00
  854.000000  1.07421348353992641E+02  1.02983120841160030E+02  4.36211020261775317E+00  7.54811925831798680E-02  6.32497964880927963E-04  3.60579082340318145E-06  1.38759425340959790E-08 -0.00000000000000000E+00 -0.00000000000000000E+00
  856.000000  1.06680607745281918E+02  1.02291925887317575E+02  4.31376316183888875E+00  7.42953243392830420E-02  6.19840951070681494E-04  3.51736085321003512E-06  1.34742790331688888E-08 -0.00000000000000000E+00 -0.00000000000000000E+00
  858.000000  1.05949274071640843E+02  1.01609368985034450E+02  4.26616179907220872E+00  7.31323651802941177E-02  6.07477908332256563E-04  3.43136011014535659E-06  1.30853555958088696E-08 -0.00000000000000000E+00 -0.00000000000000000E+00
  860.000000  1.05227183575862227E+02  1.00935301585391926E+02  4.21929143930881700E+00  7.19917896858227602E-02  5.95401052253450441E-04  3.34771465624859269E-06  1.27087326402859398E-08 -0.00000000000000000E+00 -0.00000000000000000E+00
  862.000000  1.04514176105739125E+02  1.00269578378698270E+02  4.17313775910493767E+00  7.08730864086761780E-02  5.83602830355599614E-04  3.26635302566236064E-06  1.23439869865724040E-08 -0.00000000000000000E+00 -0.00000000000000000E+00
  864.000000  1.03810095018494735E+02  9.96120572092848420E+01  4.12768677664728756E+00  6.97757574514030476E-02  5.72075914397916232E-04  3.18720613446209053E-06  1.19907111977887529E-08 -0.00000000000000000E+00 -0.00000000000000000E+00
  866.000000  1.03114787088102162E+02  9.89625989928549075E+01  4.08292484214140483E+00  6.86993180572360862E-02  5.60813192963550804E-04  3.11020719407830728E-06  1.16485129499356173E-08 -0.00000000000000000E+00 -0.00000000000000000E+00
  868.000000  1.02428102415480737E+02  9.83210676363813150E+01  4.03883862851155762E+00  6.76432962149101924E-02  5.49807764316308407E-04  3.03529162808608236E-06  1.13170144288367480E-08 -0.00000000000000000E+00 -0.00000000000000000E+00
  870.000000  1.01749894342166101E+02  9.76873299603989267E+01  3.99541512239995411E+00  6.66072322768355429E-02  5.39052929517307025E-04  2.96239699230090750E-06  1.17638803588024750E-08 -0.00000000000000000E+00 -0.00000000000000000E+00
  872.000000  1.01080019362904579E+02  9.70612556237836088E+01  3.95264161545827264E+00  6.55906785901722023E-02  5.28542185791263134E-04  2.89146289799774230E-06  1.14237292439422710E-08 -0.00000000000000000E+00 -0.00000000000000000E+00
  874.000000  1.00418337048409001E+02  9.64427170506102698E+01  3.91050569591329555E+00  6.45931991401985373E-02  5.18269220131964544E-04  2.82243093811607619E-06  1.10943899866464149E-08 -0.00000000000000000E+00 -0.00000000000000000E+00
  876.000000  9.97647099629419358E+01  9.58315893594069053E+01  3.86899524040622822E+00  6.36143692056802268E-02  5.08227903138322359E-04  2.75524461635141614E-06  1.07754876122789606E-08 -0.00000000000000000E+00 -0.00000000000000000E+00
  878.000000  9.91190035880945857E+01  9.52277502943828722E+01  3.82809840608706597E+00  6.26537750256454251E-02  4.98412283071085829E-04  2.68984927898829379E-06  1.04666612480981520E-08 -0.00000000000000000E+00 -0.00000000000000000E+00
  880.000000  9.84810862481382401E+01  9.46310801587606534E+01  3.78780362296065176E+00  6.17110134772346219E-02  4.88816580122005870E-04  2.62619204937344053E-06  1.01675635512755649E-08 -0.00000000000000000E+00 -0.00000000000000000E+00
  882.000000  9.78508290376415744E+01  9.40414617501234034E+01  3.74809958647347941E+00  6.07856917642028705E-02  4.79435180887124784E-04  2.56422176491754517E-06  9.87786016177405254E-09 -0.00000000000000000E+00 -0.00000000000000000E+00
  884.000000  9.72281057511491440E+01  9.34587802975832460E+01  3.70897525033109599E+00  5.98774271156280596E-02  4.70262633035824977E-04  2.50388891651204443E-06  9.59722917890235493E-09 -0.00000000000000000E+00 -0.00000000000000000E+00
  886.000000  9.66127928150326625E+01  9.28829234008853177E+01  3.67041981954169572E+00  5.89858464945461486E-02  4.61293640168705795E-04  2.44514559027404363E-06  9.32536066065540889E-09 -0.00000000000000000E+00 -0.00000000000000000E+00
  888.000000  9.60047692213058212E+01  9.23137809712517878E+01  3.63242274367367424E+00  5.81105863160649994E-02  4.52523056856242402E-04  2.38794541150651990E-06  9.06195614454335297E-09 -0.00000000000000000E+00 -0.00000000000000000E+00
  890.000000  9.54039164633720702E+01  9.17512451739405037E+01  3.59497371032289692E+00  5.72512921746589909E-02  4.43945883851808480E-04  2.33224349080363933E-06  8.80672818910234551E-09 -0.00000000000000000E+00 -0.00000000000000000E+00
  892.000000  9.48101184736975142E+01  9.11952103725173799E+01  3.55806263878062223E+00  5.64076185803055741E-02  4.35557263472056825E-04  2.27799637219268137E-06  8.55939993502598780E-09 -0.00000000000000000E+00 -0.00000000000000000E+00
  894.000000  9.42232615632488830E+01  9.06455730746932318E+01  3.52167967389564085E+00  5.55792287031411786E-02  4.27352475138385759E-04  2.22516198324142445E-06  8.31970468506089767E-09 -0.00000000000000000E+00 -0.00000000000000000E+00
  896.000000  9.36432343627297428E+01  9.01022318797612911E+01  3.48581518012406999E+00  5.47657941263258591E-02  4.19326931073196925E-04  2.17369958704339554E-06  8.08738550183860448E-09 -0.00000000000000000E+00 -0.00000000000000000E+00
  898.000000  9.30699277654531159E+01  8.95650874274832063E+01  3.45045973575901188E+00  5.39669946068278006E-02  4.11476172145260749E-04  2.12356973601955015E-06  7.86219482269802336E-09 -0.00000000000000000E+00 -0.00000000000000000E+00
  900.000000  9.25032348719449544E+01  8.90340423485223198E+01  3.41560412733678964E+00  5.31825178438659063E-02  4.03795863858347572E-04  2.07473422743398705E-06  7.64389409100145431E-09 -0.00000000000000000E+00 -0.00000000000000000E+00
