# Wavelength || Total || n=1 | n=2 | ...
  300.000000  4.83795995726065371E+02  5.81891479947962580E+01  4.95525630598607023E+01  3.43697125220704095E+02  1.36197975141116530E+01  1.78769146128061962E+01  5.65450955044797143E-01  2.85871950911174955E-01  9.12441783041426438E-03
  302.000000  5.00043616727626841E+02  5.60717714804140996E+01  5.28647841934205829E+01  3.57723457061391002E+02  1.41998900677868960E+01  1.83051554694487777E+01  5.80378728762363738E-01  2.88943909633057106E-01  9.23581677004436767E-03
  304.000000  5.17086704217415559E+02  5.39801040563397692E+01  5.64673216378440728E+01  3.72174618645342207E+02  1.48256629237341464E+01  1.87409320438482254E+01  5.96631992221555940E-01  2.92068374710125145E-01  9.36454337548826843E-03
  306.000000  5.34986359984938758E+02  5.19186409310227646E+01  6.03905314861191300E+01  3.87070753431943558E+02  1.55021268679447495E+01  1.91851803111559462E+01  6.14353429110775728E-01  2.95261357308274575E-01  9.51217033360574754E-03
  308.000000  5.53810696417752638E+02  4.98916415268313358E+01  6.46691584648816047E+01  4.02433998279836374E+02  1.62350381432681061E+01  1.96389320140995345E+01  6.33707189489836509E-01  2.98540274028367136E-01  9.68052531738379345E-03
  310.000000  5.73635979203427496E+02  4.79031220031902194E+01  6.93431205184831896E+01  4.18288693046699905E+02  1.70310356002877974E+01  2.01033291196322175E+01  6.54882925363423074E-01  3.01924250379511427E-01  9.87173939122086390E-03
  312.000000  5.94548015167769222E+02  4.59568494107006700E+01  7.44584624044642709E+01  4.34661629179071156E+02  1.78978087504517731E+01  2.05796418443975675E+01  6.78100765453326315E-01  3.05434506091009028E-01  1.00883071393764075E-02
  314.000000  6.16643850338462357E+02  4.40563397602859368E+01  8.00685216147957419E+01  4.51582347132147902E+02  1.88443050449797447E+01  2.10692912824941239E+01  7.03617493148494977E-01  3.09094848641176922E-01  1.03331619693633244E-02
  316.000000  6.40033863995580418E+02  4.22048637784218954E+01  8.62353628545045439E+01  4.69083495596498608E+02  1.98809873483544166E+01  2.15738780539861672E+01  7.31734280414679472E-01  3.12932312124492074E-01  1.06097712755510044E-02
  318.000000  6.64844372871304131E+02  4.04054664725895236E+01  9.30315546625402021E+01  4.87201269873232434E+02  2.10201562054123734E+01  2.20952189503545107E+01  7.62806454770703968E-01  3.16977994492292969E-01  1.09222579121805944E-02
  320.000000  6.91220899162934188E+02  3.86610103737311874E+01  1.00542385285378472E+02  5.05975952903151551E+02  2.22763565438204374E+01  2.26353943764941796E+01  7.97255953138061191E-01  3.21268170227209549E-01  1.12755569931297303E-02
  322.000000  7.19332311738684780E+02  3.69742583505558287E+01  1.08868647117151383E+02  5.25452591303103986E+02  2.36668955531601597E+01  2.31968106295630179E+01  8.35587371769447085E-01  3.25845792530119360E-01  1.16756208506978831E-02
  324.000000  7.49376129725020405E+02  3.53480217304795588E+01  1.18130163560048018E+02  5.45681851695772480E+02  2.52125086259871800E+01  2.37822829668651785E+01  8.78408897667426247E-01  3.30762557417471792E-01  1.21296907831203119E-02
  326.000000  7.81585394012780625E+02  3.37854158096160972E+01  1.28470294446758402E+02  5.66721121906672352E+02  2.69382249827173297E+01  2.43951484344229499E+01  9.26459973087488509E-01  3.36081796244218078E-01  1.26466632617531945E-02
  328.000000  8.16237685284409508E+02  3.22902925731686992E+01  1.40061744323200116E+02  5.88635951018318792E+02  2.88745064124637025E+01  2.50394223273326801E+01  9.80648418021558554E-01  3.41882619110578045E-01  1.32375927932490891E-02
  330.000000  8.53667130707890010E+02  3.08679687610392648E+01  1.53114124291061785E+02  6.11501968265256664E+02  3.10587655311373787E+01  2.57200203427265350E+01  1.04210112134642285E+00  3.48265997546510830E-01  1.39163977754554122E-02
  332.000000  8.94280654306593533E+02  2.95264542329314281E+01  1.67883901975910476E+02  6.35407494688581892E+02  3.35374210175081231E+01  2.64430826309162583E+01  1.11223468427498751E+00  3.55363942954109169E-01  1.47011335163245837E-02
  334.000000  9.38580392103328222E+02  2.82785476135368299E+01  1.84687646033919549E+02  6.60457184024476192E+02  3.63687286081882846E+01  2.72164612736529534E+01  1.19285627535565775E+00  3.63353790364898344E-01  1.56144838337850724E-02
  336.000000  9.87195324332052792E+02  2.71454825682485534E+01  2.03919881307716764E+02  6.86777239435522006E+02  3.96267604406990657E+01  2.80504798730556608E+01  1.28631187362764421E+00  3.72481212592070843E-01  1.66876205910545111E-02
  338.000000  1.04092716222213289E+03  2.61634592443615475E+01  2.26077502970175317E+02  7.14523126508793098E+02  4.34071340776729571E+01  2.89591655730494502E+01  1.39571210058945372E+00  3.83098781807464706E-01  1.79629656836263925E-02
  340.000000  1.10081928029069331E+03  2.53958136865721826E+01  2.51793703525634726E+02  7.43891395060535501E+02  4.78355014710787358E+01  2.99623402451004850E+01  1.52529188381324854E+00  3.95733505669427721E-01  1.95009122891857817E-02
  342.000000  1.16826492764986574E+03  2.49567932940499304E+01  2.81886018420955963E+02  7.75138564316445809E+02  5.30805780846147854E+01  3.10893552446207018E+01  1.68101542632833167E+00  4.11211183040527728E-01  2.13916798100801629E-02
  344.000000  1.24518576832347662E+03  2.50596947591484422E+01  3.17425738611952170E+02  8.08612826745917801E+02  5.93750289644442475E+01  3.23861442854512660E+01  1.87165756338384326E+00  4.30898679026508857E-01  2.37787141520274491E-02
  346.000000  1.33433343105045878E+03  2.61086263717670590E+01  3.59838523778742740E+02  8.44811219141844617E+02  6.70508044995804084E+01  3.39293485209440533E+01  2.11079114372520182E+00  4.57209752445730810E-01  2.69078414087376948E-02
  348.000000  1.43976090569113990E+03  2.88180993666001086E+01  4.11042651149878168E+02  8.84495804646581746E+02  7.66033276895672799E+01  3.58555645559047207E+01  2.41936962341083195E+00  4.94901966837372032E-01  3.11866923596941722E-02
  350.000000  1.56743511811474423E+03  3.42059143908290935E+01  4.73626508430218792E+02  9.28971308755812970E+02  8.88152530778969975E+01  3.84037056763333240E+01  2.82167926282569370E+00  5.54083018236370073E-01  3.66655025909957064E-02
  352.000000  1.72602998238099894E+03  4.32246558499591629E+01  5.51169327134726018E+02  9.80864803385898313E+02  1.04936683817738739E+02  4.18006172246096597E+01  3.35379664987299009E+00  6.37017963818206079E-01  4.30803543761374835E-02
  354.000000  1.92649819881905137E+03  5.36113095442233316E+01  6.48780913045829038E+02  1.04622694067020575E+03  1.26964841891453688E+02  4.60348800249866059E+01  4.11530572519751647E+00  7.11361505356488455E-01  5.26464117988287988E-02
  356.000000  2.19207778065539787E+03  6.44106491902239213E+01  7.74133349536077390E+02  1.13572869187942979E+03  1.58772765941640330E+02  5.28399065083491664E+01  5.29678240762907926E+00  8.26858525970717628E-01  6.87766660774197375E-02
  358.000000  2.54667388233383190E+03  7.56240539512691612E+01  9.40047818927439266E+02  1.25458627326452483E+03  2.03891935396799823E+02  6.43546928714398518E+01  7.00437491940615331E+00  1.07226723149044934E+00  9.24657714622496574E-02
  360.000000  2.91686897036573873E+03  5.73686037540064717E+01  1.16950665475450978E+03  1.35706252429128926E+03  2.49799210236907015E+02  7.34098460091791907E+01  8.35593021758044507E+00  1.25816895931288442E+00  1.08032142953668808E-01
  362.000000  3.30206751320197327E+03  1.61938201257726178E+01  1.49653036635719377E+03  1.41662360129117519E+03  2.88810351785451644E+02  7.37777611628025198E+01  8.81594223356352202E+00  1.20938598823870103E+00  1.06284257775431920E-01
  364.000000  3.90728782368737347E+03  2.00007765996269882E+00  1.97061954671555782E+03  1.49673920674413557E+03  3.52505576618778036E+02  7.42248914473514390E+01  9.94310479773231393E+00  1.14353713347882668E+00  1.11882570376449372E-01
  366.000000  4.90364852658990458E+03  2.68579077569866058E+01  2.68688128542531695E+03  1.63201577670152051E+03  4.64694640936873782E+02  7.93663605515423995E+01  1.25270452469617766E+01  1.17066138557258759E+00  1.34848585130236343E-01
  368.000000  6.53528874839523542E+03  1.13058794837443202E+02  3.81194905346900578E+03  1.84874332638007127E+03  6.52249519607340517E+02  9.06556700666454134E+01  1.71440523349853748E+01  1.30864604220780900E+00  1.79685657535828602E-01
  370.000000  9.20713182753079309E+03  3.30887243169374415E+02  5.58319914308167426E+03  2.19917525244060653E+03  9.56620899246091199E+02  1.10650865248964465E+02  2.47549929839429801E+01  1.58849257833433710E+00  2.54938781805997883E-01
  372.000000  1.31817885789840238E+04  8.23956406755716671E+02  8.02619564476770393E+03  2.76337626544863861E+03  1.38773497692872638E+03  1.42587060597752185E+02  3.55254187018350081E+01  2.05166385055584488E+00  3.61141933094977385E-01
  374.000000  1.69015701348047223E+04  1.65496380605155900E+03  9.82086955975498859E+03  3.47634783515194749E+03  1.72431705113663043E+03  1.78285147780794404E+02  4.37833057958497065E+01  2.56301929582391574E+00  4.40409837130089132E-01
  376.000000  1.63913857231149414E+04  2.27486382262568441E+03  8.68553631814683285E+03  3.65527391311155588E+03  1.55793819780468925E+03  1.75594628249990706E+02  3.93028296552791119E+01  2.48429390717436238E+00  3.91719613734214434E-01
  378.000000  1.23074214905327008E+04  2.18638427482662337E+03  5.85624572029723458E+03  3.02712116654315514E+03  1.08018031767841853E+03  1.28369662295690745E+02  2.71072728677482289E+01  1.74514797749792550E+00  2.67928046334532488E-01
  380.000000  8.64077988392550469E+03  1.83369681838595170E+03  3.59911801669366923E+03  2.41352824103570083E+03  6.87971455365906309E+02  8.79822059942230368E+01  1.71925166913553547E+01  1.12200543198273484E+00  1.68624326716209499E-01
  382.000000  6.35750448895688623E+03  1.53800814121281473E+03  2.22114389370201206E+03  2.07606656065660536E+03  4.44265664165366729E+02  6.60640568261466683E+01  1.10673602198834953E+01  7.81042587188590542E-01  1.07769586868551481E-01
  384.000000  5.02786285200036400E+03  1.33640435642386001E+03  1.40923247855816567E+03  1.92030168796513067E+03  2.98631432473881603E+02  5.51900532128676815E+01  7.42414628551350120E+00  6.06888523046552719E-01  7.18085578987520817E-02
  386.000000  4.24639655926113210E+03  1.20466103100096370E+03  9.15727698074131695E+02  1.86135900182023556E+03  2.09026193995132871E+02  4.98645968493469738E+01  5.19217647170496654E+00  5.15953738812261697E-01  4.99073108042399904E-02
  388.000000  3.77981910110302942E+03  1.12001925784542982E+03  6.01850740686984636E+02  1.85487442184044926E+03  1.51433193456827723E+02  4.73746482650002108E+01  3.76365027673218755E+00  4.67219577916421547E-01  3.59691536890138705E-02
  390.000000  3.50198164420170406E+03  1.06748508819175549E+03  3.93131076236697140E+02  1.87886421414788992E+03  1.12802448872859500E+02  4.64213888112631707E+01  2.80960936770362713E+00  4.41105889364301285E-01  2.67126841707878565E-02
  392.000000  3.34325166973064324E+03  1.03769337326239111E+03  2.48648909173575674E+02  1.92206486707681984E+03  8.58917382867255412E+01  4.63565453407465000E+01  2.14805170643338128E+00  4.27854609270712727E-01  2.03302746810124259E-02
  394.000000  3.26363612170698434E+03  1.02475644173054752E+03  1.45000646452868551E+02  1.97840531005619619E+03  6.65231354978201921E+01  4.68382216162689815E+01  1.67425745082492816E+00  4.22323160986149748E-01  1.57857414720938144E-02
  396.000000  3.23918454804448356E+03  1.02489338627984034E+03  6.82301542575733606E+01  2.04443961655759040E+03  5.21857592984572491E+01  4.76760807955223385E+01  1.32544082463727286E+00  4.21650086796642398E-01  1.24599440658589022E-02
  398.000000  3.25497921994942044E+03  1.03561879526513803E+03  9.68434657408816690E+00  2.11810926470379854E+03  4.13115754335833287E+01  4.87586277046369929E+01  1.06248040326587967E+00  4.24161527970392471E-01  9.96833693945617036E-03
  400.000000  3.30138523519147384E+03  1.05526229027372028E+03 -3.61929226821166239E+01  2.19811467775610026E+03  3.28869409570333673E+01  5.00172124189149230E+01  8.60141370114646420E-01  4.28831457876005739E-01  8.06363983090830662E-03
  402.000000  3.37196053181455454E+03  1.08267691428165926E+03 -7.30810416521208026E+01  2.28357795266987341E+03  2.62362255741755916E+01  5.14072583846900670E+01  7.01639393168282721E-01  4.35001287127568914E-01  6.58187598123043550E-03
  404.000000  3.46224234118638651E+03  1.11705575309742562E+03 -1.03482477083746858E+02  2.37385114620478043E+03  2.08968002624999691E+01  5.28979753041245218E+01  5.75504934634195497E-01  4.42227143974369130E-01  5.41132269364523293E-03
  406.000000  3.56901368178394796E+03  1.15781139631517362E+03 -1.29137314394478921E+02  2.46840043145373966E+03  1.65443416906874390E+01  5.44664477604203157E+01  4.73711932578148587E-01  4.50193003271767977E-01  4.47402255630079473E-03
  408.000000  3.68984199171829232E+03  1.20449218664663931E+03 -1.51275338122091171E+02  2.56673132234567674E+03  1.29468372773004479E+01  5.60940774128963611E+01  3.90526200508354127E-01  4.58665530292799217E-01  3.71442706940677218E-03
  410.000000  3.82277698077331888E+03  1.25671980066073957E+03 -1.70771940212515148E+02  2.66833695472623367E+03  9.93551622052179617E+00  5.77643423963071569E+01  3.21777159288264669E-01  4.67437597833994301E-01  3.09222490931808846E-03
  412.000000  3.96614461620586462E+03  1.31413855482606232E+03 -1.88244562450883052E+02  2.77265990169329007E+03  7.38608766160227148E+00  5.94613250901246957E+01  2.64386315270686567E-01  4.76345369727743884E-01  2.57770066994395192E-03
  414.000000  4.11840093031723336E+03  1.37637008272900130E+03 -2.04110289516535317E+02  2.87906252867076364E+03  5.20646139578420186E+00  6.11687115286921639E+01  2.16056064344338494E-01  4.85230777686363357E-01  2.14866749725684284E-03
  416.000000  4.27802478887933285E+03  1.44296884492143727E+03 -2.18616099247072697E+02  2.98680346143095448E+03  3.32869072637565333E+00  6.28691019843313370E+01  1.75061546853201383E-01  4.93939111241603612E-01  1.78840521097435134E-03
  418.000000  4.44343758775530659E+03  1.51337500355106749E+03 -2.31847952814508460E+02  3.09501930122655676E+03  1.70377798819662174E+00  6.45435491985416263E+01  1.40110745907701423E-01  5.02313601775523533E-01  1.48425776897962141E-03
  420.000000  4.61294337877834096E+03  1.58686206013682386E+03 -2.43721883831735170E+02  3.20271173706173568E+03  2.98509352474395362E-01  6.61712859006534302E+01  1.10251179559130302E-01  5.10192304701792887E-01  1.22667412852462679E-03
  422.000000  4.78468641028239381E+03  1.66247796757835022E+03 -2.53959086648257397E+02  3.30874089560282755E+03 -9.06221132113018468E-01  6.77296302702988839E+01  8.48091878748507833E-02  5.17406870056218882E-01  1.00855335679163002E-03
  424.000000  4.95662531668841893E+03  1.73898122535851144E+03 -2.62048150088518355E+02  3.41182623032390893E+03 -1.91602207702155702E+00  6.91940735638419966E+01  6.33518081197423366E-02  5.23783001371732282E-01  8.24798205900953256E-04
  426.000000  5.12652457546768164E+03  1.81477943518472603E+03 -2.67202375788011466E+02  3.51055651643470992E+03 -2.72303850336420350E+00  7.05385613878595450E+01  4.56622437542951246E-02  5.29142507288522745E-01  6.72000719673469652E-04
  428.000000  5.29196453780780848E+03  1.88788918709724385E+03 -2.68330607649315709E+02  3.60341058933821705E+03 -3.30618446322050863E+00  7.17359804387066617E+01  3.17179851039839367E-02  5.33306878559872910E-01  5.48182512535727974E-04
  430.000000  5.45037140111841563E+03  1.95595442208993336E+03 -2.64057524782580799E+02  3.68879031726246785E+03 -3.63288054811515426E+00  7.27588564425371089E+01  2.16558688293683119E-02  5.36102290847830787E-01  4.52494496636639102E-04
  432.000000  5.59906796315228894E+03  2.01638181949954014E+03 -2.52850179513761560E+02  3.76506683892227329E+03 -3.66422554479755647E+00  7.35802564476969394E+01  1.57027319003148758E-02  5.37365850934543698E-01  3.84758503013630225E-04
  434.000000  5.73534490108132468E+03  2.06665890504448907E+03 -2.33314627155220734E+02  3.83064006284485595E+03 -3.36565624724450840E+00  7.41748686495490546E+01  1.40504250916922094E-02  5.36952777394514080E-01  3.44742408373680561E-04
  436.000000  5.85655062370418727E+03  2.10487671967702045E+03 -2.04683803862948622E+02  3.88400934392306135E+03 -2.72358755318381762E+00  7.45202039718832197E+01  1.66723405525113187E-02  5.34744042462302338E-01  3.31165340237475419E-04
  438.000000  5.96019533888722162E+03  2.13034846906510211E+03 -1.67390666997508475E+02  3.92384980780033675E+03 -1.76421717949726742E+00  7.45978263003777471E+01  2.31254042992273395E-02  5.30653817597336097E-01  3.40676513683781318E-04
  440.000000  6.04406188823659795E+03  2.14403489966393681E+03 -1.23444842862787965E+02  3.94908490322007538E+03 -5.64997765873483382E-01  7.43944827961605739E+01  3.24399249538367615E-02  5.24635917850596600E-01  3.67342281395226288E-04
  442.000000  6.10631289505594214E+03  2.14842738949319028E+03 -7.62742956518945192E+01  3.95894438151134455E+03  7.52123157505317996E-01  7.39029961564091735E+01  4.32087624489325209E-02  5.16688435204101015E-01  4.03191733842133120E-04
  444.000000  6.14558259676708258E+03  2.14678643490996183E+03 -2.99367653310567903E+01  3.95300090213407202E+03  2.04802125594902629E+00  7.31228176776925523E+01  5.38903122868030632E-02  5.06855967780212135E-01  4.39840397046985341E-04
  446.000000  6.16104373211735401E+03  2.14207966468205996E+03  1.19568874864982071E+01  3.93118594065552725E+03  3.20214473522146426E+00  7.20602075850576966E+01  6.31873262310211070E-02  4.95229214688622688E-01  4.70432069586869915E-04
  448.000000  6.15244401973277218E+03  2.13618558954354376E+03  4.70494510367006242E+01  3.89379003725403527E+03  4.13814571033931777E+00  7.07280588190839978E+01  7.03044720474362284E-02  4.81942013811020364E-01  4.90883210531400916E-04
  450.000000  6.12011055691708225E+03  2.12969205929436430E+03  7.44507297186637800E+01  3.84145036781487624E+03  4.82935806442223736E+00  6.91453893043004939E+01  7.49866925317975996E-02  4.67166056227688364E-01  4.99971695223660746E-04
  452.000000  6.06492282542339490E+03  2.12219614810372150E+03  9.44487527884075320E+01  3.77512448248188548E+03  5.28792664602656970E+00  6.73365251052977243E+01  7.73881034185685129E-02  4.51103618768813830E-01  4.98575869439686604E-04
  454.000000  5.98825690522542936E+03  2.11279524423491239E+03  1.08022954154189932E+02  3.69604832414251177E+03  5.54801305096576680E+00  6.53300161623137399E+01  7.78859858429121338E-02  4.33978820526068398E-01  4.88674165853009851E-04
  456.000000  5.89190581332468082E+03  2.10051441904141393E+03  1.16409738810658112E+02  3.60567957865252356E+03  5.65128752867741380E+00  6.31573629716758802E+01  7.69256904006075243E-02  4.16028089615575525E-01  4.72539715339855774E-04
  458.000000  5.77798316671581779E+03  2.08456960692516441E+03  1.20820356655564694E+02  3.50563090814703173E+03  5.63776484144451295E+00  6.08516615234452516E+01  7.49257405756717232E-02  3.97490618974125742E-01  4.52263617208400548E-04
  460.000000  5.64881872868208120E+03  2.06447751789928589E+03  1.22302720900825634E+02  3.39759945036460158E+03  5.54149499725354300E+00  5.84462800396093769E+01  7.22353809104326477E-02  3.78599546415952504E-01  4.29553178890618897E-04
  462.000000  5.50685440758182813E+03  2.04006362424405233E+03  1.21699700625962166E+02  3.28329888839772502E+03  5.38942297529181058E+00  5.59736658508231528E+01  6.91253506116650818E-02  3.59574438274181174E-01  4.05699087995827509E-04
  464.000000  5.35454808663793847E+03  2.01141738635093498E+03  1.19658563992589663E+02  3.16439911258914344E+03  5.20187868007110144E+00  5.34643528170269349E+01  6.57951433180981177E-02  3.40615441683773557E-01  3.81623171161373095E-04
  466.000000  5.19429071746733734E+03  1.97882822167264385E+03  1.16661208470175922E+02  3.04247674347188240E+03  4.99369271966024542E+00  5.09462077918204415E+01  6.23861396015292224E-02  3.21899249196755555E-01  3.57952355501537799E-04
  468.000000  5.02833989517715054E+03  1.94272096817016427E+03  1.13058645259533904E+02  2.91897804464906039E+03  4.77540500754573394E+00  4.84439250237198706E+01  5.89951481217498158E-02  3.03576827273193517E-01  3.35091731750603722E-04
  470.000000  4.85877104260275246E+03  1.90359958974076289E+03  1.09102304001084136E+02  2.79519428749170447E+03  4.55433552256527108E+00  4.59787537411096778E+01  5.56861021007604151E-02  2.85772717273320320E-01  3.13286152896916287E-04
  472.000000  4.68744562044848590E+03  1.86200211522965401E+03  1.04969703569255714E+02  2.67224854778494773E+03  4.33544823742778984E+00  4.35684280000490745E+01  5.24993290299891890E-02  2.68585629957796390E-01  2.92668164882545331E-04
  474.000000  4.51599456598889265E+03  1.81846685929162049E+03  1.00784377717816056E+02  2.55109223497228140E+03  4.12201304256592582E+00  4.12272591062374474E+01  4.94585467887749819E-02  2.52090017988932824E-01  2.73293593414745972E-04
  476.000000  4.34581445164326578E+03  1.77350865084474208E+03  9.66308511857892540E+01  2.43250933423822562E+03  3.91609746534679593E+00  3.89663484390649799E+01  4.65759877604089434E-02  2.36338315148756833E-01  2.55167188095651513E-04
  478.000000  4.17807357830736873E+03  1.72760333264186920E+03  9.25656777800518427E+01  2.31712630431341313E+03  3.71892498691795703E+00  3.67938806816678934E+01  4.38560795487524246E-02  2.21363563172314259E-01  2.38260725929566363E-04
  480.000000  4.01372527212829209E+03  1.68117876190551397E+03  8.86254790001558490E+01  2.20542573291207054E+03  3.53113294710684400E+00  3.47154625891699737E+01  4.12980537716449644E-02  2.07182194908734463E-01  2.22525594250175517E-04
  482.000000  3.85352592534109590E+03  1.63461070573532561E+03  8.48327555877038293E+01  2.09776212587763348E+03  3.35295666067219944E+00  3.27344790058282129E+01  3.88977766883510240E-02  1.93796795824214441E-01  2.07901419889524843E-04
  484.000000  3.69805571201275416E+03  1.58822226576372123E+03  8.12000704047221546E+01  1.99437852897269045E+03  3.18436009196481784E+00  3.08524447174900978E+01  3.66490228748013250E-02  1.81198717383638408E-01  1.94321907177375306E-04
  486.000000  3.54774033981585717E+03  1.54228572246651675E+03  7.77330508263532920E+01  1.89542300470013765E+03  3.02512816366486792E+00  2.90693371254353288E+01  3.45443538759171304E-02  1.69370461148951906E-01  1.81718725110776826E-04
  488.000000  3.40287261530311298E+03  1.49702593003517177E+03  7.44325397369017736E+01  1.80096428011679222E+03  2.87493166667239430E+00  2.73839002157571372E+01  3.25757183701449321E-02  1.58287789406557605E-01  1.70024041416184728E-04
  490.000000  3.26363297005196364E+03  1.45262460366838059E+03  7.12961339795497224E+01  1.71100612946427145E+03  2.73337266325219552E+00  2.57939147011601300E+01  3.07348568540919860E-02  1.47921546370986340E-01  1.59172124394380715E-04
  492.000000  3.13010840318437977E+03  1.40922501777301295E+03  6.83192824914872716E+01  1.62550025249376836E+03  2.60001602765503526E+00  2.42964325343701546E+01  2.90135696148399909E-02  1.38239194163807283E-01  1.49100307015592872E-04
  494.000000  3.00230953878516675E+03  1.36693677613756881E+03  6.54960679165324819E+01  1.54435755751783154E+03  2.47441114780471239E+00  2.28879763454118113E+01  2.74038894480217628E-02  1.29206081050766697E-01  1.39749518393245993E-04
  496.000000  2.88018567880041155E+03  1.32584042662200227E+03  6.28197605727518678E+01  1.46745786333307751E+03  2.35610665241887940E+00  2.15647059000804653E+01  2.58981883117745323E-02  1.20786467243775147E-01  1.31064525068470681E-04
  498.000000  2.76363786126766900E+03  1.28599177754347329E+03  6.02832086036643560E+01  1.39465810376116428E+03  2.24466020234723418E+00  2.03225545872898401E+01  2.44892384446415354E-02  1.12944337304234713E-01  1.22993980716081186E-04
  500.000000  2.65253001983672812E+03  1.24742583530291813E+03  5.78791102036546619E+01  1.32579916038982446E+03  2.13964479788064743E+00  1.91573393807071568E+01  2.31702423714267060E-02  1.05644029019064181E-01  1.15490352316633489E-04
  502.000000  2.54669839303173194E+03  1.21016032730401275E+03  5.56002009649980664E+01  1.26071147024256015E+03  2.04065263650256634E+00  1.80648478244274884E+01  2.19348419212721524E-02  9.88507075400431590E-02  1.08509769550052792E-04
  504.000000  2.44595935914817755E+03  1.17419880480934080E+03  5.34393801896158607E+01  1.19921956157821251E+03  1.94729725871852200E+00  1.70409054757705078E+01  2.07771133526640263E-02  9.25307113368700890E-02  1.02011829342882709E-04
  506.000000  2.35011588227965603E+03  1.13953334043379800E+03  5.13897933980828867E+01  1.14114566764639221E+03  1.85921450805371302E+00  1.60814269867392632E+01  1.96915535438134705E-02  8.66517936689548129E-02  9.59593771904116566E-05
  508.000000  2.25896275247730637E+03  1.10614684723549726E+03  4.94448835124104846E+01  1.08631255870745031E+03  1.77606268036609793E+00  1.51824536823858072E+01  1.86730606995254879E-02  8.11832802173281382E-02  9.03182797097350134E-05
  510.000000  2.17229079288300773E+03  1.07401505303600970E+03  4.75984197566324880E+01  1.03454571968769733E+03  1.69752212968382410E+00  1.43401801433341181E+01  1.77169119615766986E-02  7.60961604904731720E-02  8.50571979092027748E-05
  512.000000  2.08989019211230016E+03  1.04310816638680444E+03  4.58445108363955853E+01  9.85674986403706839E+02  1.62329452044035705E+00  1.35509719502465504E+01  1.68187395578230335E-02  7.13631277818685961E-02  8.01473672209064781E-05
  514.000000  2.01155310348659737E+03  1.01339227075170493E+03  4.41776071588573771E+01  9.39535738648411098E+02  1.55310186054250798E+00  1.28113764182010907E+01  1.59745065954794187E-02  6.69585798969688506E-02  7.55623879781709587E-05
  516.000000  1.93707563553295745E+03  9.84830481973116548E+02  4.25924955443738824E+01  8.95969734404919450E+02  1.48668540985701902E+00  1.21181278488137352E+01  1.51804832300158864E-02  6.28585906184640081E-02  7.12780284001077635E-05
  518.000000  1.86625934149906243E+03  9.57383901600818717E+02  4.10842889287937822E+01  8.54825656521608835E+02  1.42380453011091856E+00  1.14681485620657675E+01  1.44332236789097117E-02  5.90408599446551260E-02  6.72720410527974079E-05
  520.000000  1.79891230006442402E+03  9.31012395644656863E+02  3.96484128586690119E+01  8.15959431582537263E+02  1.36423552163647743E+00  1.08585467390647832E+01  1.37295443659742004E-02  5.54846495006878215E-02  6.35239930264102140E-05
  522.000000  1.73484986533713777E+03  9.05675225133951244E+02  3.82805900734284776E+01  7.79234370515514684E+02  1.30777047765689636E+00  1.02866119099630584E+01  1.30665033544680332E-02  5.21707081593465807E-02  6.00151095934143002E-05
  524.000000  1.67389515169117885E+03  8.81331551688437685E+02  3.69768240969332993E+01  7.44521171673150320E+02  1.25421617626822424E+00  9.74980875533278635E+00  1.24413811398445106E-02  4.90811917858037863E-02  5.67281308152725171E-05
  526.000000  1.61587930806275949E+03  8.57940838301414260E+02  3.57333824884764013E+01  7.11697819608929422E+02  1.20339302274327520E+00  9.24576975109594024E+00  1.18516628136356335E-02  4.61995801063526321E-02  5.36471803882928141E-05
  528.000000  1.56064162689378168E+03  8.35463162762500360E+02  3.45467802048053727E+01  6.80649406431689613E+02  1.15513404946740383E+00  8.77228707313828870E+00  1.12950215709184797E-02  4.35105929635620226E-02  5.07576459268381958E-05
  530.000000  1.50802952485841365E+03  8.13859458636359705E+02  3.34137633799601232E+01  6.51267897323232319E+02  1.10928397708108850E+00  8.32730408457119253E+00  1.07693035086728027E-02  4.10001076307953405E-02  4.80460698448460598E-05
  532.000000  1.45789842570683800E+03  7.93091696490415416E+02  3.23312937239714628E+01  6.23451857409510467E+02  1.06569833780417889E+00  7.90890665304696761E+00  1.02725136474263318E-02  3.86550783921202207E-02  4.55000499979072440E-05
  534.000000  1.41011156984684567E+03  7.73123016108200318E+02  3.12965336652109727E+01  5.97106153558071355E+02  1.02424266015875354E+00  7.51531448472757369E+00  9.80280310026298771E-03  3.64634592272590277E-02  4.31081492712703945E-05
  536.000000  1.36453977052534151E+03  7.53917818730631552E+02  3.03068323066377125E+01  5.72141641714718048E+02  9.84791713147572301E-01  7.14487261292646458E+00  9.35845731004502669E-03  3.44141301565099658E-02  4.08598133399434125E-05
  538.000000  1.32106113252064142E+03  7.35441826901793320E+02  2.93597122266801556E+01  5.48474847985892552E+02  9.47228807197437628E-01  6.79604314092479811E+00  8.93788527541458482E-03  3.24968275816891819E-02  3.87452958730376680E-05
  540.000000  1.27956074600477200E+03  7.17662118247271792E+02  2.84528571282332372E+01  5.26027649728285496E+02  9.11445148746050537E-01  6.46739730816383673E+00  8.53960968816110978E-03  3.07020787929718868E-02  3.67555905069578623E-05
  542.000000  1.23993036556284051E+03  7.00547138447163888E+02  2.75841003204262272E+01  5.04726961343769915E+02  8.77339245139108104E-01  6.15760792537753776E+00  8.16225790787023300E-03  2.90211406871697178E-02  3.48823689646239520E-05
  544.000000  1.20206808217393541E+03  6.84066697763151751E+02  2.67514140049252021E+01  4.84504428229178131E+02  8.44816356426234538E-01  5.86544220597400479E+00  7.80455370383361258E-03  2.74459426517008331E-02  3.31179247490473179E-05
  546.000000  1.16587799418612167E+03  6.68191954720331523E+02  2.59528993306640672E+01  4.65296131339089641E+02  8.13787990686296148E-01  5.58975500702652361E+00  7.46530969881964088E-03  2.59690335030721454E-02  3.14551218901499741E-05
  548.000000  1.13126988188149244E+03  6.52895389904683725E+02  2.51867771758486469E+01  4.47042304038494819E+02  7.84171439611283883E-01  5.32948248272823122E+00  7.14342045389763317E-03  2.45835323233801022E-02  2.98873482699713983E-05
  550.000000  1.09815888906873761E+03  6.38150772299527489E+02  2.44513796139004107E+01  4.29687062311084105E+02  7.55889351223993033E-01  5.08363614538201691E+00  6.83785613830135367E-03  2.32830830085073021E-02  2.84084730958357372E-05
  552.000000  1.06646521421815123E+03  6.23933120141902691E+02  2.37451420191098563E+01  4.13178148915131487E+02  7.28869336781603261E-01  4.85129732336107811E+00  6.54765673276428480E-03  2.20618123236809051E-02  2.70128081309506179E-05
  554.000000  1.03611381291152497E+03  6.10218657903631538E+02  2.30665957682559828E+01  3.97466691715973923E+02  7.03043609095971855E-01  4.63161200152307728E+00  6.27192671914845144E-03  2.09142912529729393E-02  2.56950723295587653E-05
  556.000000  1.00703411279536817E+03  5.96984770693532482E+02  2.24143614957129529E+01  3.82506976149509796E+02  6.78348649699736517E-01  4.42378602691363021E+00  6.00983021324316517E-03  1.98354994268617989E-02  2.44503595574501907E-05
  558.000000  9.79159741767108471E+02  5.84209957122565356E+02  2.17871428611727076E+01  3.68256231566925464E+02  6.54724902468068359E-01  4.22708066095206547E+00  5.76058650139098065E-03  1.88207924143450472E-02  2.32741091095339327E-05
  560.000000  9.52428269764671995E+02  5.71873781460764803E+02  2.11837207915483212E+01  3.54674431062747942E+02  6.32116491495155142E-01  4.04080845841999992E+00  5.52346594518175749E-03  1.78658716719225057E-02  2.21620787642193955E-05
  562.000000  9.26780964252362878E+02  5.59956825739792293E+02  2.06029481604022671E+01  3.41724104284199484E+02  6.10470961198914974E-01  3.86432945327815691E+00  5.29778622160690955E-03  1.69667569499689606E-02  2.11103201397224128E-05
  564.000000  9.02162559287409522E+02  5.48440642313071294E+02  2.00437448710467976E+01  3.29370162650039958E+02  5.89739036790502880E-01  3.69704763146899085E+00  5.08290886909762256E-03  1.61197609667585035E-02  2.01151561401132287E-05
  566.000000  8.78521037893560674E+02  5.37307707267731530E+02  1.95050933114701301E+01  3.17579736364203939E+02  5.69874403403469509E-01  3.53840767130770040E+00  4.87823611257708154E-03  1.53214661710760740E-02  1.91731602997002317E-05
  568.000000  8.55807427351259435E+02  5.26541374984548384E+02  1.89860341517162432E+01  3.06322022587440017E+02  5.50833502317645607E-01  3.38789193273063027E+00  4.68320794308805730E-03  1.45687034254903119E-02  1.82811378528501541E-05
  570.000000  8.33975606935681981E+02  5.16125834067739561E+02  1.84856624564258283E+01  2.95568144123192155E+02  5.32575342852999900E-01  3.24501767747956160E+00  4.49729942984466047E-03  1.38585324535827805E-02  1.74361083730811801E-05
  572.000000  8.12982127575728896E+02  5.06046064799243140E+02  1.80031240875221918E+01  2.85291017979684170E+02  5.15061328625373127E-01  3.10933450321397009E+00  4.32001824458908348E-03  1.31882239055509266E-02  1.66352898404184870E-05
  574.000000  7.92786042874992972E+02  4.96287798223988830E+02  1.75376123737015988E+01  2.75465233183463170E+02  4.98255096970554257E-01  2.98042197549761712E+00  4.15090237995052822E-03  1.25552429073530012E-02  1.58760840092934506E-05
  576.000000  7.73348750918102724E+02  4.86837476931224046E+02  1.70883650256097468E+01  2.66066937240146899E+02  4.82122370452708449E-01  2.85788744259221517E+00  3.98951804524078080E-03  1.19572339689172340E-02  1.51560629617834159E-05
  578.000000  7.54633846277651514E+02  4.77682217562113692E+02  1.66546612769928473E+01  2.57073730662301216E+02  4.66630819456858026E-01  2.74136401896883353E+00  3.83545772457799137E-03  1.13920071367447223E-02  1.44729567417281390E-05
  580.000000  7.36606981645176347E+02  4.68809775052112855E+02  1.62358192338494085E+01  2.48464569011531893E+02  4.51749934963028954E-01  2.63050872440809291E+00  3.68833838363079834E-03  1.08575252854801897E-02  1.38246419751722798E-05
  582.000000  7.19235738517968457E+02  4.60208508593389524E+02  1.58311934152693645E+01  2.40219671930750025E+02  4.37450910673014781E-01  2.52500076649110783E+00  3.54779981254628321E-03  1.03518924516892014E-02  1.32091313915839008E-05
  584.000000  7.02489506389952226E+02  4.51867349287669640E+02  1.54401724704833381E+01  2.32320438672116637E+02  4.23706533730300594E-01  2.42453995517330467E+00  3.41350309367825918E-03  9.87334312114387241E-03  1.26245641681170420E-05
  586.000000  6.86339369917070485E+02  4.43775769449589461E+02  1.50621770586054016E+01  2.24749369655780441E+02  4.10491083347014063E-01  2.32884523897891516E+00  3.28512918383228221E-03  9.42023238840079130E-03  1.20691970265664478E-05
  588.000000  6.70758003548007082E+02  4.35923753510334791E+02  1.46966578780597867E+01  2.17489993623844242E+02  3.97780236702810985E-01  2.23765335315336333E+00  3.16237760161446101E-03  8.99102691437549811E-03  1.15413960190035806E-05
  590.000000  6.55719573136781605E+02  4.28301770466254311E+02  1.43430938342484229E+01  2.10526799982422858E+02  3.85550981541923021E-01  2.15071757085990489E+00  3.04496521130496328E-03  8.58429661399218169E-03  1.10396289441470145E-05
  592.000000  6.41199644077276616E+02  4.20900747811901056E+02  1.40009903345247526E+01  2.03845175952138874E+02  3.73781534938305293E-01  2.06780654920796936E+00  2.93262509548047152E-03  8.19870701185257400E-03  1.05624583415102243E-05
  594.000000  6.27175095526752557E+02  4.13712046895618641E+02  1.36698777009062518E+01  1.97431348173671040E+02  3.62451267749765604E-01  1.98870326255340690E+00  2.82510550922958478E-03  7.83301220925027887E-03  1.01085350155032667E-05
  596.000000  6.13624040308341478E+02  4.06727439632755704E+02  1.33493096913586093E+01  1.91272328439881733E+02  3.51540634316575840E-01  1.91320401611648050E+00  2.72216890948239962E-03  7.48604841078667760E-03  9.67659204565537022E-06
  598.000000  6.00525750109881187E+02  3.99939086513792063E+02  1.30388621214503004E+01  1.85355863249655613E+02  3.41031107002574996E-01  1.84111753352463370E+00  2.62359105349725067E-03  7.15672796335676663E-03  9.26543924319399892E-06
  600.000000  5.87860585616884237E+02  3.93339515841729735E+02  1.27381315787526326E+01  1.79670386900805653E+02  3.30905115206434230E-01  1.77226411240638915E+00  2.52916016108863844E-03  6.84403386439932405E-03  8.87395801773732920E-06
  602.000000  5.75609931243794790E+02  3.86921604137409759E+02  1.24467342231322835E+01  1.74204977860173813E+02  3.21145988506063851E-01  1.70647484264038263E+00  2.43867613562638369E-03  6.54701470006851822E-03  8.50109662097477974E-06
  604.000000  5.63756134147254784E+02  3.80678557650672701E+02  1.21643046664366601E+01  1.68949318168534688E+02  3.11737903623483859E-01  1.64359088230478800E+00  2.35194983926066649E-03  6.26477997742145611E-03  8.14586573714205920E-06
  606.000000  5.52282447227509124E+02  3.74603894918453534E+02  1.18904949257351014E+01  1.63893655656048168E+02  3.02665834924036425E-01  1.58346278677774821E+00  2.26880241821703424E-03  5.99649581784908719E-03  7.80733439275057539E-06
  608.000000  5.41172975842940900E+02  3.68691430312027933E+02  1.16249734447101876E+01  1.59028768760919377E+02  2.93915508188802188E-01  1.52594988681233978E+00  2.18906467434173231E-03  5.74138098183347729E-03  7.48462616031131797E-06
  610.000000  5.30412627982243976E+02  3.62935258518665250E+02  1.13674241782412864E+01  1.54345933759574280E+02  2.85473357418699114E-01  1.47091971175166725E+00  2.11257647940638407E-03  5.49870319771674117E-03  7.17691563305553075E-06
  612.000000  5.19987067655928399E+02  3.57329739904829239E+02  1.11175457356345380E+01  1.49836894231228086E+02  2.77326484448922328E-01  1.41824745436383171E+00  2.03918622896365935E-03  5.26777576953609428E-03  6.88342514953124010E-06
  614.000000  5.09882671285444644E+02  3.51869486710592355E+02  1.08750505782083504E+01  1.45493832593213455E+02  2.69462621169866523E-01  1.36781547406496928E+00  1.96875033281187660E-03  5.04795444114037109E-03  6.60342174878164102E-06
  616.000000  5.00086486884015130E+02  3.46549350027566106E+02  1.06396642674318169E+01  1.41309343555839462E+02  2.61870094166509082E-01  1.31951283556181087E+00  1.90113273934668222E-03  4.83863449576552116E-03  6.33621433839305349E-06
  618.000000  4.90586195837395451E+02  3.41364407514646700E+02  1.04111247600329833E+01  1.37276409357207910E+02  2.54537791604596719E-01  1.27323488018879161E+00  1.83620449134001612E-03  4.63924807204238367E-03  6.08115105920323616E-06
  620.000000  4.81370077106400686E+02  3.36309951808531423E+02  1.01891817467239285E+01  1.33388376648900334E+02  2.47455132203549727E-01  1.22888282743479782E+00  1.77384331083212262E-03  4.44926167903450000E-03  5.83761683176940448E-06
  622.000000  4.72426973686028987E+02  3.31381479588378170E+02  9.97359603157854124E+00  1.29638934913426965E+02  2.40612036149450842E-01  1.18636340435937648E+00  1.71393321104940815E-03  4.26817389439375448E-03  5.60503107096492295E-06
  624.000000  4.63746261167288026E+02  3.26574681255956875E+02  9.76413894923027570E+00  1.26022096303293750E+02  2.33998897813822798E-01  1.14558850078327845E+00  1.65636413339824819E-03  4.09551323107079472E-03  5.38284555610691846E-06
  626.000000  4.55317818258869920E+02  3.21885431194913053E+02  9.56059181719751727E+00  1.22532176799990054E+02  2.27606560150251880E-01  1.10647484830957832E+00  1.60103160774821454E-03  3.93083615925269008E-03  5.17054244511680797E-06
  628.000000  4.47131999136321951E+02  3.17309778574884604E+02  9.36274542118056452E+00  1.19163778598872995E+02  2.21426290658287922E-01  1.06894372138730209E+00  1.54783643436801413E-03  3.77372527132128740E-03  4.96763242209792184E-06
  630.000000  4.39179607495016000E+02  3.12843938668016563E+02  9.17039953075994951E+00  1.15911773633047545E+02  2.15449758801572355E-01  1.03292065877277661E+00  1.49668438597122598E-03  3.62378757865067366E-03  4.77365296854050718E-06
  632.000000  4.31451872193366000E+02  3.08484284647902768E+02  8.98336244385882843E+00  1.12771288155915542E+02  2.09669014788453456E-01  9.98335203875130972E-01  1.44748592849921424E-03  3.48065292999557435E-03  4.58816674922399950E-06
  634.000000  4.23940424378969510E+02  3.04227339841744197E+02  8.80145055766357132E+00  1.09737688308090767E+02  2.04076469617164857E-01  9.65120662592379053E-01  1.40015595931104611E-03  3.34397254207355809E-03  4.41076010446064308E-06
  636.000000  4.16637275999808026E+02  3.00069770409379089E+02  8.62448796456442501E+00  1.06806566599966573E+02  1.98664876306091587E-01  9.33213877354807209E-01  1.35461356160649195E-03  3.21341763372141789E-03  4.24104164111351713E-06
  638.000000  4.09534799608002231E+02  2.96008378423342947E+02  8.45230607129072631E+00  1.03973729246376976E+02  1.93427312227470727E-01  9.02555016193502535E-01  1.31078177396539721E-03  3.08867815571527236E-03  4.07864091532023741E-06
  640.000000  4.02625709371615926E+02  2.92040095326945902E+02  8.28474323981153127E+00  1.01235184294450320E+02  1.88357162474169254E-01  8.73087375743829441E-01  1.26858737397561204E-03  2.96946160898950082E-03  3.92320720041982410E-06
  642.000000  3.95903043214534193E+02  2.88161975747328597E+02  8.12164444857692658E+00  9.85871304902310044E+01  1.83448104190205491E-01  8.44757197179510033E-01  1.22796067500198654E-03  2.85549194458375576E-03  3.77440833409711590E-06
  644.000000  3.89360146011239181E+02  2.84371191643083421E+02  7.96286097281399119E+00  9.60259468335829354E+01  1.78694091804504046E-01  8.17513494150238107E-01  1.18883533522148432E-03  2.74650853918555725E-03  3.63192963921006582E-06
  646.000000  3.82990653767378944E+02  2.80665026766271239E+02  7.80825008261036491E+00  9.35481827746306323E+01  1.74089343107605710E-01  7.91307891867438329E-01  1.15114817809869882E-03  2.64226524063021842E-03  3.49547291315594568E-06
  648.000000  3.76788478723382582E+02  2.77040871421250358E+02  7.65767475778623030E+00  9.11505490084198016E+01  1.69628326120418504E-01  7.66094476548595305E-01  1.11483902356070250E-03  2.54252947817198592E-03  3.36475548106965039E-06
  650.000000  3.70747795320449768E+02  2.73496217501834963E+02  7.51100341831382767E+00  8.88299088276379081E+01  1.65305746701087525E-01  7.41829654490793633E-01  1.07985052915338087E-03  2.44708143275335121E-03  3.23950930844048165E-06
  652.000000  3.64863026974947672E+02  2.70028653791565603E+02  7.36810966952399937E+00  8.65832699961280809E+01  1.61116536846997727E-01  7.18472020099461428E-01  1.04612804054218648E-03  2.35571326287715424E-03  3.11948016912336686E-06
  654.000000  3.59128833608996274E+02  2.66635861511143275E+02  7.22887206103551438E+00  8.44077771086620601E+01  1.57055843646251553E-01  6.95982232249475641E-01  1.01361945074523595E-03  2.26822838203343717E-03  3.00442686496266821E-06
  656.000000  3.53540099889942155E+02  2.63315610099225978E+02  7.09317385864363104E+00  8.23007044048590330E+01  1.53119018839351528E-01  6.74322898402216264E-01  9.82275067539290902E-04  2.18444078394882096E-03  2.89412049356501255E-06
  658.000000  3.48091924133769339E+02  2.60065753212741811E+02  6.96090282837577945E+00  8.02594490075083513E+01  1.49301608953131548E-01  6.53458465945815692E-01  9.52047488515790348E-04  2.10417441221880585E-03  2.78834376098143799E-06
  660.000000  3.42779607830974271E+02  2.56884224934306758E+02  6.83195103189966080E+00  7.82815245575870620E+01  1.45599345971175159E-01  6.33355120264784355E-01  9.22891483300595518E-04  2.02726257114780933E-03  2.68689033630924934E-06
  662.000000  3.37598645756333838E+02  2.53769036174875282E+02  6.70621463274294971E+00  7.63645552203017672E+01  1.42008138509821497E-01  6.13980689082382458E-01  8.94763882485904690E-04  1.95354737486848080E-03  2.58956424544978969E-06
  664.000000  3.32544716626408501E+02  2.50718271260589972E+02  6.58359371257652981E+00  7.45062700382378154E+01  1.38524063467737241E-01  5.95304552652217711E-01  8.67623472856307370E-04  1.88287923203475302E-03  2.49617930141993745E-06
  666.000000  3.27613674270921990E+02  2.47730084693205754E+02  6.46399209697903743E+00  7.27044976093889375E+01  1.35143358120962204E-01  5.77297559406644623E-01  8.41430898509778948E-04  1.81511636358953335E-03  2.40655856883874898E-06
  668.000000  3.22801539286899867E+02  2.44802698074503269E+02  6.34731719019986507E+00  7.09571610694080448E+01  1.31862412637739013E-01  5.59931946698265182E-01  8.16148567517573239E-04  1.75012435129799399E-03  2.32053386036903072E-06
  670.000000  3.18104491145882889E+02  2.41934397185317721E+02  6.23347981824787656E+00  6.92622733588102051E+01  1.28677762986406458E-01  5.43181266296770882E-01  7.91740563771547762E-04  1.68777571490998307E-03  2.23794526302321058E-06
  672.000000  3.13518860727167350E+02  2.39123529210617562E+02  6.12239408004189833E+00  6.76179327572436080E+01  1.25586084215800309E-01  5.27020314328118689E-01  7.68172563713882340E-04  1.62794951597676897E-03  2.15864069243064403E-06
  674.000000  3.09041123251252543E+02  2.36368500102557846E+02  6.01397720592416007E+00  6.60223186681021872E+01  1.22584184083846803E-01  5.11425065364878084E-01  7.45411757638648836E-04  1.57053098649266414E-03  2.08247547326841102E-06
  676.000000  3.04667891589701753E+02  2.33667772073727519E+02  5.90814942333509752E+00  6.44736876379570418E+01  1.19668997016411816E-01  4.96372610397788294E-01  7.23426775303548245E-04  1.51541118066903261E-03  2.00931194419244217E-06
  678.000000  3.00395909929005995E+02  2.31019861213578679E+02  5.80483382904111256E+00  6.29703695962908370E+01  1.16837578375243722E-01  4.81841098437279347E-01  7.02187615577990116E-04  1.46248664827180260E-03  1.93901908570869137E-06
  680.000000  2.96222047767619642E+02  2.28423335221152001E+02  5.70395626773040565E+00  6.15107643020262529E+01  1.14087099019161434E-01  4.67809681511632436E-01  6.81665579899470701E-04  1.41165912806916617E-03  1.87147216955114289E-06
  682.000000  2.92143294226578121E+02  2.25876811247876731E+02  5.60544521647287386E+00  6.00933379842220319E+01  1.11414840140247259E-01  4.54258462844517319E-01  6.61833209301321734E-04  1.36283526004131201E-03  1.80655242821110857E-06
  684.000000  2.88156752655460082E+02  2.23378953844356829E+02  5.50923167486547971E+00  5.87166201651797621E+01  1.08818188361263113E-01  4.41168448010035075E-01  6.42664224811030182E-04  1.31592631510241403E-03  1.74414674336807160E-06
  686.000000  2.84259635516424396E+02  2.20928473005599471E+02  5.41524906036216169E+00  5.73792006549489031E+01  1.06294631077191157E-01  4.28521498877019513E-01  6.24133471011242293E-04  1.27084794117424149E-03  1.68414735204184780E-06
  688.000000  2.80449259530566394E+02  2.18524122309430822E+02  5.32343310872084352E+00  5.60797267069784411E+01  1.03841752029987161E-01  4.16300290167575249E-01  6.06216862587697801E-04  1.22751992453450998E-03  1.62645156938349182E-06
  690.000000  2.76723041071270927E+02  2.16164697143046396E+02  5.23372177908869318E+00  5.48169003253075644E+01  1.01457227101036385E-01  4.04488268466567380E-01  5.88891333683968284E-04  1.18586596543934536E-03  1.57096152707786982E-06
  692.000000  2.73078491790646638E+02  2.13849033012968221E+02  5.14605516365457127E+00  5.35894757143410345E+01  9.91388203117166966E-02  3.93069613530092232E-01  5.72134789906120298E-04  1.14581346709049137E-03  1.51758392640721936E-06
  694.000000  2.69513214465946419E+02  2.11576003934281744E+02  5.06037540146565856E+00  5.23962568627999730E+01  9.68843800183896292E-02  3.82029201750930469E-01  5.55926062821996401E-04  1.10729333708259759E-03  1.46622980508508854E-06
  696.000000  2.66024899053348349E+02  2.09344520894608422E+02  4.97662659630228799E+00  5.12360952540141241E+01  9.46918352930026797E-02  3.71352571648792706E-01  5.40244866812924769E-04  1.07023980052722715E-03  1.41681431702911007E-06
  698.000000  2.62611318937598583E+02  2.07153530389076195E+02  4.89475473832519636E+00  5.01078876952184729E+01  9.25591924780087977E-02  3.61025891261953447E-01  5.25071758147306654E-04  1.03459022410598480E-03  1.36925652429575808E-06
  700.000000  2.59270327366811898E+02  2.05002013022733991E+02  4.81470762936883556E+00  4.90105742589510953E+01  9.04845319075263388E-02  3.51035927324810870E-01  5.10388096147269257E-04  1.00028495035622183E-03  1.32347920045135045E-06
  702.000000  2.55999854061837766E+02  2.02888982176651552E+02  4.73643481158077861E+00  4.79431363301410371E+01  8.84660047839634922E-02  3.41370016123934916E-01  4.96176006331738818E-04  9.67267141541934376E-04  1.27940864469250131E-06
  704.000000  2.52797901990990596E+02  2.00813482734702347E+02  4.65988749937132063E+00  4.69045947528286575E+01  8.65018302039623072E-02  3.32016035931871234E-01  4.82418345427432942E-04  9.35482632505656967E-04  1.23697450608911002E-06
  706.000000  2.49662544300706770E+02  1.98774589867635541E+02  4.58501851437670283E+00  4.58940080708759055E+01  8.45902923241606264E-02  3.22962380924773584E-01  4.69098668141187437E-04  9.04879791939181043E-04  1.19610961734428747E-06
  708.000000  2.46591921393994454E+02  1.96771407871779047E+02  4.51178222336670132E+00  4.49104708573556550E+01  8.27297376601444923E-02  3.14197936495928642E-01  4.56201195599834335E-04  8.75409391548464502E-04  1.15674983752324668E-06
  710.000000  2.43584238148562065E+02  1.94803069059523295E+02  4.44013447890157398E+00  4.39531121276410417E+01  8.09185725113785448E-02  3.05712055882900846E-01  4.43710785360844492E-04  8.47024482623565176E-04  1.11883390321557332E-06
  712.000000  2.40637761267037746E+02  1.92868732698829263E+02  4.37003256264632967E+00  4.30210938315387850E+01  7.91552605061403569E-02  2.97494538031456313E-01  4.31612902914971632E-04  8.19680279557546206E-04  1.08230328765519709E-06
  714.000000  2.37750816752465397E+02  1.90967583999654380E+02  4.30143513111600040E+00  4.21136094200655009E+01  7.74383202588719011E-02  2.89535606624093278E-01  4.19893594591752800E-04  7.93334049888096506E-04  1.04710206732659143E-06
  716.000000  2.34921787502064234E+02  1.89098833144465743E+02  4.23430216384169356E+00  4.12298824827661079E+01  7.57663231357993266E-02  2.81825890205835095E-01  4.08539461798410953E-04  7.67945010464431426E-04  1.01317679563156417E-06
  718.000000  2.32149111013587287E+02  1.87261714361274244E+02  4.16859491380678193E+00  4.03691654516971425E+01  7.41378911228284393E-02  2.74356403344002631E-01  3.97537636519229359E-04  7.43474229367894839E-04  9.80476383218305759E-07
  720.000000  2.29431277197624411E+02  1.85455485036439313E+02  4.10427585993749222E+00  3.95307383684525462E+01  7.25516947889753849E-02  2.67118528762825380E-01  3.86875758001511939E-04  7.19884533239312902E-04  9.48951984576768379E-07
  722.000000  2.26766826291075290E+02  1.83679424865867077E+02  4.04130866173866377E+00  3.87139077108017560E+01  7.10064513434119915E-02  2.60104000397264001E-01  3.76541950577094617E-04  6.97140419688455711E-04  9.18556890566647342E-07
  724.000000  2.24154346865957365E+02  1.81932835042334432E+02  3.97965811576809214E+00  3.79180052757389277E+01  6.95009227783835309E-02  2.53304887314040716E-01  3.66524802546058434E-04  6.75207974482421773E-04  8.89246426524851106E-07
  726.000000  2.21592473928990842E+02  1.80215037477382907E+02  3.91929011402486882E+00  3.71423871159188081E+01  6.80339140961025990E-02  2.46713578451004251E-01  3.56813346076501265E-04  6.54054793229080669E-04  8.60977855649005881E-07
  728.000000  2.19079887107234441E+02  1.78525374056141573E+02  3.86017160406357096E+00  3.63864325266306921E+01  6.66042716140156088E-02  2.40322768128944625E-01  3.47397038061786681E-04  6.33649907289974613E-04  8.33710287358613316E-07
  730.000000  2.16615308915245663E+02  1.76863205923336750E+02  3.80227055077162346E+00  3.56495430806393117E+01  6.52108813449765734E-02  2.34125442292849095E-01  3.38265741887383098E-04  6.13963713674195075E-04  8.07404590358859396E-07
  732.000000  2.14197503099813417E+02  1.75227912799138835E+02  3.74555589977206527E+00  3.49311417083693030E+01  6.38526674490434015E-02  2.28114865442141823E-01  3.29409710058998974E-04  5.94967908680374825E-04  7.82023310143251748E-07
  734.000000  2.11825273058305811E+02  1.73618892323476643E+02  3.68999754229047561E+00  3.42306718210510752E+01  6.25285907524266438E-02  2.22284568211889022E-01  3.20819567647761498E-04  5.76635425068660430E-04  7.57530590691650633E-07
  736.000000  2.09497460326807840E+02  1.72035559427218004E+02  3.63556628151886851E+00  3.35475964746088096E+01  6.12376473316060613E-02  2.16628335569378494E-01  3.12486296511184424E-04  5.58940372558627027E-04  7.33892100134864384E-07
  738.000000  2.07212943134821302E+02  1.70477345729326430E+02  3.58223380031261129E+00  3.28813975721551586E+01  5.99788671580524652E-02  2.11140195592349117E-01  3.04401220248833916E-04  5.41857981461172831E-04  7.11074960167308668E-07
  740.000000  2.04970635023076994E+02  1.68943698958509685E+02  3.52997263025350394E+00  3.22315751031272981E+01  5.87513128022699380E-02  2.05814408797452497E-01  2.96555989856653074E-04  5.25364549265152844E-04  6.89047679004491012E-07
  742.000000  2.02769483521333598E+02  1.67434082398318878E+02  3.47875612192198824E+00  3.15976464171709246E+01  5.75540781925512820E-02  2.00645457989153508E-01  2.88942570043274993E-04  5.09437390010047215E-04  6.67780087690534147E-07
  744.000000  2.00608468883204267E+02  1.65947974354549956E+02  3.42855841635911673E+00  3.09791455310112518E+01  5.63862874270094766E-02  1.95628038601175114E-01  2.81553226174760486E-04  4.94054786286688926E-04  6.47243279578376543E-07
  746.000000  1.98486602875500125E+02  1.64484867644138944E+02  3.37935441772279077E+00  3.03756224666328514E+01  5.52470936363227208E-02  1.90757049504137438E-01  2.74380511818548656E-04  4.79195943717591454E-04  6.27409552811604888E-07
  748.000000  1.96402927619059398E+02  1.63044269104270143E+02  3.33111976698547618E+00  2.97866426191979343E+01  5.41356778941715008E-02  1.86027584254666895E-01  2.67417256853390002E-04  4.64840947777642990E-04  6.08252355645907121E-07
  750.000000  1.94356514478822561E+02  1.61625699120976606E+02  3.28383081667957821E+00  2.92117861532050718E+01  5.30512481735045394E-02  1.81434922762591211E-01  2.60656556118811218E-04  4.50970722824223626E-04  5.89746234457104553E-07
  752.000000  1.92346463000848189E+02  1.60228691176371512E+02  3.23746460667138436E+00  2.86506474254855732E+01  5.19930383468757001E-02  1.76974523354255314E-01  2.54091758578351464E-04  4.37566993213843870E-04  5.71866784300937233E-07
  754.000000  1.90371899893708189E+02  1.58852791413452792E+02  3.19199884081889707E+00  2.81028344337036522E+01  5.09603072276977945E-02  1.72642015211219718E-01  2.47716456967735663E-04  4.24612246389744158E-04  5.54590601877249525E-07
  756.000000  1.88431978052632445E+02  1.57497558218036943E+02  3.14741186460309441E+00  2.75679682891047051E+01  4.99523376519381765E-02  1.68433191164803570E-01  2.41524477908460595E-04  4.12089697831837594E-04  5.37895240784991765E-07
  758.000000  1.86525875624015015E+02  1.56162561816778634E+02  3.10368264359976331E+00  2.70456827123218915E+01  4.89684355972994714E-02  1.64344000828047704E-01  2.35509872461678083E-04  3.99983257766856222E-04  5.21759168940177701E-07
  760.000000  1.84652795108420776E+02  1.54847383890595211E+02  3.06079074275780938E+00  2.65356235511131118E+01  4.80079293385766923E-02  1.60370544047678920E-01  2.29666907100048077E-04  3.88277499542557082E-04  5.06161728045744645E-07
  762.000000  1.82811962500643602E+02  1.53551617203092178E+02  3.01871630651923795E+00  2.60374483189671082E+01  4.70701686376220410E-02  1.56509064659694302E-01  2.23990055079959855E-04  3.76957629575606305E-04  4.91083095006092951E-07
  764.000000  1.81002626464638354E+02  1.52274865242963415E+02  2.97744003965537685E+00  2.55508257535690362E+01  4.61545239662573548E-02  1.52755944533057297E-01  2.18473988192770051E-04  3.66009458788024700E-04  4.76504245188763786E-07
  766.000000  1.79224057541932865E+02  1.51016741879927736E+02  2.93694318883466066E+00  2.50754353941720218E+01  4.52603857603404644E-02  1.49107697886875862E-01  2.13113568876417101E-04  3.55419375452046833E-04  4.62406917432960371E-07
  768.000000  1.77475547392172672E+02  1.49776871033764678E+02  2.89720752492912892E+00  2.46109671769714780E+01  4.43871637045287759E-02  1.45560965867252895E-01  2.07903842673930097E-04  3.45174319367942206E-04  4.48773580721246626E-07
  770.000000  1.75756408063905099E+02  1.48554886355568442E+02  2.85821532591982441E+00  2.41571210476253881E+01  4.35342860449946939E-02  1.42112511370740408E-01  2.02840031016598906E-04  3.35261757303674903E-04  4.35587402422531054E-07
  772.000000  1.74065971294630970E+02  1.47350430920990334E+02  2.81994936048224343E+00  2.37136065901102455E+01  4.27011989299242653E-02  1.38759214102063017E-01  1.97917524320686297E-04  3.25669659629413213E-04  4.22832218032350551E-07
  774.000000  1.72403587838577181E+02  1.46163156934780318E+02  2.78239287217565590E+00  2.32801426711443646E+01  4.18873657764007104E-02  1.35498065854452315E-01  1.93131875382332788E-04  3.16386478083755082E-04  4.10492502331804235E-07
  776.000000  1.70768626821028278E+02  1.44992725446236136E+02  2.74552956420865168E+00  2.28564570994490204E+01  4.10922666619062751E-02  1.32326166001547313E-01  1.88478793054014799E-04  3.07401124612080427E-04  3.98553341892824476E-07
  778.000000  1.69160475117992149E+02  1.43838806075043180E+02  2.70934358477351989E+00  2.24422862991569545E+01  4.03153977402538263E-02  1.29240717190441418E-01  1.83954136193360308E-04  2.98702951220913642E-04  3.87000408863510023E-07
  780.000000  1.67578536760071671E+02  1.42701076747100615E+02  2.67381951289605846E+00  2.20373749967105219E+01  3.95562706799143862E-02  1.26239021225981657E-01  1.79553907867835509E-04  2.90281730795269332E-04  3.75819935968778702E-07
  782.000000  1.66022232359596359E+02  1.41579223439983139E+02  2.63894234483277046E+00  2.16414759206313967E+01  3.88144121247164520E-02  1.23318475137002198E-01  1.75274249805486493E-04  2.82127638829023498E-04  3.64998692664950052E-07
  784.000000  1.64490998559769196E+02  1.40472939937482352E+02  2.60469748093150644E+00  2.12543495135674441E+01  3.80893631751826750E-02  1.20476567415628497E-01  1.71111437080695146E-04  2.74231236021106411E-04  3.54523962392893956E-07
  786.000000  1.62984287505094613E+02  1.39381927593025580E+02  2.57107071299078882E+00  2.08757636560584743E+01  3.73806788902781920E-02  1.17710874421280740E-01  1.67061873022549765E-04  2.66583451692943064E-04  3.44383520872059251E-07
  788.000000  1.61501566331929297E+02  1.38305895101424539E+02  2.53804821204883524E+00  2.05054934014886285E+01  3.66879278079194904E-02  1.15019056941454173E-01  1.63122084336876920E-04  2.59175567985108163E-04  3.34565615387899148E-07
  790.000000  1.60042316678573428E+02  1.37244558278867203E+02  2.50561651662370588E+00  2.01433207217163854E+01  3.60106914842220002E-02  1.12398856901729141E-01  1.59288716431614253E-04  2.51999204793367957E-04  3.25058945019892527E-07
  792.000000  1.58606034213747165E+02  1.36197639850520545E+02  2.47376252136363961E+00  1.97890342629078049E+01  3.53485640502138043E-02  1.09848094217932082E-01  1.55558528936496792E-04  2.45046305406643021E-04  3.15852641767192850E-07
  794.000000  1.57192228182892251E+02  1.35164869245660839E+02  2.44247346610116800E+00  1.94424291111107976E+01  3.47011517853649185E-02  1.07364663783655764E-01  1.51928391407962153E-04  2.38309122811323175E-04  3.06936252526453559E-07
  796.000000  1.55800420971482765E+02  1.34145982399961099E+02  2.41173692530247452E+00  1.91033065671394944E+01  3.40680727073830875E-02  1.04946532586762301E-01  1.48395279211719939E-04  2.31780206628407560E-04  2.98299721880753075E-07
  798.000000  1.54430147684532159E+02  1.33140721564590763E+02  2.38154079786491257E+00  1.87714739303566489E+01  3.34489561774320085E-02  1.02591736948792298E-01  1.44956269573844678E-04  2.25452390651747559E-04  2.89933375661243751E-07
  800.000000  1.53080955741731060E+02  1.32148835121949105E+02  2.35187329727756822E+00  1.84467442909562607E+01  3.28434425199848543E-02  1.00298379881497493E-01  1.41608537793211890E-04  2.19318780957302437E-04  2.81827905240931164E-07
  802.000000  1.51752404487524132E+02  1.31170077407712824E+02  2.32272294214514563E+00  1.81289363303812010E+01  3.22511826573381871E-02  9.80646285550749175E-02  1.38349353609500635E-04  2.13372744555131148E-04  2.73974352531286826E-07
  804.000000  1.50444064815454055E+02  1.30204208538975308E+02  2.29407854699358493E+00  1.78178741295148413E+01  3.16718377571149345E-02  9.58887118728830867E-02  1.35176077716893340E-04  2.07607898557156043E-04  2.66364095641265711E-07
  806.000000  1.49155518806273165E+02  1.29250994248224060E+02  2.26592921345085241E+00  1.75133869843098573E+01  3.11050788935629333E-02  9.37689181477263933E-02  1.32086158420697766E-04  2.02018099835290035E-04  2.58988835172729262E-07
  808.000000  1.47886359379089924E+02  1.28310205722895944E+02  2.23826432166249356E+00  1.72153092285316767E+01  3.05505867206130842E-02  9.17035928750263574E-02  1.29077128426801594E-04  1.96597435145840383E-04  2.51840581117743509E-07
  810.000000  1.46636189955254508E+02  1.27381619450400080E+02  2.21107352205932983E+00  1.69234800633138960E+01  3.00080511576231238E-02  8.96911365984623815E-02  1.26146601761645798E-04  1.91340211697428624E-04  2.44911640332933560E-07
  812.000000  1.45404624134274314E+02  1.26465017068308384E+02  2.18434672737470725E+00  1.66377433932275771E+01  2.94771710862442096E-02  8.77300028638273027E-02  1.23292270814354311E-04  1.86240948140742628E-04  2.38194604560501013E-07
  814.000000  1.44191285381224333E+02  1.25560185219450659E+02  2.15807410491563223E+00  1.63579476685908105E+01  2.89576540582647639E-02  8.58186962571181322E-02  1.20511903496758039E-04  1.81294365959734931E-04  2.31682338971464633E-07
  816.000000  1.42995806725498937E+02  1.24666915411979062E+02  2.13224606913965076E+00  1.60839457337528415E+01  2.84492160145848015E-02  8.39557705230433299E-02  1.17803340516849090E-04  1.76495381244832182E-04  2.25367971207675496E-07
  818.000000  1.41817830470001070E+02  1.23785003883861123E+02  2.10685327443318560E+00  1.58155946810982684E+01  2.79515810137261414E-02  8.21398267603202226E-02  1.15164492759318440E-04  1.71839096829783984E-04  2.19244880897132184E-07
  820.000000  1.40657007910745051E+02  1.22914251471946443E+02  2.08188660816464566E+00  1.55527557105327379E+01  2.74644809706493763E-02  8.03695116903271195E-02  1.12593338770057739E-04  1.67320794774731261E-04  2.13306689622916555E-07
  822.000000  1.39512999066236404E+02  1.22054463485278916E+02  2.05733718393881526E+00  1.52952939942195467E+01  2.69876554045299331E-02  7.86435159958270985E-02  1.10087922338119148E-04  1.62935929178948150E-04  2.07547251321678400E-07
  824.000000  1.38385472416273132E+02  1.21205449582481720E+02  2.03319633509200637E+00  1.50430785463467345E+01  2.65208511959000824E-02  7.69605727266507722E-02  1.07646350174103302E-04  1.58680119307600466E-04  2.01960643095819881E-07
  826.000000  1.37274104649875483E+02  1.20367023653151819E+02  2.00945560840852622E+00  1.47959820977196586E+01  2.60638223522202256E-02  7.53194557693802197E-02  1.05266789677584761E-04  1.54549143017652734E-04  1.96541156416242892E-07
  828.000000  1.36178580421890274E+02  1.19539003703060530E+02  1.98610675801448511E+00  1.45538809749746800E+01  2.56163297818566976E-02  7.37189783781957569E-02  1.02947466791760372E-04  1.50538930468783810E-04  1.91283288700410398E-07
  830.000000  1.35098592117940797E+02  1.18721211742968592E+02  1.96314173949888726E+00  1.43166549842292756E+01  2.51781410760623069E-02  7.21579917642264923E-02  1.00686663941275051E-04  1.46645558105971421E-04  1.86181735248122219E-07
  832.000000  1.34033839627519257E+02  1.17913473681099333E+02  1.94055270420754367E+00  1.40841872989806500E+01  2.47490302985967636E-02  7.06353837408122409E-02  9.84827180493704206E-05  1.42865242900958457E-04  1.81231381516954474E-07
  834.000000  1.32984030124698961E+02  1.17115619218898416E+02  1.91833199372699470E+00  1.38563643520858299E+01  2.43287777826686306E-02  6.91500774222778974E-02  9.63340186310978068E-05  1.39194336840607554E-04  1.76427295724828705E-07
  836.000000  1.31948877856364163E+02  1.16327481750162804E+02  1.89647213454810770E+00  1.36330757316519104E+01  2.39171699351515173E-02  6.77010299738684818E-02  9.42390059600122724E-05  1.35629321650602053E-04  1.71764721762104868E-07
  838.000000  1.30928103937517648E+02  1.15548898263268597E+02  1.87496583289356189E+00  1.34142140806852996E+01  2.35139990473569906E-02  6.62872314106719845E-02  9.21961693040820754E-05  1.32166803743691903E-04  1.67239072400596797E-07
  840.000000  1.29921436153553969E+02  1.14779709246535674E+02  1.85380596972246003E+00  1.31996750003392513E+01  2.31190631126925762E-02  6.49077034433762218E-02  9.02040452296441053E-05  1.28803509382032953E-04  1.62845922787136636E-07
  842.000000  1.28928608769055444E+02  1.14019758596454665E+02  1.83298559588056253E+00  1.29893569566239844E+01  2.27321656503074176E-02  6.35614983688934099E-02  8.82612159687194171E-05  1.25536280043863138E-04  1.58581004206018977E-07
  844.000000  1.27949362342970304E+02  1.13268893528766171E+02  1.81249792741021865E+00  1.27831611904389462E+01  2.23531155349986702E-02  6.22476980039318381E-02  8.63663078486000117E-05  1.22362067985167672E-04  1.54440198101367055E-07
  846.000000  1.26983443549969337E+02  1.12526964492343495E+02  1.79233634100052641E+00  1.25809916307914875E+01  2.19817268328755776E-02  6.09654126596647777E-02  8.45179897801000746E-05  1.19277931987383186E-04  1.50419530345701021E-07
  848.000000  1.26030605007606098E+02  1.11793825085611047E+02  1.77249436959499440E+00  1.23827548110814156E+01  2.16178186426139382E-02  5.97137801557904094E-02  8.27149718026886759E-05  1.16281033282775563E-04  1.46515165745468802E-07
  850.000000  1.25090605109228918E+02  1.11069331975597265E+02  1.75296569813231140E+00  1.21883597883259771E+01  2.12612149423188831E-02  5.84919648722977900E-02  8.09560036844293100E-05  1.13368631649381227E-04  1.42723402771263471E-07
  852.000000  1.24163207862302386E+02  1.10353344819415554E+02  1.73374415939784354E+00  1.19977180652144924E+01  2.09117444412150986E-02  5.72991568373746735E-02  7.92398735730977211E-05  1.10538081667936863E-04  1.39040668504412773E-07
  854.000000  1.23248182731969294E+02  1.09645726188069887E+02  1.71482373003528665E+00  1.18107435148781494E+01  2.05692404366802743E-02  5.61345708499308774E-02  7.75654066982665695E-05  1.07786829133468549E-04  1.35463513789231215E-07
  856.000000  1.22345304489735383E+02  1.08946341492639590E+02  1.69619852665295445E+00  1.16273523082712948E+01  2.02335406758902756E-02  5.49974456353029689E-02  7.59314641207936249E-05  1.05112407614650508E-04  1.31988608582924010E-07
  858.000000  1.21454353066969418E+02  1.08255058912583479E+02  1.67786280207870897E+00  1.14474628440628354E+01  1.99044872222217430E-02  5.38870430327622885E-02  7.43369415290336398E-05  1.02512435154338775E-04  1.28612737493625246E-07
  860.000000  1.20575113413181725E+02  1.07571749326277654E+02  1.65981094170999666E+00  1.12709956809424590E+01  1.95819263261266079E-02  5.28026472135177879E-02  7.27807680788784443E-05  9.99846111050240165E-05  1.25332795499468038E-07
  862.000000  1.19707375358691607E+02  1.06896286243483701E+02  1.64203745997019634E+00  1.10978734722454817E+01  1.92657083001401067E-02  5.17435639279445539E-02  7.12619052761448126E-05  9.75267130931992365E-05  1.22145783838646204E-07
  864.000000  1.18850933481807019E+02  1.06228545739936237E+02  1.62453699689197983E+00  1.09280209028109034E+01  1.89556873982329038E-02  5.07091197808521299E-02  6.97793459001631102E-05  9.51365941069923807E-05  1.19048806066262402E-07
  866.000000  1.18005586980122260E+02  1.05568406393792372E+02  1.60730431477992708E+00  1.07613646279855875E+01  1.86517216990140129E-02  4.96986615336399429E-02  6.83321129661621635E-05  9.28121797016269158E-05  1.16039064268004022E-07
  868.000000  1.17171139545908417E+02  1.04915749223936302E+02  1.59033429501303569E+00  1.05978332146959282E+01  1.83536729929869753E-02  4.87115554322568797E-02  6.69192587260102078E-05  9.05514653175730006E-05  1.13113855425635928E-07
  870.000000  1.16347399245316083E+02  1.04270457630049634E+02  1.57362193488052204E+00  1.04373570845049599E+01  1.80614066731055282E-02  4.77471865598997000E-02  6.55398637036446125E-05  8.83525137064402846E-05  1.10270567925911911E-07
  872.000000  1.15534178401571523E+02  1.03632417334552940E+02  1.55716234459665048E+00  1.02798684585840281E+01  1.77747916295223872E-02  4.68049582134728026E-02  6.41930357673497484E-05  8.62134524599671262E-05  1.07506678210122544E-07
  874.000000  1.14731293481484656E+02  1.03001516326012336E+02  1.54095074429827505E+00  1.01253013045235871E+01  1.74937001470141136E-02  4.58842913028295329E-02  6.28779092327857699E-05  8.41324716375946205E-05  1.04819747553320134E-07
  876.000000  1.13938564985795239E+02  1.02377644804379713E+02  1.52498246124486414E+00  9.97359128491935998E+00  1.72180078064799562E-02  4.49846237719123201E-02  6.15936440008466192E-05  8.21078214884295323E-05  1.02207418973483456E-07
  878.000000  1.13155817342658622E+02  1.01760695127650934E+02  1.50925292701294778E+00  9.82467570766237941E+00  1.69475933890739228E-02  4.41054100408830932E-02  6.03394247238224431E-05  8.01378102634669532E-05  9.96674142597806056E-08
  880.000000  1.12382878804495789E+02  1.01150561760091534E+02  1.49375767481726895E+00  9.67849347787513459E+00  1.66823387837717434E-02  4.32461204684416178E-02  5.91144600032883193E-05  7.82208021142705997E-05  9.71975311189624958E-08
  882.000000  1.11619581348033009E+02  1.00547141221981747E+02  1.47849233689946513E+00  9.53498505142824726E+00  1.64221288977157917E-02  4.24062408335008634E-02  5.79179816147250252E-05  7.63552150743549422E-05  9.47956404321174199E-08
  884.000000  1.10865760577268205E+02  9.99503320406652733E+01  1.46345264199181568E+00  9.39409238998351448E+00  1.61668515695524255E-02  4.15852718354812051E-02  5.67492437608960049E-05  7.45395191197980369E-05  9.24596836191969898E-08
  886.000000  1.10121259326372993E+02  9.93600347030824196E+01  1.44863441286138306E+00  9.25575891750606061E+00  1.59163974854602611E-02  4.07864254253536562E-02  5.56075903523263956E-05  7.27722343056977421E-05  9.01876701054085989E-08
  888.000000  1.09385912673554060E+02  9.87761516095789602E+01  1.43403356390929781E+00  9.11992947819062394E+00  1.56706600978726400E-02  4.00017296908528053E-02  5.44921798109633323E-05  7.10519289752583531E-05  8.79776748855914395E-08
  890.000000  1.08659570359470052E+02  9.81985870289796026E+01  1.41964609886095450E+00  8.98655029575424358E+00  1.54295355468178959E-02  3.92345348825836951E-02  5.34023999887355347E-05  6.93772180384764442E-05  8.58278361831915146E-08
  892.000000  1.07942081584805209E+02  9.76272470549718037E+01  1.40546810850732351E+00  8.85556893404158352E+00  1.51929225836879029E-02  3.84843966153008213E-02  5.23375878319991454E-05  6.77467613174652313E-05  8.37363531988253138E-08
  894.000000  1.07233298734786786E+02  9.70620395636317426E+01  1.39149576851069101E+00  8.72693425889954888E+00  1.49607224974180001E-02  3.77508831845910289E-02  5.12970993537124117E-05  6.61592619556574031E-05  8.17014839455618876E-08
  896.000000  1.06533077298433170E+02  9.65028741721591814E+01  1.37772533729735747E+00  8.60059640127373370E+00  1.47328390431175106E-02  3.70335751643098218E-02  5.02803090298846488E-05  6.46134648882115849E-05  7.97215431672164541E-08
  898.000000  1.05841275790087522E+02  9.59496621986887135E+01  1.36415315396631409E+00  8.47650672148220607E+00  1.45091783726910596E-02  3.63320650181129523E-02  4.92866092167829257E-05  6.31081553710626880E-05  7.77949003355399763E-08
  900.000000  1.05157755673383079E+02  9.54023166232838662E+01  1.35077563629212016E+00  8.35461777462765198E+00  1.42896489677631789E-02  3.56459567245541939E-02  4.83154095882145623E-05  6.16421575662153822E-05  7.59199777239734498E-08
