# Wavelength || Total || n=1 | n=2 | ...
  300.000000  5.96574714643082302E+02 -5.36601650357572453E+01  5.47831082886551485E+02  6.50241834069739610E+01  3.30127065510593738E+01  3.73845919555571937E+00  5.75738930788935788E-01  4.74479957868553237E-02  5.26071212308197849E-03
  302.000000  6.21076061830509502E+02 -6.43970363756379811E+01  5.77787935787627930E+02  6.90412897941108952E+01  3.41569812986119246E+01  3.84618083331380189E+00  5.87374319836597603E-01  4.80421048638440470E-02  5.29406778248067526E-03
  304.000000  6.46931884102447384E+02 -7.56199319201186881E+01  6.09293866096501347E+02  7.33009046829448465E+01  3.53455255490329208E+01  3.95803463658708088E+00  5.99482275914583251E-01  4.86716093790943646E-02  5.33117220623648049E-03
  306.000000  6.74245105642838666E+02 -8.73394146136361087E+01  6.42444788270091067E+02  7.78169314417757079E+01  3.65816485046830024E+01  4.07433181424033997E+00  6.12108122610854677E-01  4.93397544691527232E-02  5.37234860456530308E-03
  308.000000  7.03129409467565210E+02 -9.95665190528816311E+01  6.77346009931946128E+02  8.26046908918263370E+01  3.78690348558362757E+01  4.19542174879782870E+00  6.25302859993064786E-01  5.00502644604371646E-02  5.41796758681927382E-03
  310.000000  7.33710780458238219E+02 -1.12312668612553352E+02  7.14113427112773593E+02  8.76811218854164025E+01  3.92118012632317274E+01  4.32169873814747341E+00  6.39124171401717289E-01  5.08074434172102116E-02  5.46845640365696203E-03
  312.000000  7.66129350933004616E+02 -1.25589550951324782E+02  7.52874925687955283E+02  9.30650223063603619E+01  4.06145650018905471E+01  4.45361049800288011E+00  6.53637673642168626E-01  5.16163036228322672E-02  5.52441285538897257E-03
  314.000000  8.00541626100123608E+02 -1.39408938603411116E+02  7.93772037775201625E+02  9.87773423671325190E+01  4.20825281307595134E+01  4.59166900615668361E+00  6.68918483976047806E-01  5.24827313825686620E-02  5.58620892560975774E-03
  316.000000  8.37123194065276607E+02 -1.53782436598699405E+02  8.36961916410665367E+02  1.04841546517432946E+02  4.36215816978150457E+01  4.73646450072566250E+00  6.85053204268619043E-01  5.34137032861020516E-02  5.65462978236096984E-03
  318.000000  8.76072056418038756E+02 -1.68721132320537890E+02  8.82619711610689365E+02  1.11284066728203825E+02  4.52384361007662221E+01  4.88868378317319152E+00  7.02142461445444011E-01  5.44175715612353339E-02  5.73048273748765023E-03
  320.000000  9.17612768312040316E+02 -1.84235113141647162E+02  9.30941458133104447E+02  1.18134879437603558E+02  4.69407860225806886E+01  5.04913448053631608E+00  7.20304200225712177E-01  5.55044453254131334E-02  5.81473431138018835E-03
  322.000000  9.62001645282378604E+02 -2.00332803219009293E+02  9.82147623095884001E+02  1.25428252754884369E+02  4.87375216980037251E+01  5.21877768310481649E+00  7.39678008928965736E-01  5.66867069191954592E-02  5.90855366271561110E-03
  324.000000  1.00953339742769094E+03 -2.17020049641657351E+02  1.03648751490542941E+03  1.33203732433962500E+02  5.06390032008539706E+01  5.39877254734959156E+00  7.60430888573066732E-01  5.79797216017984077E-02  6.01337157793067120E-03
  326.000000  1.06054970383511773E+03 -2.34298855600018214E+02  1.09424483098339488E+03  1.41507469394944849E+02  5.26574218898334081E+01  5.59053829810527692E+00  7.82765077807215381E-01  5.94028289690020500E-02  6.13096208134871531E-03
  328.000000  1.11545047120890945E+03 -2.52165606821306937E+02  1.15574473178438825E+03  1.50394046372482308E+02  5.48072846649185408E+01  5.79584202639436707E+00  8.06928871363354450E-01  6.09807529438906662E-02  6.26355772546504947E-03
  330.000000  1.17470888001644607E+03 -2.70608553316586949E+02  1.22136299011885103E+03  1.59929051106441278E+02  5.71060749805746894E+01  6.01692555448726463E+00  8.33231908856258197E-01  6.27456474087543931E-02  6.41401641383749967E-03
  332.000000  1.23889189675190050E+03 -2.89604164853688417E+02  1.29153800578539244E+03  1.70192794833826639E+02  5.95751745662028256E+01  6.25669288203992657E+00  8.62067337350849505E-01  6.47401311955089764E-02  6.58606958058170072E-03
  334.000000  1.30868888400005017E+03 -3.09111721377696995E+02  1.36678684130044417E+03  1.81285837594439528E+02  6.22411808741037120E+01  6.51899408835634997E+00  8.93944910022563488E-01  6.70219068398882900E-02  6.78470354085349784E-03
  336.000000  1.38495258492220069E+03 -3.29065011983293516E+02  1.44772699994679442E+03  1.93337453479005404E+02  6.51378460652609874E+01  6.80906745340366371E+00  9.29542194863688831E-01  6.96709980219614999E-02  7.01676814393043316E-03
  338.000000  1.46875974005942430E+03 -3.49359028524047972E+02  1.53510655755830157E+03  2.06519047125454620E+02  6.83090331485335867E+01  7.13425005681376234E+00  9.69787218809414542E-01  7.28014829642629757E-02  7.29199259510991769E-03
  340.000000  1.56150431113292893E+03 -3.69827392422049343E+02  1.62984668002325498E+03  2.21066235247469137E+02  7.18134214680901408E+01  7.50516199761943703E+00  1.01599875624318048E+00  7.65812905689821771E-02  7.62477173253200708E-03
  342.000000  1.66504784996162311E+03 -3.90201315647440424E+02  1.73310279780724386E+03  2.37316755834504477E+02  7.57324043366964474E+01  7.93776387805856753E+00  1.07013909394313966E+00  8.12671604360605537E-02  8.03749818096800850E-03
  344.000000  1.78197475363680837E+03 -4.10030191350759196E+02  1.84635378335735095E+03  2.55778710247258005E+02  8.01842132313552298E+01  8.45710110780297519E+00  1.13530070884599565E+00  8.72691857324967152E-02  8.56714922190279782E-03
  346.000000  1.91603391937345395E+03 -4.28533140250599899E+02  1.97153011769136924E+03  2.77260342411002739E+02  8.53509484758291137E+01  9.10440170736163878E+00  1.21670191616728363E+00  9.52688986170555085E-02  9.27852370685863619E-03
  348.000000  2.07284316189275705E+03 -4.44400947661853024E+02  2.11118803766947394E+03  3.03133228616397219E+02  9.15319340408532440E+01  9.95049865207930573E+00  1.32378773129184624E+00  1.06333348481088677E-01  1.02894960332674586E-02
  350.000000  2.26085734080817474E+03 -4.55743888421058728E+02  2.26874916498097309E+03  3.35895856198614069E+02  9.92242687351862287E+01  1.11243684820673732E+01  1.47396854469657690E+00  1.21762271991127158E-01  1.18400157046242693E-02
  352.000000  2.49273950855223757E+03 -4.60241512971497286E+02  2.44886261698161888E+03  3.80374637982030720E+02  1.08972116556956308E+02  1.29271919893569400E+01  1.68290421725747064E+00  1.47398101196636822E-01  1.41556953177265892E-02
  354.000000  2.78630061883170811E+03 -4.56527762622083173E+02  2.65805544774042028E+03  4.46184576696531678E+02  1.20494012177675984E+02  1.59724876521942463E+01  1.90725872454533030E+00  1.98240322804052266E-01  1.63581396198498943E-02
  356.000000  3.17832918430204427E+03 -4.36045252089914356E+02  2.90716165209513429E+03  5.49179591579643443E+02  1.34769070334529857E+02  2.08132505243309716E+01  2.15388705811919889E+00  2.78686993523972637E-01  1.82978066768348969E-02
  358.000000  3.67526681164040338E+03 -3.96896791159850181E+02  3.21226466882205250E+03  6.78245271751045721E+02  1.52771408043614713E+02  2.60464664647801101E+01  2.45868921188384570E+00  3.56480106037384059E-01  2.06184008395560829E-02
  360.000000  4.13186116048113854E+03 -3.85506085218181397E+02  3.60372503649162627E+03  7.16293317599687612E+02  1.69062969362503452E+02  2.53134639224510316E+01  2.62517620910805993E+00  3.26311635424096358E-01  2.09704785198870508E-02
  362.000000  4.63600648823864685E+03 -3.82812417971597824E+02  4.13687369127702732E+03  6.70356971476485342E+02  1.88011182653164013E+02  2.05504421370536789E+01  2.77281709386613295E+00  2.33030129078326015E-01  2.07714435702953081E-02
  364.000000  5.48757098114291330E+03 -3.30580491802207689E+02  4.90233683889048461E+03  6.71783369113236176E+02  2.22165792607426056E+02  1.84475030891745995E+01  3.21040141923970612E+00  1.84364185267195918E-01  2.32036402918743938E-02
  366.000000  6.91934819701173456E+03 -2.00087594992761296E+02  6.06406854265164111E+03  7.49656167018686119E+02  2.81593649635661848E+02  1.98105764236670474E+01  4.09173487966086125E+00  1.85833281365092279E-01  2.92881138140352985E-02
  368.000000  9.25684179443781250E+03  2.70775541958028043E+01  7.89156824463612884E+03  9.25156472583684717E+02  3.81889392339665051E+02  2.52260728411970589E+01  5.64587909639243968E+00  2.37663961796657330E-01  4.05147831483520515E-02
  370.000000  1.26662359248127832E+04  2.64477630555493306E+02  1.05744777912027057E+04  1.24602777134985399E+03  5.36078685370724202E+02  3.66861056395056195E+01  8.07045967153722543E+00  3.59265777476552695E-01  5.82152454841202843E-02
  372.000000  1.56571712603325013E+04  1.45655994567794551E+02  1.31128029922840651E+04  1.65056702895684521E+03  6.85526116889561763E+02  5.16210802061257965E+01  1.04028208458802496E+01  5.20156425509633369E-01  7.50701567215796839E-02
  374.000000  1.50514088870343239E+04 -3.95525876567367959E+02  1.29530660823750277E+04  1.75551541956485016E+03  6.72235436951457359E+02  5.53988037639731772E+01  1.00900814529073628E+01  5.56829290676023381E-01  7.21102027994807437E-02
  376.000000  1.18992336636846612E+04 -8.78417258833309461E+02  1.06658437045010360E+04  1.52685786628685673E+03  5.29475358254147295E+02  4.72393839305736662E+01  7.71783547646600709E+00  4.62695346508175620E-01  5.40787223831307243E-02
  378.000000  9.20507402782626014E+03 -1.17485855019562223E+03  8.64421990430308324E+03  1.28957175757979371E+03  4.01577552941090005E+02  3.85479387571258485E+01  5.61355549604119730E+00  3.63591656087745629E-01  3.82772886611560809E-02
  380.000000  7.57733293622234669E+03 -1.35974569474707823E+03  7.43570730881008512E+03  1.14274162030081925E+03  3.21271482388777258E+02  3.27513976482977540E+01  4.28212804052220175E+00  2.96406625672117563E-01  2.82871552515420073E-02
  382.000000  6.68794595663285600E+03 -1.49082857184795284E+03  6.80455391110372784E+03  1.06661575250623969E+03  2.74583024957586076E+02  2.92558216757969483E+01  3.48938898363441474E+00  2.54332775865985627E-01  2.22964779565389196E-02
  384.000000  6.23369995910577836E+03 -1.59615019927570029E+03  6.51727884310003355E+03  1.03439887661692683E+03  2.47718604791326953E+02  2.71958895348871543E+01  3.01148967655040778E+00  2.27828491083805595E-01  1.86261706692974482E-02
  386.000000  6.03610946471960506E+03 -1.68850765521463109E+03  6.43413879449550041E+03  1.02907744118858727E+03  2.32446068569070349E+02  2.60115849671819319E+01  2.71617380162190569E+00  2.10763153133752185E-01  1.62937591408347550E-02
  388.000000  5.99603658130118583E+03 -1.77369138552758886E+03  6.47665477430758801E+03  1.04078855605513991E+03  2.24166038825929121E+02  2.53741720466754899E+01  2.53010900783620629E+00  1.99558496028808124E-01  1.47580895768699115E-02
  390.000000  6.05687131213198791E+03 -1.85415546008904130E+03  6.59940464470824645E+03  1.06366826606323275E+03  2.20248798622225763E+02  2.50874964327696652E+01  2.41175344021985083E+00  1.92098284891263932E-01  1.37146694436956970E-02
  392.000000  6.18436912375385054E+03 -1.93063505040952805E+03  6.77433695011972304E+03  1.09398954649632856E+03  2.19112718980549033E+02  2.50284198250150460E+01  2.33647884516633031E+00  1.87075304536072989E-01  1.29845920612217513E-02
  394.000000  6.35620690826337614E+03 -2.00289150892722682E+03  6.98259124615537985E+03  1.12916244919996780E+03  2.19745292264709349E+02  2.51144492490615043E+01  2.28888515471527532E+00  1.83637689148735128E-01  1.24574776213230449E-02
  396.000000  6.55650548318301935E+03 -2.07008202019344753E+03  7.21019891519536122E+03  1.16719822824927132E+03  2.21452045540145718E+02  2.52862426162916556E+01  2.25878663003875291E+00  1.81223367379465983E-01  1.20617779797033385E-02
  398.000000  6.77288371441703021E+03 -2.13096690742117789E+03  7.44578188990274793E+03  1.20641879137028195E+03  2.23721756796590995E+02  2.54980249064239537E+01  2.23905747189566062E+00  1.79352534241520284E-01  1.17488560261323691E-02
  400.000000  6.99485653429012564E+03 -2.18405062114999600E+03  7.67932651772810732E+03  1.24530168969633269E+03  2.26152963594929219E+02  2.57123293360203711E+01  2.22444666131487301E+00  1.77724228189832995E-01  1.14841952280211150E-02
  402.000000  7.21299240933428973E+03 -2.22770153390362975E+03  7.90157818645022235E+03  1.28240591513661093E+03  2.28414377591804680E+02  2.58972231606406851E+01  2.21091922125870122E+00  1.76079233743746205E-01  1.12424436395948367E-02
  404.000000  7.41853421816085938E+03 -2.26027110714166338E+03  8.10382446279072428E+03  1.31635024743236249E+03  2.30225066994767673E+02  2.60250386241563554E+01  2.19529576344902733E+00  1.74209097031849197E-01  1.10046000311728766E-02
  406.000000  7.60332195363463143E+03 -2.28021907108081359E+03  8.27793664592439563E+03  1.34582793987041669E+03  2.31346623077550930E+02  2.60720452204040072E+01  2.17506637387680657E+00  1.71947817922135954E-01  1.07564308792449694E-02
  408.000000  7.75991593460107106E+03 -2.28624191157952737E+03  8.41658240665886296E+03  1.36964623672993366E+03  2.31582547227909942E+02  2.60186929460405736E+01  2.14830618302967480E+00  1.69168838152330914E-01  1.04875966686438400E-02
  410.000000  7.88184232468192567E+03 -2.27739529221459088E+03  8.51353604795564934E+03  1.38678029685250885E+03  2.30781508233258734E+02  2.58501422205267666E+01  2.11364575793274723E+00  1.65784709743374836E-01  1.01911668984505065E-02
  412.000000  7.96388959280085146E+03 -2.25319701468089625E+03  8.56401526038645534E+03  1.39643081475783242E+03  2.28841819975224752E+02  2.55568382059817054E+01  2.07026335631820713E+00  1.61747486051955991E-01  9.86331388306812933E-03
  414.000000  8.00238781164442753E+03 -2.21369633355017868E+03  8.56497527679389532E+03  1.39807454555453660E+03  2.25714973270826391E+02  2.51349230073368872E+01  2.01787515815603458E+00  1.57048364534317059E-01  9.50304532020493711E-03
  416.000000  7.99541034912398300E+03 -2.15949827082149568E+03  8.51530008677635669E+03  1.39149808080053072E+03  2.21406588353144343E+02  2.45863291401361685E+01  1.95670738835599778E+00  1.51715598098714821E-01  9.11188885471118405E-03
  418.000000  7.94285325979444679E+03 -2.09173760447304812E+03  8.41584862234490902E+03  1.37680799704718174E+03  2.15973831744643860E+02  2.39184673106995156E+01  1.88744210232068221E+00  1.45810229555033588E-01  8.69348818571233882E-03
  420.000000  7.84637089432947232E+03 -2.01200505195060396E+03  8.26933989005546391E+03  1.35441462322649522E+03  2.09519120437947748E+02  2.31435035419663784E+01  1.81113615777122328E+00  1.39419749812576155E-01  8.25311061845743384E-03
  422.000000  7.70917267850076860E+03 -1.92223580878532812E+03  8.08008964744018613E+03  1.32499128953694390E+03  2.02180684352598604E+02  2.22772990762810785E+01  1.72911953792258988E+00  1.32650245150322144E-01  7.79709701350268271E-03
  424.000000  7.53570969225117278E+03 -1.82457604303047992E+03  7.85363570781988255E+03  1.28941493010986460E+03  1.94121119607850460E+02  2.13381439579354080E+01  1.64288359050023924E+00  1.25617892582717078E-01  7.33230303718171179E-03
  426.000000  7.33129531764540843E+03 -1.72124493622360023E+03  7.59630380637921462E+03  1.24869639869353318E+03  1.85515331071373055E+02  2.03454401529505304E+01  1.55397124985590906E+00  1.18440738049917144E-01  6.86558403133941640E-03
  428.000000  7.10170916752770790E+03 -1.61440827429269120E+03  7.31476882336252856E+03  1.20390941110540825E+03  1.76539211571245119E+02  1.93184808123420488E+01  1.46388003804920519E+00  1.11231564116963902E-01  6.40336670920403639E-03
  430.000000  6.85282837987429048E+03 -1.50607532718803122E+03  7.01565830736450607E+03  1.15612583050451462E+03  1.67360103408822823E+02  1.82754366513809039E+01  1.37398541112614159E+00  1.04092387976242096E-01  5.95133399514400068E-03
  432.000000  6.59031833313463994E+03 -1.39802526947302249E+03  6.70523054906720790E+03  1.10636267446738339E+03  1.58129654367193183E+02  1.72326116788428756E+01  1.28548798122260632E+00  9.71108154803580342E-02  5.51423033206770424E-03
  434.000000  6.31940009026652569E+03 -1.29176412217198958E+03  6.38914264421404187E+03  1.05554350832721593E+03  1.48979239395016634E+02  1.62039821550072816E+01  1.19938437635761908E+00  9.03581924451701962E-02  5.09577843178951866E-03
  436.000000  6.04469812545530385E+03 -1.18850913802425930E+03  6.07230901444046685E+03  1.00447444552009142E+03  1.40017762438290333E+02  1.52009943977139983E+01  1.11645870479618625E+00  8.38892907284444350E-02  4.69868747585715750E-03
  438.000000  5.77016147690568232E+03 -1.08919512290981947E+03  5.75884005302752666E+03  9.53833191092478387E+02  1.31331424499757674E+02  1.42325732799380855E+01  1.03729002862557129E+00  7.77431593886087485E-02  4.32472778734749493E-03
  440.000000  5.49904522652889409E+03 -9.94496302496576391E+02  5.45204455813545883E+03  9.04168552147054811E+02  1.22984944655419298E+02  1.33052836736474216E+01  9.62270817377349097E-01  7.19447494808795607E-02  3.97484703208592256E-03
  442.000000  5.23393678447678940E+03 -9.04857626949531550E+02  5.15447780229566342E+03  8.55907508986251059E+02  1.15023723631397488E+02  1.24235885069464693E+01  8.91631740172041054E-01  6.65069595107403572E-02  3.64930637978853325E-03
  444.000000  4.97681187347366176E+03 -8.20530389912746614E+02  4.86801824996298910E+03  8.09367100966812814E+02  1.07476507478606379E+02  1.15901553309849206E+01  8.25469007549645806E-01  6.14328194314304743E-02  3.34782003277251479E-03
  446.000000  4.72910723500385393E+03 -7.41608305916168320E+02  4.59395877778828799E+03  7.64768822771007763E+02  1.00358207057662042E+02  1.08061745174292057E+01  7.63771487529689708E-01  5.67176113489836070E-02  3.06968675601199809E-03
  448.000000  4.49179994341108431E+03 -6.68061447064614185E+02  4.33310170860078779E+03  7.22253776288243785E+02  9.36726314636146355E+01  1.00716636314157437E+01  7.06445785478718724E-01  5.23507994908271254E-02  2.81390666757027133E-03
  450.000000  4.26548612666183635E+03 -5.99766516083451279E+02  4.08585031875954428E+03  6.81897361834177786E+02  8.74149843924180061E+01  9.38574249549332151E+00  6.53338280852516218E-01  4.83177026216538366E-02  2.57928017960107423E-03
  452.000000  4.05045445401292591E+03 -5.36532761011407274E+02  3.85229232592679364E+03  6.43722754118231592E+02  8.15740446203773928E+01  8.74687126677807569E+00  6.04253716950376996E-01  4.46008866515735028E-02  2.36448855038948798E-03
  454.000000  3.84675178917669655E+03 -4.78123416671649466E+02  3.63227306484017527E+03  6.07712767767067021E+02  7.61340040288464337E+01  8.15304941955459661E+00  5.58970350760809254E-01  4.11812848031173351E-02  2.16815713897467767E-03
  456.000000  3.65423990192171414E+03 -4.24272924800872715E+02  3.42545762376902439E+03  5.73819974788469608E+02  7.10759711327565356E+01  7.60197713801639186E+00  5.17251920826781286E-01  3.80390701458099764E-02  1.98890334729638109E-03
  458.000000  3.47264314341280851E+03 -3.74700386935790448E+02  3.23138223649829206E+03  5.41975106178928513E+02  6.63791684665332014E+01  7.09118269832855930E+00  4.78856821170563274E-01  3.51543137442765496E-02  1.82537160149657228E-03
  460.000000  3.30158761717412426E+03 -3.29119789588465210E+02  3.04949582454417487E+03  5.12093870954137174E+02  6.20218622424868968E+01  6.61812038419585846E+00  4.43544915846713128E-01  3.25074640011221092E-02  1.67625774758408384E-03
  462.000000  3.14063271809126491E+03 -2.87247550506253901E+02  2.87919287964773685E+03  4.84082377044210602E+02  5.79820657706619897E+01  6.18024370628652964E+00  4.11082422215977905E-01  3.00796813469722812E-02  1.54032505962730455E-03
  464.000000  2.98929605430346601E+03 -2.48807898969684175E+02  2.71983896734934888E+03  4.57841355863173476E+02  5.42380568611558758E+01  5.77505847225738833E+00  3.81245254476021478E-01  2.78530589561965629E-02  1.41641378239012973E-03
  466.000000  2.84707278130931354E+03 -2.13536544216603943E+02  2.57079009609416107E+03  4.33269388519676284E+02  5.07687457529479857E+01  5.40015978923967754E+00  3.53821168252747786E-01  2.58107558182701959E-02  1.30344582147753451E-03
  468.000000  2.71345031617829045E+03 -1.81183018815605465E+02  2.43140708890578117E+03  4.10265315745232044E+02  4.75539253458094890E+01  5.05325651476007742E+00  3.28610992411449587E-01  2.39370640086242169E-02  1.20042589275768156E-03
  470.000000  2.58791929886441994E+03 -1.51512017031942378E+02  2.30106595430887774E+03  3.88729991952227010E+02  4.45744304925704142E+01  4.73218609296024884E+00  3.05429181755470236E-01  2.22174278011649795E-02  1.10644017052311449E-03
  472.000000  2.46998155122469507E+03 -1.24303986930555766E+02  2.17916510425486513E+03  3.68567520441042461E+02  4.18122283295835828E+01  4.43492217084013518E+00  2.84103877124244675E-01  2.06384285557961941E-02  1.02065323976264317E-03
  474.000000  2.35915566734971071E+03 -9.93551813746016705E+01  2.06513012373345418E+03  3.49686084075670692E+02  3.92504573372926728E+01  4.15957690887996989E+00  2.64476618880606584E-01  1.91877461705536809E-02  9.42303963737001356E-04
  476.000000  2.25498075964287000E+03 -7.64773278479624423E+01  1.95841666718726083E+03  3.31998465049391768E+02  3.68734291315831371E+01  3.90439949051807256E+00  2.46401826055036799E-01  1.78541053017904072E-02  8.70700721323005417E-04
  478.000000  2.15701878788682643E+03 -5.54970398449986533E+01  1.85851194403599447E+03  3.15422329247333607E+02  3.46666038988635137E+01  3.66777199478155103E+00  2.29746126029530040E-01  1.66272124773731572E-02  8.05216344843354376E-04
  480.000000  2.06485581478547920E+03 -3.62550625923704501E+01  1.76493516011410634E+03  2.99880335312503462E+02  3.26165478618235412E+01  3.44820351999622643E+00  2.14387597838251620E-01  1.54976885889109069E-02  7.45282993205084905E-04
  482.000000  1.97810246097417007E+03 -1.86054221289814450E+01  1.67723720267153612E+03  2.85300115711169155E+02  3.07108791324555419E+01  3.24432322580898402E+00  2.00214975081666080E-01  1.44569999776171850E-02  6.90387122084393798E-04
  484.000000  1.89639377425472367E+03 -2.41452819965707022E+00  1.59499979205544810E+03  2.71614166614883061E+02  2.89382067007302979E+01  3.05487278704102794E+00  1.87126841264077859E-01  1.34973903564437527E-02  6.40064658067486872E-04
  486.000000  1.81938868035090377E+03  1.24397328853829094E+01  1.51783427128462449E+03  2.58759674961738426E+02  2.72880660494414862E+01  2.87869861787666403E+00  1.75030840318094350E-01  1.26118150783814977E-02  5.93896443173345901E-04
  488.000000  1.74676914428517512E+03  2.60688901983285177E+01  1.44538016343879463E+03  2.46678304313807331E+02  2.57508539128667238E+01  2.71474412115144714E+00  1.63842917523740472E-01  1.17938787160543398E-02  5.51503986789695917E-04
  490.000000  1.67823914101544915E+03  3.85747479431811371E+01  1.37730359426056521E+03  2.35315955798106984E+02  2.43177639524388951E+01  2.56204213867497677E+00  1.53486600421939928E-01  1.10377765187234089E-02  5.12545541121683370E-04
  492.000000  1.61352350989537899E+03  5.00502021280408371E+01  1.31329565196797898E+03  2.24622516243429374E+02  2.29807245588949591E+01  2.41970771928678952E+00  1.43892325220708023E-01  1.03382400254563404E-02  4.76712501702680226E-04
  494.000000  1.55236674863885173E+03  6.05800077857129509E+01  1.25307073660217657E+03  2.14551602381230083E+02  2.17323395680963465E+01  2.28693127735921653E+00  1.34996811241210657E-01  9.69048691043609967E-03  4.43726124703117976E-04
  496.000000  1.49453178775739389E+03  7.02414936234035849E+01  1.19636493611609239E+03  2.05060307477073991E+02  2.05658323651726249E+01  2.16297218223609633E+00  1.26742483871747746E-01  9.09017499700632767E-03  4.13334546455839627E-04
  498.000000  1.43979877506606999E+03  7.91052232978108805E+01  1.14293445488818838E+03  1.96108954845252782E+02  1.94749936235128480E+01  2.04715279586221488E+00  1.19076945071464088E-01  8.53336028467557677E-03  3.85310086823605958E-04
  500.000000  1.38796389111797066E+03  8.72356041155653656E+01  1.09255411163951203E+03  1.87660861246975003E+02  1.84541327613642885E+01  1.93885295943898672E+00  1.11952489523805224E-01  8.01645877537124005E-03  3.59446816048490094E-04
  502.000000  1.33883820977097253E+03  9.46914450343465433E+01  1.04501591721936347E+03  1.79682112080704968E+02  1.74980330837458133E+01  1.83750491864291776E+00  1.05325663952654247E-01  7.53621185218772589E-03  3.35558363998312518E-04
  504.000000  1.29224661306034022E+03  1.01526466522818737E+02  1.00012773791015036E+03  1.72141349461252332E+02  1.66019104989738544E+01  1.74258866946081237E+00  9.91568667849773572E-02  7.08965494855832556E-03  3.13475950869248536E-04
  506.000000  1.24802676578774731E+03  1.07789765239322151E+02  9.57712046389743591E+02  1.65009573687807745E+02  1.57613756477943987E+01  1.65362770202093623E+00  9.34099851965534272E-02  6.67408924278664432E-03  2.93046619108878516E-04
  508.000000  1.20602815245406282E+03  1.13526236682517265E+02  9.17604759977650133E+02  1.58259958170477404E+02  1.49723992519186062E+01  1.57018511717448761E+00  8.80520665591745244E-02  6.28705611827585966E-03  2.74131647394556741E-04
  510.000000  1.16611117713457315E+03  1.18776959017379340E+02  8.79654164034849600E+02  1.51867677580213723E+02  1.42312804720624584E+01  1.49186008942347570E+00  8.30530213752623120E-02  5.92631414064041188E-03  2.56605128769325146E-04
  512.000000  1.12814632545107361E+03  1.23579541235445504E+02  8.43719917202717284E+02  1.45809748778010118E+02  1.35346180593100502E+01  1.41828464966666234E+00  7.83853549102116326E-02  5.58981831707970091E-03  2.40352696404803445E-04
  514.000000  1.09201338678310321E+03  1.27968438687868911E+02  8.09672134409979094E+02  1.40064883942044162E+02  1.28792840846953833E+01  1.34912076182147511E+00  7.40239248927397897E-02  5.27570141944007972E-03  2.25270381853651987E-04
  516.000000  1.05760073418770435E+03  1.31975238875130344E+02  7.77390543135022540E+02  1.34613355227665465E+02  1.22624000378614237E+01  1.28405766843264102E+00  6.99457228307235473E-02  4.98225716918059697E-03  2.11263592013052892E-04
  518.000000  1.02480465907603548E+03  1.35628920198739252E+02  7.46763708201878330E+02  1.29436870250748200E+02  1.16813150949762168E+01  1.22280948172476256E+00  6.61296766767450334E-02  4.70792509930727330E-03  1.98246192329500483E-04
  520.000000  9.93528757450247099E+02  1.38956086180876810E+02  7.17688320345368311E+02  1.24518457669236284E+02  1.11335863673255275E+01  1.16511299806724100E+00  6.25564727632401119E-02  4.45127692472005367E-03  1.86139684999641524E-04
  522.000000  9.63683364409335582E+02  1.41981177470543116E+02  6.90068543854925110E+02  1.19842362142253137E+02  1.06169609543633658E+01  1.11072571540257647E+00  5.92083951082343490E-02  4.21100426802635194E-03  1.74872472061190555E-04
  524.000000  9.35185033623324443E+02  1.44726663755976915E+02  6.63815418762496847E+02  1.15393947965103024E+02  1.01293596378024890E+01  1.05942403478288960E+00  5.60691803654513113E-02  3.98590760253392674E-03  1.64379194314769902E-04
  526.000000  9.07956058542433311E+02  1.47213217520586113E+02  6.38846313246987961E+02  1.11159610706809119E+02  9.66886206605347631E+00  1.01100162871640298E+00  5.31238868545320098E-02  3.77488628772905876E-03  1.54600137970242372E-04
  528.000000  8.81924032222747542E+02  1.49459871405813828E+02  6.15084422167855905E+02  1.07126696211264019E+02  9.23369329074942868E+00  9.65267960519352708E-01  5.03587762581161127E-02  3.57692958505699456E-03  1.45480701776689491E-04
  530.000000  8.57021442792592779E+02  1.51484160778305522E+02  5.92458307897853615E+02  1.03283426360998433E+02  8.82221152897120220E+00  9.22046940281080696E-01  4.77612067113952765E-02  3.39110855324892572E-03  1.36970918174611603E-04
  532.000000  8.33185301748336087E+02  1.53302252948500609E+02  5.70901479887584514E+02  9.96188310420196785E+01  8.43289703596942530E+00  8.81175704369288160E-01  4.53195361370720140E-02  3.21656873282351189E-03  1.29025022710526851E-04
  534.000000  8.10356802441124501E+02  1.54929064346979430E+02  5.50352009656530413E+02  9.61226857879464660E+01  8.06434198364226873E+00  8.42503506626246734E-01  4.30230347942044747E-02  3.05252353878437748E-03  1.21601066579830777E-04
  536.000000  7.88481006294329291E+02  1.56378366838483998E+02  5.30752178159926530E+02  9.27854546206729083E+01  7.71524124974075587E+00  8.05890710533238130E-01  4.08618061150391385E-02  2.89824828901202348E-03  1.14660567728858069E-04
  538.000000  7.67506554464661008E+02  1.57662884235119236E+02  5.12048152724753891E+02  8.95982376424645395E+01  7.38438403167311019E+00  7.71207872652131976E-01  3.88267149982768761E-02  2.75307480346002062E-03  1.08168196443360383E-04
  540.000000  7.47385402832603177E+02  1.58794379966268934E+02  4.94189690979638442E+02  8.65527229703054246E+01  7.07064620697474489E+00  7.38334908594438177E-01  3.69093228131864987E-02  2.61638651610686607E-03  1.02091491800146054E-04
  542.000000  7.28072578370523274E+02  1.59783736766022230E+02  4.77129869420645775E+02  8.36411426371486755E+01  6.77298336998361705E+00  7.07160333623479298E-01  3.51018284459215790E-02  2.48761404773633526E-03  9.64006057537777303E-05
  544.000000  7.09525955092380400E+02  1.60641029152616284E+02  4.60824834457452368E+02  8.08562321164461366E+01  6.49042448104095282E+00  6.77580570771051383E-01  3.33970147883665067E-02  2.36623119309719524E-03  9.10680719832638349E-05
  546.000000  6.91706047935650417E+02  1.61375589396830037E+02  4.45233573972247825E+02  7.81911931557899464E+01  6.22206607072131046E+00  6.49499320051397211E-01  3.17882001320750271E-02  2.25175128089056707E-03  8.60685969381006784E-05
  548.000000  6.74575823062872587E+02  1.61996067606220095E+02  4.30317707596966159E+02  7.56396596328116573E+01  5.96706694716048336E+00  6.22826982988785249E-01  3.02691939851549852E-02  2.14372386940354020E-03  8.13788708004917248E-05
  550.000000  6.58100523196179438E+02  1.62510486487614344E+02  4.16041294074033885E+02  7.31956661716397576E+01  5.72464335962414061E+00  5.97480137246519494E-01  2.88342568798624597E-02  2.04173174451175192E-03  7.69773963286257121E-05
  552.000000  6.42247506718308387E+02  1.62926291296176714E+02  4.02370654211833369E+02  7.08536192813277523E+01  5.49406457600398834E+00  5.73381056659450716E-01  2.74780637831090677E-02  1.94538819025509243E-03  7.28443337656372621E-05
  554.000000  6.26986099380178985E+02  1.63250395426355226E+02  3.89274208079847881E+02  6.86082707988673945E+01  5.27464883604585300E+00  5.50457272435440292E-01  2.61956707617961408E-02  1.85433450529614262E-03  6.89613601933222774E-05
  556.000000  6.12287457555782453E+02  1.63489222054942729E+02  3.76722325210631993E+02  6.64546934387909687E+01  5.06575964583494454E+00  5.28641171707974089E-01  2.49824845905816592E-02  1.76823774134330682E-03  6.53115418837614667E-05
  558.000000  5.98124442077277763E+02  1.63648742206263250E+02  3.64687186686718974E+02  6.43882582690342531E+01  4.86680238238308061E+00  5.07869629996349214E-01  2.38342350213928446E-02  1.68678864209076038E-03  6.18792183551594829E-05
  560.000000  5.84471501767207656E+02  1.63734509572278967E+02  3.53142658092256454E+02  6.24046139488860234E+01  4.67722118019626709E+00  4.88083674466972595E-01  2.27469494625470517E-02  1.60969976343433531E-03  5.86498969758169188E-05
  562.000000  5.71304565860718640E+02  1.63751692386925697E+02  3.42064172400913833E+02  6.04996675795385457E+01  4.49649607439327426E+00  4.69228175191811259E-01  2.17169298407060597E-02  1.53670375769011654E-03  5.56101570812228641E-05
  564.000000  5.58600944582220791E+02  1.63705102625482596E+02  3.31428621955555400E+02  5.86695670311070359E+01  4.32414037739319923E+00  4.51251561872005436E-01  2.07407314416535385E-02  1.46755180629949624E-03  5.27475626776453778E-05
  566.000000  5.46339237204710003E+02  1.63599222773154452E+02  3.21214258770974595E+02  5.69106846221422984E+01  4.15969826838312695E+00  4.34105563739140887E-01  1.98151435463220296E-02  1.40201218707461405E-03  5.00505829020830370E-05
  568.000000  5.34499246977334110E+02  1.63438230381848371E+02  3.11400602460258654E+02  5.52196020387262436E+01  4.00274257675456457E+00  4.17744970566686635E-01  1.89371716966026636E-02  1.33986896343972635E-03  4.75085194938728119E-05
  570.000000  5.23061902362123874E+02  1.63226020615283687E+02  3.01968355147552472E+02  5.35930963902226836E+01  3.85287274247695910E+00  4.02127412921283400E-01  1.81040214418802838E-02  1.28092078437733788E-03  4.51114406098776735E-05
  572.000000  5.12009184067434603E+02  1.62966226960784752E+02  2.92899322787421397E+02  5.20281273079445725E+01  3.70971293798467139E+00  3.87213159962017606E-01  1.73130834318825262E-02  1.22497978491075896E-03  4.28501203833881586E-05
  574.000000  5.01324057410975229E+02  1.62662240270858547E+02  2.84176342361797708E+02  5.05218250011819165E+01  3.57291033758608734E+00  3.72964933254949504E-01  1.65619197343820149E-02  1.17187057795490441E-03  4.07159836872490464E-05
  576.000000  4.90990409585758414E+02  1.62317226281571493E+02  2.75783214472967245E+02  4.90714791926282317E+01  3.44213352172334242E+00  3.59347735214878894E-01  1.58482512682575523E-02  1.12142932926880055E-03  3.87010556164103496E-05
  578.000000  4.80992991437458102E+02  1.61934141739839106E+02  2.67704640893040050E+02  4.76745288620213330E+01  3.31707100456595105E+00  3.46328690915523041E-01  1.51699462528036046E-02  1.07350290804618192E-03  3.67979152532658225E-05
  580.000000  4.71317363397121198E+02  1.61515749261177007E+02  2.59926166668958842E+02  4.63285527330226827E+01  3.19742987449304206E+00  3.33876902126240716E-01  1.45250095836771294E-02  1.02794810640224280E-03  3.49996533225818468E-05
  582.000000  4.61949845242357981E+02  1.61064631026747520E+02  2.52434126417290912E+02  4.50312604439951301E+01  3.08293453797599959E+00  3.21963312538856072E-01  1.39115730545171356E-02  9.84630921663804965E-04  3.32998333816913956E-05
  584.000000  4.52877469387205224E+02  1.60583201418291083E+02  2.45215594474302691E+02  4.37804843484485957E+01  2.97332555821714717E+00  3.10560583242857458E-01  1.33278863506379516E-02  9.43425895948288773E-04  3.16924562258903122E-05
  586.000000  4.44087937428038856E+02  1.60073718681805076E+02  2.38258338596180693E+02  4.25741718955689308E+01  2.86835858070722916E+00  2.99642977593196969E-01  1.27723087484041889E-02  9.04215508042263845E-04  3.01719272206606670E-05
  588.000000  4.35569579693727007E+02  1.59538295700913750E+02  2.31550776930001149E+02  4.14103785454789985E+01  2.76780333854184502E+00  2.89186254692114286E-01  1.22433014598078028E-02  8.66889613056948984E-04  2.87330262996190928E-05
  590.000000  4.27311317570875872E+02  1.58978909954815663E+02  2.25081938000196971E+02  4.02872611777184417E+01  2.67144273099469176E+00  2.79167570776456708E-01  1.17394205675431431E-02  8.31344925762218215E-04  2.73708803925823368E-05
  592.000000  4.19302628392560564E+02  1.58397412727814299E+02  2.18841423476565723E+02  3.92030719549285678E+01  2.57907196940419281E+00  2.69565387865030426E-01  1.12593105007495337E-02  7.97484543879133784E-04  2.60809380701133659E-05
  594.000000  4.11533512697909089E+02  1.57795537632515334E+02  2.12819373509969978E+02  3.81561526069154553E+01  2.49049778497003693E+00  2.60359389077870929E-01  1.08016980062750432E-02  7.65217507955062454E-04  2.48589462115533558E-05
  596.000000  4.03994463684037612E+02  1.57174908501998743E+02  2.07006434439384719E+02  3.71449291031554978E+01  2.40553769351020819E+00  2.51530400090871076E-01  1.03653865742696152E-02  7.34458394752545004E-04  2.37009285212837628E-05
  598.000000  3.96676438688340568E+02  1.56537046703083888E+02  2.01393728690509107E+02  3.61679066844520207E+01  2.32401931267169726E+00  2.43060316236171831E-01  9.94925128067648129E-03  7.05126941362210335E-04  2.26031657344124138E-05
  600.000000  3.89570832549968543E+02  1.55883377916044537E+02  1.95972826700907888E+02  3.52236652268605965E+01  2.24577972746693577E+00  2.34932034801193956E-01  9.55223401254419804E-03  6.77147697501670693E-04  2.15621773678859030E-05
  602.000000  3.82669452713796943E+02  1.55215238424326799E+02  1.90735720720332978E+02  3.43108549131956622E+01  2.17066490037012549E+00  2.27129392117703721E-01  9.17333904507575994E-03  6.50449703688982511E-04  2.05747048861060882E-05
  604.000000  3.75964495949299305E+02  1.54533880952439176E+02  1.85674800347015491E+02  3.34281921894279748E+01  2.09852912251808554E+00  2.19637105067205213E-01  8.81162894204572979E-03  6.24966193184466490E-04  1.96376961620749627E-05
  606.000000  3.69448526568126624E+02  1.53840480087987999E+02  1.80782829672144544E+02  3.25744559851156694E+01  2.02923450285695717E+00  2.12440716660732082E-01  8.46622075376017580E-03  6.00634315780947136E-04  1.87482911260821655E-05
  608.000000  3.63114456032452779E+02  1.53136137319892441E+02  1.76052925914979767E+02  3.17484841786823537E+01  1.96265049233922317E+00  2.05526545379949688E-01  8.13628248885976159E-03  5.77394881689710345E-04  1.79038085031949841E-05
  610.000000  3.56955523855369734E+02  1.52421885722824982E+02  1.71478539440461418E+02  3.09491702898765162E+01  1.89865344051820673E+00  1.98881637992685517E-01  7.82102983846937744E-03  5.55192123923154541E-04  1.71017335503185149E-05
  612.000000  3.50965279701839165E+02  1.51698694314933846E+02  1.67053435059759948E+02  3.01754603831454240E+01  1.83712618210277290E+00  1.92493725579848479E-01  7.51972313286336687E-03  5.33973477711626962E-04  1.63397067107876149E-05
  614.000000  3.45137566605935547E+02  1.50967472113808753E+02  1.62771674522021613E+02  2.94263501669343555E+01  1.77795765123696214E+00  1.86351182532441512E-01  7.23166451263252547E-03  5.13689375618620633E-04  1.56155131122389319E-05
  616.000000  3.39466505226623269E+02  1.50229071913594908E+02  1.58627600112774900E+02  2.87008822750783388E+01  1.72104252145033909E+00  1.80442988297071061E-01  6.95619529776100431E-03  4.94293057131026505E-04  1.49270728396700302E-05
  618.000000  3.33946479070296391E+02  1.49484293804191566E+02  1.54615819281133668E+02  2.79981437175480643E+01  1.66628086939346143E+00  1.74758691666567822E-01  6.69269353949527180E-03  4.75740391605694319E-04  1.42724319216332774E-05
  620.000000  3.28572120613481673E+02  1.48733888451746452E+02  1.50731190223718500E+02  2.73172634887600516E+01  1.61357786061961472E+00  1.69288377428539222E-01  6.44057174107567475E-03  4.57989713546385344E-04  1.36497539729603893E-05
  622.000000  3.23338298264652053E+02  1.47978560158303480E+02  1.46968808359025729E+02  2.66574103225896870E+01  1.56284345581696460E+00  1.64022635199908201E-01  6.19927473459179739E-03  4.41001669271412109E-04  1.30573124420333023E-05
  624.000000  3.18240104108176183E+02  1.47218969716764377E+02  1.43323993630815409E+02  2.60177905840268302E+01  1.51399213602071492E+00  1.58952530289050098E-01  5.96827770225022858E-03  4.24739074109579571E-04  1.24934834152747889E-05
  626.000000  3.13272842377780307E+02  1.46455737076097421E+02  1.39792278583762709E+02  2.53976462881867917E+01  1.46694264544408992E+00  1.54069576439724798E-01  5.74708433127850329E-03  4.09166779332986090E-04  1.19567389353510288E-05
  628.000000  3.08432018611192689E+02  1.45689443830703794E+02  1.36369397159117483E+02  2.47962532380777070E+01  1.42161775068959639E+00  1.49365710322535372E-01  5.53522509264889155E-03  3.94251548100461641E-04  1.14456407934653762E-05
  630.000000  3.03713329440278301E+02  1.44920635546343192E+02  1.33051274161542636E+02  2.42129192731611589E+01  1.37794401517244736E+00  1.44833267649920133E-01  5.33225563441878936E-03  3.79961939742781750E-04  1.09588347590441647E-05
  632.000000  2.99112652975737603E+02  1.44149823934814094E+02  1.29834015352547397E+02  2.36469826213376813E+01  1.33585158770944212E+00  1.40464960800571609E-01  5.13775528146536917E-03  3.66268201776813517E-04  1.04950452137211612E-05
  634.000000  2.94626039746615504E+02  1.43377488887552545E+02  1.26713898128547598E+02  2.30978103475210013E+01  1.29527400427365169E+00  1.36253857847661169E-01  4.95132563376520732E-03  3.53142169082263193E-04  1.00530701585851777E-05
  636.000000  2.90249704159472458E+02  1.42604080378647268E+02  1.23687362745241060E+02  2.25647968924676334E+01  1.25614800202035592E+00  1.32193362893576943E-01  4.77258925623822664E-03  3.40557169721941754E-04  9.63177656682189445E-06
  638.000000  2.85980016443125180E+02  1.41830020245912237E+02  1.20751004052381518E+02  2.20473626959877791E+01  1.21841334473600660E+00  1.28277197621115530E-01  4.60118845355225042E-03  3.28487936925882934E-04  9.23009605569707733E-06
  640.000000  2.81813495048548305E+02  1.41055703859118921E+02  1.17901563705768396E+02  2.15449528990728645E+01  1.18201265893867791E+00  1.24499383977883391E-01  4.43678412387710566E-03  3.16910526797842219E-04  8.84702085419580671E-06
  642.000000  2.77746799474536999E+02  1.40281501682630051E+02  1.15135922825672495E+02  2.10570361198829161E+01  1.14689127990729300E+00  1.20854227916938284E-01  4.27905468600567850E-03  3.05802241336938264E-04  8.48160004434809071E-06
  644.000000  2.73776723492681981E+02  1.39507760740075355E+02  1.12451095073058355E+02  2.05831032988808644E+01  1.11299710697777576E+00  1.17336304122405255E-01  4.12769507473301558E-03  2.95141556398942990E-04  8.13293605624667041E-06
  646.000000  2.69900188746300330E+02  1.38734805987433674E+02  1.09844220116955498E+02  2.01226666087375961E+01  1.08028046748428297E+00  1.13940441654020869E-01  3.98241579968750588E-03  2.84908054249838349E-04  7.80018139805420074E-06
  648.000000  2.66114238700773342E+02  1.37962941601295142E+02  1.07312557468351542E+02  1.96752584249371480E+01  1.04869398878070341E+00  1.10661710449500378E-01  3.84294206329920509E-03  2.75082360391885178E-04  7.48253560411684811E-06
  650.000000  2.62416032922663760E+02  1.37192452187238359E+02  1.04853480657439704E+02  1.92404303532944283E+01  1.01819247780275246E+00  1.07495408627958644E-01  3.70901293375811448E-03  2.65646084365381459E-04  7.17924238522465911E-06
  652.000000  2.58802841668362021E+02  1.36423603914385922E+02  1.02464471732971134E+02  1.88177523108553935E+01  9.88732807687176307E-01  1.04437050541832832E-01  3.58038056928797199E-03  2.56581764252906378E-04  6.88958696674663118E-06
  654.000000  2.55272040762869409E+02  1.35656645580600070E+02  1.00143116063658596E+02  1.84068116568986611E+01  9.60273810985164955E-01  1.01482355528473622E-01  3.45680949019702265E-03  2.47872814632318689E-04  6.61289360104030247E-06
  656.000000  2.51821106751512588E+02  1.34891809613195619E+02  9.78870974230872406E+01  1.80072123709690040E+01  9.32776179048158793E-01  9.86272373160573118E-02  3.33807589551320073E-03  2.39503477744130159E-04  6.34852324191809075E-06
  658.000000  2.48447612308057359E+02  1.34129313009207181E+02  9.56941933408519816E+01  1.76185742750959058E+01  9.06202367190304781E-01  9.58677940417418245E-02  3.22396702121494723E-03  2.31458777656198502E-04  6.09587136968304499E-06
  660.000000  2.45149221883894313E+02  1.33369358219231117E+02  9.35622707036573047E+01  1.72405322975233481E+01  8.80516505259250959E-01  9.32002988428644180E-02  3.11428053726922095E-03  2.23724477224191494E-04  5.85436595616494863E-06
  662.000000  2.41923687584217078E+02  1.32612133978520205E+02  9.14892815914767397E+01  1.68727357754741405E+01  8.55684313276961928E-01  9.06211909848492203E-02  3.00882398093628043E-03  2.16287037661634673E-04  5.62346556008746635E-06
  664.000000  2.38768845257769300E+02  1.31857816088776417E+02  8.94732593345874676E+01  1.65148477946209411E+01  8.31673021830537373E-01  8.81270674919089614E-02  2.90741422394689237E-03  2.09133580546337232E-04  5.40265754368655387E-06
  666.000000  2.35682610787583343E+02  1.31106568153681110E+02  8.75123147783611586E+01  1.61665445630960605E+01  8.08451296916164797E-01  8.57146752490150210E-02  2.80987697131896514E-03  2.02251852102500293E-04  5.19145640217870977E-06
  668.000000  2.32662976571293342E+02  1.30358542271267879E+02  8.56046327436182537E+01  1.58275148180156968E+01  7.85989168964101759E-01  8.33809035458127901E-02  2.71604628979993943E-03  1.95630189609789616E-04  4.98940219851359310E-06
  670.000000  2.29708008179762516E+02  1.29613879685696475E+02  8.37484686709189248E+01  1.54974592626178804E+01  7.64257965781293014E-01  8.11227770350583660E-02  2.62576416396675038E-03  1.89257489800427939E-04  4.79605909602389605E-06
  672.000000  2.26815841184255817E+02  1.28872711401182642E+02  8.19421454382924850E+01  1.51760900322488173E+01  7.43230249180338087E-01  7.89374490801718481E-02  2.53888007826891119E-03  1.83123179116181131E-04  4.61101398255986812E-06
  674.000000  2.23984678142138364E+02  1.28135158760275544E+02  8.01840503421197894E+01  1.48631301875287214E+01  7.22879755062095009E-01  7.68221954680181757E-02  2.45525062330323061E-03  1.77217185705092574E-04  4.43387517978480216E-06
  676.000000  2.21212785732548411E+02  1.27401333988866327E+02  7.84726322320043010E+01  1.45583132331517771E+01  7.03181336752054853E-01  7.47744084648323537E-02  2.37473912483504145E-03  1.71529913047183233E-04  4.26427123205664683E-06
  678.000000  2.18498492033270310E+02  1.26671340709838091E+02  7.68063987906338781E+01  1.42613826608583274E+01  6.84110911386597631E-01  7.27915911944812255E-02  2.29721529407964390E-03  1.66052215105097961E-04  4.10184976948250286E-06
  680.000000  2.15840183931227983E+02  1.25945274427390473E+02  7.51839139505748335E+01  1.39720915152204412E+01  6.65645409175122382E-01  7.08713523198050144E-02  2.22255489796076506E-03  1.60775372903768267E-04  3.94627644033104578E-06
  682.000000  2.13236304659027383E+02  1.25223222983817777E+02  7.36037954401272145E+01  1.36902019809578341E+01  6.47762725361241243E-01  6.90114010089032254E-02  2.15063944805552257E-03  1.55691072448900053E-04  3.79723390816199591E-06
  684.000000  2.10685351450744008E+02  1.24505266990391419E+02  7.20647124511517916E+01  1.34154849905892011E+01  6.30441674730150670E-01  6.72095421695387968E-02  2.08135590711579959E-03  1.50791383901077161E-04  3.65442090950349337E-06
  686.000000  2.08185873310242073E+02  1.23791480233912580E+02  7.05653834218933014E+01  1.31477198512890006E+01  6.13661948506051824E-01  6.54636719358017982E-02  2.01459641202863561E-03  1.46068741927012405E-04  3.51755136805649941E-06
  688.000000  2.05736468886179608E+02  1.23081930060455647E+02  6.91045739286333855E+01  1.28866938898974439E+01  5.97404073507782463E-01  6.37717733923271329E-02  1.95025801226291796E-03  1.41515927155718481E-04  3.38635356182946663E-06
  690.000000  2.03335784447709585E+02  1.22376677737627347E+02  6.76810946800048612E+01  1.26322021150888535E+01  5.81649373425492833E-01  6.21319125221861807E-02  1.88824242280963847E-03  1.37126048671338554E-04  3.26056933973296346E-06
  692.000000  2.00982511955604480E+02  1.21675778796568920E+02  6.62937996085256316E+01  1.23840468957700836E+01  5.66379932102630601E-01  6.05422343655704354E-02  1.82845579078140075E-03  1.32892527479697630E-04  3.13995338452831806E-06
  694.000000  1.98675387223732514E+02  1.20979283355087887E+02  6.49415840539083291E+01  1.21420376548285454E+01  5.51578558702425448E-01  5.90009593770797480E-02  1.77080847481238886E-03  1.28809080889131730E-04  3.02427251909762472E-06
  696.000000  1.96413188166012873E+02  1.20287236422817841E+02  6.36233830333093167E+01  1.19059905774094634E+01  5.37228754656639107E-01  5.75063799703091211E-02  1.71521483651205283E-03  1.24869707750566432E-04  2.91330505334348343E-06
  698.000000  1.94194733124347522E+02  1.19599678189510996E+02  6.23381695937968487E+01  1.16757283329499018E+01  5.23314682292746802E-01  5.60568572390729436E-02  1.66159304324794738E-03  1.21068674505208130E-04  2.80684016911865564E-06
  700.000000  1.92018879273516831E+02  1.18916644297641710E+02  6.10849532426855859E+01  1.14510798102350950E+01  5.09821135048256768E-01  5.46508178452812382E-02  1.60986488159307081E-03  1.17400501991613582E-04  2.70467734083671787E-06
  702.000000  1.89884521098666340E+02  1.18238166099914565E+02  5.98627784515515913E+01  1.12318798647975591E+01  4.96733509179004940E-01  5.32867510641010650E-02  1.55995558078744745E-03  1.13859952966913330E-04  2.60662578945841424E-06
  704.000000  1.87790588942050618E+02  1.17564270902877979E+02  5.86707232301327082E+01  1.10179690780084751E+01  4.84037776883944337E-01  5.19632059776318489E-02  1.51179364566095568E-03  1.10442020300217112E-04  2.51250396786795061E-06
  706.000000  1.85736047615092417E+02  1.16894982197140962E+02  5.75078977663696378E+01  1.08091935272562107E+01  4.71720460763500660E-01  5.06787888088287355E-02  1.46531069842944974E-03  1.07141915798448031E-04  2.42213907562043516E-06
  708.000000  1.83719895072707288E+02  1.16230319875183795E+02  5.63734431292020659E+01  1.06054045666371657E+01  4.59768609541241546E-01  4.94321603879414248E-02  1.42044132888134787E-03  1.03955059627866870E-04  2.33536660131269617E-06
  710.000000  1.81741161146641446E+02  1.15570300437412129E+02  5.52665300308363499E+01  1.04064586176182452E+01  4.48169774977880242E-01  4.82220337441715968E-02  1.37712295244105869E-03  1.00877070296418063E-04  2.25202989081753672E-06
  712.000000  1.79798906334781861E+02  1.14914937187000419E+02  5.41863576454753613E+01  1.02122169691640803E+01  4.36911989915678423E-01  4.70471718157450883E-02  1.33529567568614290E-03  9.79037551647036792E-05  2.17197973988263120E-06
  714.000000  1.77892220643767018E+02  1.14264240414394067E+02  5.31321524815250825E+01  1.00225455868443767E+01  4.25983747387214895E-01  4.59063852719122020E-02  1.29490216886151582E-03  9.50311014548979144E-05  2.09507400953722780E-06
  716.000000  1.76020222482044630E+02  1.13618217571734590E+02  5.21031673046707837E+01  9.83731493047125838E+00  4.15373980737094028E-01  4.47985304408880861E-02  1.25588754502108557E-03  9.22552677293422531E-05  2.02117726297292123E-06
  718.000000  1.74182057601280349E+02  1.12976873438212692E+02  5.10986801092113225E+01  9.65639977983661701E+00  4.05072044700048650E-01  4.37225073380128199E-02  1.21819924541061815E-03  8.95725758119569692E-05  1.95016042263484588E-06
  720.000000  1.72376898083097672E+02  1.12340210276293647E+02  5.01179931351532417E+01  9.47967906814660033E+00  3.95067697381102589E-01  4.26772577887633564E-02  1.18178693072339852E-03  8.69795031272829002E-05  1.88190044620820754E-06
  722.000000  1.70603941369662039E+02  1.11708227979897742E+02  4.91604319289218381E+01  9.30703572276941493E+00  3.85351083098014580E-01  4.16617636416192066E-02  1.14660237794167604E-03  8.44726754338758087E-05  1.81628002051418566E-06
  724.000000  1.68862409335331478E+02  1.11080924214502943E+02  4.82253444453638593E+01  9.13835651293699769E+00  3.75912716032070160E-01  4.06750450659834339E-02  1.11259938240509189E-03  8.20488599296292112E-05  1.75318727213642122E-06
  726.000000  1.67151547397847992E+02  1.10458294549928496E+02  4.73121001891382775E+01  8.97353190405960710E+00  3.66743464651820394E-01  3.97161589307316251E-02  1.07973366485277118E-03  7.97049587084981221E-05  1.69251549386407427E-06
  728.000000  1.65470623666964173E+02  1.09840332586086220E+02  4.64200893934750880E+01  8.81245591832976061E+00  3.57834536865417163E-01  3.87841972591419087E-02  1.04796278314468381E-03  7.74380025489878623E-05  1.63416288597441220E-06
  730.000000  1.63818928128695148E+02  1.09227030072040407E+02  4.55487222344963243E+01  8.65502600131113020E+00  3.49177465865302683E-01  3.78782857562458206E-02  1.01724604841531047E-03  7.52451450161317954E-05  1.57803231153414000E-06
  732.000000  1.62195771863613743E+02  1.08618377018813248E+02  4.46974280794079988E+01  8.50114289422397107E+00  3.40764096630361946E-01  3.69975824048574542E-02  9.87544445412364249E-04  7.31236568596919348E-05  1.52403106486086305E-06
  734.000000  1.60600486297511196E+02  1.08014361806289685E+02  4.38656547668450472E+01  8.35071051165217426E+00  3.32586573049416412E-01  3.61412761267238189E-02  9.58820556790612190E-04  7.10709206923460207E-05  1.47207065239360129E-06
  736.000000  1.59032422482871027E+02  1.07414971284395506E+02  4.30528679179315503E+01  8.20363582441686390E+00  3.24637325637901819E-01  3.53085855054977651E-02  9.31038491159363424E-04  6.90844259327239236E-05  1.42206658527921057E-06
  738.000000  1.57490950409810580E+02  1.06820190869063822E+02  4.22585502764808822E+01  8.05982874736682398E+00  3.16909059813867244E-01  3.44987575683411291E-02  9.04163814664423198E-04  6.71617639987905719E-05  1.37393818297161890E-06
  740.000000  1.55975458345117090E+02  1.06230004633149406E+02  4.14822010770586900E+01  7.91920203185828431E+00  3.09394744709457825E-01  3.37110666232318251E-02  8.78163485932437031E-04  6.53006237382237919E-05  1.32760838723891034E-06
  742.000000  1.54485352197954768E+02  1.05644395392542265E+02  4.07233354394914073E+01  7.78167116270077841E+00  3.02087602486344919E-01  3.29448131491242163E-02  8.53005794182896417E-04  6.34987870829375296E-05  1.28300358596531667E-06
  744.000000  1.53020054911062175E+02  1.05063344787731239E+02  3.99814837886206078E+01  7.64715425936246973E+00  2.94981098132778063E-01  3.21993227363350995E-02  8.28660300346167260E-04  6.17541249158393287E-05  1.24005344618901614E-06
  746.000000  1.51579005876501412E+02  1.04486833361242702E+02  3.92561912981639622E+01  7.51557198123619674E+00  2.88068929718947264E-01  3.14739450746476246E-02  8.05097781036062275E-04  6.00645931385664265E-05  1.19869075590153770E-06
  748.000000  1.50161660374480903E+02  1.03914840630886033E+02  3.85470173574870358E+01  7.38684743678007028E+00  2.81345019085597614E-01  3.07680529867533047E-02  7.82290175212847533E-04  5.84282289294921610E-05  1.15885127404874325E-06
  750.000000  1.48767489034435243E+02  1.03347345159215820E+02  3.78535350602613221E+01  7.26090609635327677E+00  2.74803502945885292E-01  3.00810415047944729E-02  7.60210533404477693E-04  5.68431471820228062E-05  1.12047358832151001E-06
  752.000000  1.47395977317407841E+02  1.02784324619420886E+02  3.71753307140329525E+01  7.13767570857920575E+00  2.68438724381455107E-01  2.94123269878960314E-02  7.38832969356384797E-04  5.53075371137559961E-05  1.08349898029539320E-06
  754.000000  1.46046625018495433E+02  1.02225755857632066E+02  3.65120033696548703E+01  7.01708622007532234E+00  2.62245224710200286E-01  2.87613462786622184E-02  7.18132613966583101E-04  5.38196590374805475E-05  1.04787129747930240E-06
  756.000000  1.44718945788865284E+02  1.01671614952117352E+02  3.58631643697921447E+01  6.89906969839763029E+00  2.56217735711871730E-01  2.81275558967622082E-02  6.98085571412099368E-04  5.23778412857487034E-05  1.01353683194429393E-06
  758.000000  1.43412466676193247E+02  1.01121877269320635E+02  3.52284369155589587E+01  6.78356025805587315E+00  2.50351172191150495E-01  2.75104312677945106E-02  6.78668877337886803E-04  5.09804772809940878E-05  9.80444205128198559E-07
  760.000000  1.42126727682693087E+02  1.00576517516889453E+02  3.46074556504683528E+01  6.67049398946052818E+00  2.44640624863000117E-01  2.69094659857257758E-02  6.59860459002502417E-04  4.96260227436765597E-05  9.48544258494941504E-07
  762.000000  1.40861281340283085E+02  1.00035509794093514E+02  3.39998662609835662E+01  6.55980889067301920E+00  2.39081353545396641E-01  2.63241711073038918E-02  6.41639097291730716E-04  4.83129930314694667E-05  9.17789949723832841E-07
  764.000000  1.39615692301757832E+02  9.94988276394633431E+01  3.34053250928522871E+01  6.45144480183371805E+00  2.33668780644232021E-01  2.57540744769089031E-02  6.23984390494496392E-04  4.70399606027219002E-05  8.88136254132697585E-07
  766.000000  1.38389536947448704E+02  9.89664440759279387E+01  3.28234987825616429E+01  6.34534334215024209E+00  2.28398484916058075E-01  2.51987200803932554E-02  6.06876719754071564E-04  4.58055525978938617E-05  8.59540071045849760E-07
  768.000000  1.37182403006877962E+02  9.84383316537108612E+01  3.22540639032834804E+01  6.24144784933431307E+00  2.23266195497961173E-01  2.46576674265550945E-02  5.90297216122296969E-04  4.46084485330828172E-05  8.31960134856975476E-07
  770.000000  1.35993889194360463E+02  9.79144624907999059E+01  3.16967066245738316E+01  6.13970332137933195E+00  2.18267786188331397E-01  2.41304909549177223E-02  5.74227729115785505E-04  4.34473780998527161E-05  8.05356930502442885E-07
  772.000000  1.34823604858358578E+02  9.73948083114103724E+01  3.11511223853231343E+01  6.04005636057828088E+00  2.13399269969802713E-01  2.36167794686025709E-02  5.58650796713121853E-04  4.23211190661330485E-05  7.79692613137988250E-07
  774.000000  1.33671169643771520E+02  9.68793404823540527E+01  3.06170155793363108E+01  5.94245511968445594E+00  2.08656793762633352E-01  2.31161355911200031E-02  5.43549616725534624E-04  4.12284952731620672E-05  7.54930931794263681E-07
  776.000000  1.32536213166700264E+02  9.63680300475074887E+01  3.00940992529957931E+01  5.84684925012353407E+00  2.04036633396196987E-01  2.26281752459585629E-02  5.28908019454425618E-04  4.01683747235832573E-05  7.31037156772323020E-07
  778.000000  1.31418374701137907E+02  9.58608477604323070E+01  2.95820948145002056E+01  5.75318985216898859E+00  1.99535188791079898E-01  2.21525271579325889E-02  5.14710441596194002E-04  3.91396677563347163E-05  7.07978010618166020E-07
  780.000000  1.30317302877064748E+02  9.53577641152488127E+01  2.90807317541561368E+01  5.66142942699705820E+00  1.95148979339261341E-01  2.16888323752680440E-02  5.00941901311210318E-04  3.81413253039093858E-05  6.85721602460415204E-07
  782.000000  1.29232655389600495E+02  9.48587493759195013E+01  2.85897473753015525E+01  5.57152183054262995E+00  1.90874639476305508E-01  2.12367438114973335E-02  4.87587974415484436E-04  3.71723372280470643E-05  6.64237365544019558E-07
  784.000000  1.28164098718559814E+02  9.43637736038903086E+01  2.81088865353511856E+01  5.48342222907928623E+00  1.86708914434442375E-01  2.07959258062430478E-02  4.74634771634050801E-04  3.62317307299803016E-05  6.43495997801009673E-07
  786.000000  1.27111307858188098E+02  9.38728066843199827E+01  2.76379013965869689E+01  5.39708705645181919E+00  1.82648656170189105E-01  2.03660537040435546E-02  4.62068916864697224E-04  3.53185688316067460E-05  6.23469405286086353E-07
  788.000000  1.26073966056442544E+02  9.33858183507960575E+01  2.71765511862411770E+01  5.31247397289210621E+00  1.78690819456852640E-01  1.99468134503959088E-02  4.49877526405787289E-04  3.44319489241668873E-05  6.04130648337968335E-07
  790.000000  1.25051764563687684E+02  9.29027782088378444E+01  2.67246019655128748E+01  5.22954182535213263E+00  1.74832458136219726E-01  1.95379012042476881E-02  4.38048189097986799E-04  3.35710013811400628E-05  5.85453890324891842E-07
  792.000000  1.24044402390173587E+02  9.24236557580096587E+01  2.62818264071338810E+01  5.14825060929257994E+00  1.71070721521346447E-01  1.91390229661995322E-02  4.26568947340917571E-04  3.27348882323085142E-05  5.67414348832773485E-07
  794.000000  1.23051586072104428E+02  9.19484204128727924E+01  2.58480035811309925E+01  5.06856143186604946E+00  1.67402850943802417E-01  1.87498942217136158E-02  4.15428278937853088E-04  3.19228018960221021E-05  5.49988249186969677E-07
  796.000000  1.22073029445940250E+02  9.14770415228100546E+01  2.54229187484569294E+01  4.99043647643847166E+00  1.63826176439634624E-01  1.83702395986678133E-02  4.04615079736303973E-04  3.11339639669355050E-05  5.33152780171965746E-07
  798.000000  1.21108453430490499E+02  9.10094883906927521E+01  2.50063631621406053E+01  4.91383896839424317E+00  1.60338113567143364E-01  1.79997925386166206E-02  3.94118647018039891E-04  3.03676240565317711E-05  5.16886051851915550E-07
  800.000000  1.20157585816615153E+02  9.05457302905546726E+01  2.45981338756674859E+01  4.83873314217182937E+00  1.56936160350662296E-01  1.76382949811503091E-02  3.83928663608450974E-04  2.96230586839584029E-05  5.01167055362395838E-07
  802.000000  1.19220161064213485E+02  9.00857364842769357E+01  2.41980335583184711E+01  4.76508420948235134E+00  1.53617894346428863E-01  1.72854970607952754E-02  3.74035182675326139E-04  2.88995702148408081E-05  4.85975624613297987E-07
  804.000000  1.18295920106113584E+02  8.96294762373024128E+01  2.38058703171199610E+01  4.69285832866175578E+00  1.50380969822151489E-01  1.69411568158835714E-02  3.64428613172086972E-04  2.81964858457382023E-05  4.71292399757729841E-07
  806.000000  1.17384610158774066E+02  8.91769188335109675E+01  2.34214575252313644E+01  4.62202257511204806E+00  1.47223115049460257E-01  1.66050399088966127E-02  3.55099705914004493E-04  2.75131566322165140E-05  4.57098792386260307E-07
  808.000000  1.16485984539276870E+02  8.87280335891571781E+01  2.30446136564006459E+01  4.55254491278777262E+00  1.44142129699781796E-01  1.62769193577607350E-02  3.46039540236660283E-04  2.68489565583886722E-05  4.43376952315863190E-07
  810.000000  1.15599802488680126E+02  8.82827898661079189E+01  2.26751621253609130E+01  4.48439416668745672E+00  1.41135882343588259E-01  1.59565752776483528E-02  3.37239511231336698E-04  2.62032816461224632E-05  4.30109735937492859E-07
  812.000000  1.14725829001243895E+02  8.78411570842629885E+01  2.23129311338467886E+01  4.41753999630861482E+00  1.38202308045391714E-01  1.56437946328114724E-02  3.28691317513264529E-04  2.55755491019772713E-05  4.17280676006713006E-07
  814.000000  1.13863834659306704E+02  8.74031047331828290E+01  2.19577535220246567E+01  4.35195287002987019E+00  1.35339406051342037E-01  1.53383709980285960E-02  3.20386949506539453E-04  2.49651965001896234E-05  4.04873952828704254E-07
  816.000000  1.13013595473871604E+02  8.69686023831804960E+01  2.16094666251774719E+01  4.28760404038361820E+00  1.32545237567176816E-01  1.50401043292621838E-02  3.12318678224673214E-04  2.43716810000627046E-05  3.92874366766431944E-07
  818.000000  1.12174892730265711E+02  8.65376196955746764E+01  2.12679121353539387E+01  4.22446552018403043E+00  1.29817923619522130E-01  1.47488007431190501E-02  3.04479044516068156E-04  2.37944785961467557E-05  3.81267311997636317E-07
  820.000000  1.11347512839069324E+02  8.61101264324537965E+01  2.09329359678616065E+01  4.16251005947806352E+00  1.27155643000186391E-01  1.44642723047594020E-02  2.96860848762173365E-04  2.32330833997662353E-05  3.70038751473983404E-07
  822.000000  1.10531247191863130E+02  8.56860924657822238E+01  2.06043881323593432E+01  4.10171112328712528E+00  1.24556630287421255E-01  1.41863368238854971E-02  2.89457140996569526E-04  2.26870069504107718E-05  3.59175193000816907E-07
  824.000000  1.09725892021714301E+02  8.52654877859415592E+01  2.02821226084096153E+01  4.04204287010893992E+00  1.22019173943047260E-01  1.39148176584810140E-02  2.82261211442496067E-04  2.21557775557330271E-05  3.48663666416667111E-07
  826.000000  1.08931248268245767E+02  8.48482825097592581E+01  1.99659972253155047E+01  3.98348013115149779E+00  1.19541614480731598E-01  1.36495435259731054E-02  2.75266581433388175E-04  2.16389396587766395E-05  3.38491701785011751E-07
  828.000000  1.08147121447039069E+02  8.44344468880104841E+01  1.96558735460388476E+01  3.92599839026976793E+00  1.17122342703214602E-01  1.33903483215079434E-02  2.68466994708321490E-04  2.11360532312584402E-05  3.28647308572229992E-07
  830.000000  1.07373321523257857E+02  8.40239513124067798E+01  1.93516167551011264E+01  3.86957376457998059E+00  1.14759798005703101E-01  1.31370709430502306E-02  2.61856409066183089E-04  2.06466931917520344E-05  3.19118955757020486E-07
  832.000000  1.06609662789384771E+02  8.36167663221955308E+01  1.90530955502667290E+01  3.81418298572453285E+00  1.12452466742196971E-01  1.28895551230179539E-02  2.55428988357684250E-04  2.01704488476302754E-05  3.09895552821848488E-07
  834.000000  1.05855963746798452E+02  8.32128626102377780E+01  1.87601820378930668E+01  3.75980338176430884E+00  1.10198880652511766E-01  1.26476492661902647E-02  2.49179094803654274E-04  1.97069233597391166E-05  3.00966431596300288E-07
  836.000000  1.05112046991180662E+02  8.28122110287288251E+01  1.84727516318003744E+01  3.70641285967375023E+00  1.07997615347888487E-01  1.24112062936298333E-02  2.43101281626156927E-04  1.92557332287979338E-05  2.92321328897353229E-07
  838.000000  1.04377739101507416E+02  8.24147825944735359E+01  1.81906829555279472E+01  3.65398988841772354E+00  1.05847288851688232E-01  1.21800834923728521E-02  2.37190285974100029E-04  1.88165078025524970E-05  2.83950369938657732E-07
  840.000000  1.03652870532608034E+02  8.20205484938451264E+01  1.79138577478560848E+01  3.60251348258651172E+00  1.03746560194650755E-01  1.19541423706562115E-02  2.31441022137936621E-04  1.83888888028029704E-05  2.75844052476150672E-07
  842.000000  1.02937275511037129E+02  8.16294800873297390E+01  1.76421607714600874E+01  3.55196318657009247E+00  1.01694128060631842E-01  1.17332485184527616E-02  2.25848575031912721E-04  1.79725298713978267E-05  2.67993231637354521E-07
  844.000000  1.02230791934215887E+02  8.12415489137362670E+01  1.73754797245936032E+01  3.50231905925151965E+00  9.96887294822039749E-02  1.15172714731076146E-02  2.20408193940328621E-04  1.75670961344106463E-05  2.60389105424448687E-07
  846.000000  1.01533261272757102E+02  8.08567266941369667E+01  1.71137051556740722E+01  3.45356165919921931E+00  9.77291385834889725E-02  1.13060845898632668E-02  2.15115286510459498E-04  1.71722637836742089E-05  2.53023200840737096E-07
  848.000000  1.00844528475752099E+02  8.04749853354173297E+01  1.68567303806876190E+01  3.40567203034167587E+00  9.58141653683647898E-02  1.10995649170846956E-02  2.09965412984829846E-04  1.67877196749475387E-05  2.45887360628625706E-07
  850.000000  1.00164441879059069E+02  8.00962969336199535E+01  1.66044514032894845E+01  3.35863168810532642E+00  9.39426545529700868E-02  1.08975930759943399E-02  2.04954280664078434E-04  1.64131609420004225E-05  2.38973730573887910E-07
  852.000000  9.94928531163367182E+01  7.97206337769540596E+01  1.63567668374904613E+01  3.31242260600047800E+00  9.21134844390453789E-02  1.07000531447356811E-02  2.00077738583166010E-04  1.60482946259007158E-05  2.32274747362698094E-07
  854.000000  9.88296170328222274E+01  7.93479683485388705E+01  1.61135778328774606E+01  3.26702720263773161E+00  9.03255658287007990E-02  1.05068325466005016E-02  1.95331772400998552E-04  1.56928373188962404E-05  2.25783126959053436E-07
  856.000000  9.81745916018325033E+01  7.89782733289407020E+01  1.58747880022261434E+01  3.22242832916018740E+00  8.85778409771114938E-02  1.03178219422487578E-02  1.90712579439377962E-04  1.53465148222401213E-05  2.19491853481439088E-07
  858.000000  9.75276378433795372E+01  7.86115215984276006E+01  1.56403033514699565E+01  3.17860925707623831E+00  8.68692825829169568E-02  1.01329151257696093E-02  1.86216241087711271E-04  1.50090618173882357E-05  2.13394168555965572E-07
  860.000000  9.68886197460918481E+01  7.82476862390628298E+01  1.54100322118984074E+01  3.13555366647938172E+00  8.51988928143616459E-02  9.95200892443406926E-03  1.81839207313639419E-04  1.46802215499861477E-05  2.07483561124135540E-07
  862.000000  9.62574041905577786E+01  7.78867405364690626E+01  1.51838851745151384E+01  3.09324563463998103E+00  8.35657023692793766E-02  9.77500310198774723E-03  1.77577963026668363E-04  1.43597455261089641E-05  2.01753757678028235E-07
  864.000000  9.56338608755136903E+01  7.75286579815205528E+01  1.49617750265030125E+01  3.05166962495707184E+00  8.19687695687305595E-02  9.60180026535635382E-03  1.73429107040795833E-04  1.40473932202512646E-05  1.96198712916520628E-07
  866.000000  9.50178622460535394E+01  7.71734122717663809E+01  1.47436166896813550E+01  3.01081047625670273E+00  8.04071794820183233E-02  9.43230577462439088E-03  1.69389348043761902E-04  1.37429317945609231E-05  1.90812600792056705E-07
  868.000000  9.44092834240320826E+01  7.68209773126980053E+01  1.45293271609430086E+01  2.97065339242572213E+00  7.88800430828201227E-02  9.26642765616911453E-03  1.65455500724028058E-04  1.34461358288712181E-05  1.85589805937965313E-07
  870.000000  9.38080021404066429E+01  7.64713272187843245E+01  1.43188254545083709E+01  2.93118393236758790E+00  7.73864964335364558E-02  9.10407651881462929E-03  1.61624482039431479E-04  1.31567870610269978E-05  1.80524915446907281E-07
  872.000000  9.32138986698004430E+01  7.61244363144972453E+01  1.41120325460650324E+01  2.89238800027104270E+00  7.59256998997192845E-02  8.94516547291166440E-03  1.57893307638329837E-04  1.28746741371721944E-05  1.75612711008927181E-07
  874.000000  9.26268557666560639E+01  7.57802791349512859E+01  1.39088713185557840E+01  2.85425183617848344E+00  7.44968373893701158E-02  8.78961005220469695E-03  1.54259088404423228E-04  1.25995923714630179E-05  1.70848161357266160E-07
  876.000000  9.20467586035931475E+01  7.54388304266337286E+01  1.37092665097568052E+01  2.81676200684635525E+00  7.30991156207815712E-02  8.63732813841046158E-03  1.50719027145680050E-04  1.23313435149581180E-05  1.66226415050005271E-07
  878.000000  9.14734947113021803E+01  7.51000651478224199E+01  1.35131446613990871E+01  2.77990539688493810E+00  7.17317634136397236E-02  8.48823988837791102E-03  1.47270415397068432E-04  1.20697355331765944E-05  1.61742793531899539E-07
  880.000000  9.09069539202872363E+01  7.47639584689396202E+01  1.33204340699028023E+01  2.74366920016987992E+00  7.03940310056455215E-02  8.34226766375281877E-03  1.43910630352356788E-04  1.18145823920767683E-05  1.57392784497601095E-07
  882.000000  9.03470283043039899E+01  7.44304857728113802E+01  1.31310647386152084E+01  2.70804091151495729E+00  6.90851893916071269E-02  8.19933596303893536E-03  1.40637131904745063E-04  1.15657038520320696E-05  1.53172035518695407E-07
  884.000000  8.97936121253382140E+01  7.40996226547244419E+01  1.29449683315129462E+01  2.67300831859789190E+00  6.78045296855411123E-02  8.05937135597527970E-03  1.37447459803672175E-04  1.13229252695419432E-05  1.49076347939439920E-07
  886.000000  8.92466017802475733E+01  7.37713449224580984E+01  1.27620781283247577E+01  2.63855949413050217E+00  6.65513625040897866E-02  7.92230242013808143E-03  1.34339230913583694E-04  1.10860774063143839E-05  1.45101671019019168E-07
  888.000000  8.87058957488546724E+01  7.34456285961598212E+01  1.25823289810030641E+01  2.60468278826444299E+00  6.53250173707349280E-02  7.78805967968506426E-03  1.31310136576658960E-04  1.08549962454537370E-05  1.41244096312619103E-07
  890.000000  8.81713945435351576E+01  7.31224499081224337E+01  1.24056572715379243E+01  2.57136682122559490E+00  6.41248421403062541E-02  7.65657554616629588E-03  1.28357940073620759E-04  1.06295228144606551E-05  1.37499852284631975E-07
  892.000000  8.76430006602455478E+01  7.28017853025019974E+01  1.22320008710289230E+01  2.53860047616829210E+00  6.29502024425127454E-02  7.52778426131988938E-03  1.25480474177387267E-04  1.04095030147620334E-05  1.33865299138233567E-07
  894.000000  8.71206185308863894E+01  7.24836114349035370E+01  1.20612990999907836E+01  2.50637289224295223E+00  6.18004811441588697E-02  7.40162184178367547E-03  1.22675638797748110E-04  1.01947874575213097E-05  1.30336923854210833E-07
  896.000000  8.66041544770695992E+01  7.21679051719320341E+01  1.18934926898710458E+01  2.47467345786988258E+00  6.06750778296393373E-02  7.27802602565330841E-03  1.19941398713143348E-04  9.98523130547804684E-06  1.26911335434044949E-07
  898.000000  8.60935166650564270E+01  7.18546435905878127E+01  1.17285237456776237E+01  2.44349180421146661E+00  5.95734082979656812E-02  7.15693622081204836E-03  1.17275781383632620E-04  9.78069412056063000E-06  1.23585260328310733E-07
  900.000000  8.55886150620816295E+01  7.15438039776892083E+01  1.15663357097525985E+01  2.41281779883786429E+00  5.84949040768788370E-02  7.03829345497719843E-03  1.14676874844850139E-04  9.58103971706578928E-06  1.20355538052596128E-07
