# Wavelength || Total || n=1 | n=2 | ...
  300.000000  5.40185355184568039E+02  2.26449147952371277E+00  2.98691822973198100E+02  2.04360654313838694E+02  2.33162520325839431E+01  1.08076869041808266E+01  5.70594942916802239E-01  1.66659973349010143E-01  7.19256497674699603E-03
  302.000000  5.60559839279062203E+02 -4.16263244760784801E+00  3.15326359990516210E+02  2.13382373427750679E+02  2.41784356831979110E+01  1.10756681513811657E+01  5.83876524299415833E-01  1.68493007248445625E-01  7.26494227626142252E-03
  304.000000  5.82009294159926981E+02 -1.08199139318803645E+01  3.32880593867161735E+02  2.22737761664143278E+02  2.50855942363813966E+01  1.13494833402174820E+01  5.98057134067984442E-01  1.70369992044603236E-01  7.34785779086094028E-03
  306.000000  6.04615732813884392E+02 -1.77103868412973497E+01  3.51417659878094241E+02  2.32443842436859313E+02  2.60418876863116999E+01  1.16297560626979575E+01  6.13230775860727495E-01  1.72300555888706797E-01  7.44225946908406988E-03
  308.000000  6.28470052942655002E+02 -2.48374387630151432E+01  3.71007584198402583E+02  2.42519344585831163E+02  2.70520364995500806E+01  1.19171768814485066E+01  6.29505024741371821E-01  1.74295269244395978E-01  7.54924645210034318E-03
  310.000000  6.53673379830828708E+02 -3.22047733046715621E+01  3.91728273815616888E+02  2.52984907466057507E+02  2.81214184317578635E+01  1.22125139288896936E+01  6.47003548382495186E-01  1.76365846898354883E-01  7.67009789743768652E-03
  312.000000  6.80338682999238358E+02 -3.98163507703047799E+01  4.13666694046196881E+02  2.63863325742715119E+02  2.92561868761688295E+01  1.25166261712000377E+01  6.65869219547661761E-01  1.78525404856913705E-01  7.80630885765813860E-03
  314.000000  7.08592738169164022E+02 -4.76762994215505387E+01  4.36920279694986789E+02  2.75179844749639869E+02  3.04634165878675915E+01  1.28304801443252376E+01  6.86267988562200171E-01  1.80788790011867040E-01  7.95963532089111712E-03
  316.000000  7.38578528981174600E+02 -5.57887864101339801E+01  4.61598639632573963E+02  2.86962521056965102E+02  3.17512845230827345E+01  1.31551712773557448E+01  7.08393742341576926E-01  1.83173007705291241E-01  8.13215128416949415E-03
  318.000000  7.70458214596170365E+02 -6.41578329239628147E+01  4.87825633136602164E+02  2.99242668300717469E+02  3.31292961530871253E+01  1.34919513667636650E+01  7.32474458107997384E-01  1.85697783026758018E-01  8.32632182796131867E-03
  320.000000  8.04416833689596388E+02 -7.27870513839457089E+01  5.15741921709228563E+02  3.12055416170376702E+02  3.46085712831982377E+01  1.38422644285150440E+01  7.58780076681807469E-01  1.88386307776304801E-01  8.54509776551336774E-03
  322.000000  8.40666978636648764E+02 -8.16792724342171823E+01  5.45508135106502891E+02  3.25440422028993282E+02  3.62022086255797220E+01  1.42077941563337262E+01  7.87632690349129527E-01  1.91266249724651005E-01  8.79221338239264544E-03
  324.000000  8.79454763701897264E+02 -9.08360139555779824E+01  5.77308839232727564E+02  3.39442792064866808E+02  3.79257559134185769E+01  1.45905277571072194E+01  8.19419893120173271E-01  1.94371139509628921E-01  9.07165672527303520E-03
  326.000000  9.21067549049345871E+02 -1.00256719895187416E+02  6.11357562715062386E+02  3.54114295650807776E+02  3.97978234362730703E+01  1.49928433662638998E+01  8.54612525447272287E-01  1.97742312606603299E-01  9.38893807236868688E-03
  328.000000  9.65844078372379045E+02 -1.09937657124060934E+02  6.47903238053776931E+02  3.69514998695399413E+02  4.18408955386884855E+01  1.54176321768632825E+01  8.93788644692368517E-01  2.01431686027226997E-01  9.75070099219968803E-03
  330.000000  1.01418800548875436E+03 -1.19870292277762019E+02  6.87238557204943049E+02  3.85715509685847962E+02  4.40824202558539611E+01  1.58684729486067102E+01  9.37666515101267306E-01  2.05505822477626110E-01  1.01653336857677398E-02
  332.000000  1.06658627552924168E+03 -1.30038855310364852E+02  7.29710953880635884E+02  4.02800144761203455E+02  4.65562977918532752E+01  1.63498877564778695E+01  9.87151010812840624E-01  2.10052037074802272E-01  1.06436015484520502E-02
  334.000000  1.12363463805168408E+03 -1.40416586882065531E+02  7.75737243667166013E+02  4.20871510809456936E+02  4.93049547411435469E+01  1.68677276810044106E+01  1.04340059268902574E+00  2.15187848602385462E-01  1.11995936873180886E-02
  336.000000  1.18607395462711747E+03 -1.50959764707510658E+02  8.25823440627239165E+02  4.40057346457262099E+02  5.23823032529774224E+01  1.74297736632293940E+01  1.10792703424558181E+00  2.21076105307008330E-01  1.18521943674912925E-02
  338.000000  1.25484345114076609E+03 -1.61597784639834572E+02  8.80592030264221421E+02  4.60521086817122750E+02  5.58580836131007814E+01  1.80467078149313522E+01  1.18274965969935342E+00  2.27950132385856180E-01  1.26274791393670253E-02
  340.000000  1.33116179571180078E+03 -1.72215789367724028E+02  9.40820191774424529E+02  4.82478815154000642E+02  5.98244614695815500E+01  1.87337511213596599E+01  1.27064532002812247E+00  2.36157398119196171E-01  1.35628420108576432E-02
  342.000000  1.41665638880574215E+03 -1.82622261176672509E+02  1.00749440811407919E+03  5.06227660075473977E+02  6.44064912106526180E+01  1.95135595613392958E+01  1.37557726013564707E+00  2.46239171738285634E-01  1.47145889955228940E-02
  344.000000  1.51358026098012624E+03 -1.92485248295795827E+02  1.08188976098463127E+03  5.32195768496585970E+02  6.97796210978968929E+01  2.04216226966268053E+01  1.50347913611483253E+00  2.59083932379494064E-01  1.61729316869639733E-02
  346.000000  1.62518367521194750E+03 -2.01212256939404142E+02  1.16568432073503914E+03  5.61035780776422143E+02  7.62008764877024589E+01  2.15168751141525796E+01  1.66374652994616890E+00  2.76239325531385360E-01  1.80931825577971307E-02
  348.000000  1.75630203379193745E+03 -2.07791424147614634E+02  1.26111534440965875E+03  5.93814516631487436E+02  8.40676308652075619E+01  2.29030316039916961E+01  1.87157867735125483E+00  3.00617657659221493E-01  2.07380941964796749E-02
  350.000000  1.91414622946144164E+03 -2.10768987015111634E+02  1.37118783670557923E+03  6.32433582477211985E+02  9.40197609065391191E+01  2.47640370792000297E+01  2.14782390376105603E+00  3.37922645113739872E-01  2.42527591478088611E-02
  352.000000  2.10938474546660882E+03 -2.08508428560751781E+02  1.50001597205815165E+03  6.80619720683962214E+02  1.06954400187344447E+02  2.73639046069828744E+01  2.51835043356513122E+00  3.92208032507410431E-01  2.86180248469306980E-02
  354.000000  2.35639940882536030E+03 -2.01458226538923554E+02  1.65341818039310465E+03  7.46205758683366071E+02  1.23729427034562164E+02  3.10036838385900531E+01  3.01128222487133934E+00  4.54800914080260132E-01  3.45022757093381288E-02
  356.000000  2.68520348247871607E+03 -1.85817301449822480E+02  1.84064750081558373E+03  8.42454141729533944E+02  1.46770918138082209E+02  3.68265785163396302E+01  3.72533473287404604E+00  5.52772759747333864E-01  4.35372363771260595E-02
  358.000000  3.11097034698710240E+03 -1.60636368604284144E+02  2.07615624387472917E+03  9.66415772507783231E+02  1.78331671720204810E+02  4.52005796681095617E+01  4.73153206564491580E+00  7.14373668763906400E-01  5.65420861509017894E-02
  360.000000  3.52436506542342977E+03 -1.64068740732071092E+02  2.38661584562304870E+03  1.03667792094548531E+03  2.09431089799702590E+02  4.93616549658146369E+01  5.49055321334417989E+00  7.92240297368478452E-01  6.45013107367770622E-02
  362.000000  3.96903700072029642E+03 -1.83309298922895323E+02  2.81670202881708747E+03  1.04349028638382561E+03  2.38410767219304859E+02  4.71641016499274812E+01  5.79437966371473934E+00  7.21208058658498352E-01  6.35278506728627068E-02
  364.000000  4.69742940241513043E+03 -1.64290207071104305E+02  3.43647819280299882E+03  1.08426128792868144E+03  2.87335684613099147E+02  4.63361972682624028E+01  6.57675310848593231E+00  6.63950659372996022E-01  6.75431053341611215E-02
  366.000000  5.91149836180080365E+03 -8.66148436178718839E+01  4.37547491403845561E+03  1.19083597186009843E+03  3.73144145286265314E+02  4.95884684876041320E+01  8.30939006331124297E+00  6.78247333468824154E-01  8.20683494721350798E-02
  368.000000  7.89606527141650167E+03  7.00681745166421024E+01  5.85175864905253457E+03  1.38694989948187185E+03  5.17069455973498748E+02  5.79408714539203444E+01  1.13949657156888033E+01  7.73155002002211988E-01  1.10100220342089314E-01
  370.000000  1.09366838770705999E+04  2.97682436862451141E+02  8.07883846714216270E+03  1.72260151189522617E+03  7.46349792308404972E+02  7.36684854442343919E+01  1.64127263277400282E+01  9.73879177905428439E-01  1.56577912475783260E-01
  372.000000  1.44194799209260764E+04  4.84806200661772891E+02  1.05694993185258500E+04  2.20697164720274304E+03  1.03663054690914055E+03  9.71040704019384862E+01  2.29641197738575471E+01  1.28591013803272758E+00  2.18107312742164855E-01
  374.000000  1.59764895124438808E+04  6.29718964742114622E+02  1.13869678210649690E+04  2.61593162735840633E+03  1.19827624404404014E+03  1.16841975772383904E+02  2.69366936243784600E+01  1.55992429324996906E+00  2.56261544338730163E-01
  376.000000  1.41453096947287195E+04  6.98223281896207482E+02  9.67569001132389349E+03  2.59106588969921449E+03  1.04370677802941509E+03  1.11417006090282754E+02  2.35103325658725133E+01  1.47349462684128407E+00  2.22900496990075608E-01
  378.000000  1.07562477591794723E+04  5.05762862315528764E+02  7.25023281230011526E+03  2.15834646206148318E+03  7.40878935309751569E+02  8.34588005264091208E+01  1.63604141818946758E+01  1.05436981679285591E+00  1.53102667497844402E-01
  380.000000  8.10905641007389295E+03  2.36975561819439463E+02  5.51741266275183534E+03  1.77813493066826800E+03  5.04621468877339169E+02  6.03668018212611486E+01  1.07373223659387467E+01  7.09206028827443324E-01  9.84557409838758280E-02
  382.000000  6.52272522279486202E+03  2.35897846824518638E+01  4.51284890240283585E+03  1.57134115658142923E+03  3.59424344561473958E+02  4.76599392509724851E+01  7.27837460175892748E+00  5.17687681527302490E-01  6.50330324125451692E-02
  384.000000  5.63078140555306345E+03 -1.29872921425892855E+02  3.96325566082905971E+03  1.47735028229103591E+03  2.73175018632601507E+02  4.11929713738780379E+01  5.21781798103192074E+00  4.17358507065193396E-01  4.52173642840246609E-02
  386.000000  5.14125301199035857E+03 -2.41923312106817320E+02  3.67493324628478513E+03  1.44521822150441722E+03  2.20736131282099279E+02  3.79380909082648827E+01  3.95417513666340659E+00  3.63358445973016420E-01  3.31005349725372183E-02
  388.000000  4.88792784120210763E+03 -3.26836063841055875E+02  3.53925275749726052E+03  1.44783148894779902E+03  1.87799616141376191E+02  3.63744101558382411E+01  3.14687964228416384E+00  3.33389036972622621E-01  2.53636216329416811E-02
  390.000000  4.77942647816683620E+03 -3.93335185948621074E+02  3.49626786047243877E+03  1.47126624010556634E+03  1.66525623747540038E+02  3.57544426220168461E+01  2.61068140396169701E+00  3.16602087127791532E-01  2.02136768072415131E-02
  392.000000  4.76381039674223121E+03 -4.46470838573557558E+02  3.51149292964662072E+03  1.50802720678657897E+03  1.52502228633634758E+02  3.56924825828811336E+01  2.24226527579981338E+00  3.07464956903400477E-01  1.66574333711168136E-02
  394.000000  4.80992151498517069E+03 -4.89067533598317823E+02  3.56379594630408883E+03  1.55378387962808711E+03  1.43134213881261871E+02  3.59763354326656071E+01  1.98157130277005145E+00  3.02980425067450265E-01  1.41216095467081131E-02
  396.000000  4.89784500291810218E+03 -5.22594316956794501E+02  3.63921453472643680E+03  1.60581892240343586E+03  1.36818902419298723E+02  3.64811617059073043E+01  1.79211372733796681E+00  3.01424031457355801E-01  1.22608610227808237E-02
  398.000000  5.01393145495852696E+03 -5.47674056077994464E+02  3.72773311823838912E+03  1.66226402803704377E+03  1.32516666115084831E+02  3.71283263055306989E+01  1.65076893758073062E+00  3.01744806409142030E-01  1.08585964827939852E-02
  400.000000  5.14812087296730988E+03 -5.64394165438130585E+02  3.82156679752296895E+03  1.72170818372621989E+03  1.29519952275978966E+02  3.78647708774678691E+01  1.54229401571471625E+00  3.03266069559532281E-01  9.77391752946442545E-03
  402.000000  5.29247647340961157E+03 -5.72512309810954321E+02  3.91424857239902485E+03  1.78299193390324467E+03  1.27325301582987720E+02  3.86522407726656070E+01  1.45627930721344723E+00  3.05543095619008331E-01  8.91215981041230607E-03
  404.000000  5.44038828261463823E+03 -5.71607677022097050E+02  4.00017099285346603E+03  1.84510069681857271E+03  1.25560933628631375E+02  3.94615069641406819E+01  1.38540034904156517E+00  3.08221061521475825E-01  8.20796136240875031E-03
  406.000000  5.58616782075107130E+03 -5.61203837382781785E+02  4.07439966576494135E+03  1.90711418566208022E+03  1.23945482384117085E+02  4.02692464904122573E+01  1.32438915322744144E+00  3.11073452356897318E-01  7.61522671777263311E-03
  408.000000  5.72487896315969192E+03 -5.40874862466414925E+02  4.13265353426837009E+03  1.96818877953780543E+03  1.22264692252603155E+02  4.10563851794686272E+01  1.26941619176897502E+00  3.13917184222568590E-01  7.10101186902499862E-03
  410.000000  5.85230965272764024E+03 -5.10337745776894735E+02  4.17138205387155540E+03  2.02755862578937217E+03  1.20358512226888365E+02  4.18072423084171234E+01  1.21771145861046937E+00  3.16611153788687982E-01  6.64169590388402013E-03
  412.000000  5.96501710450336395E+03 -4.69529229927400593E+02  4.18788534896777674E+03  2.08454535822556227E+03  1.18113953818411559E+02  4.25090816480533817E+01  1.16732483579440904E+00  3.19046427889853101E-01  6.22050727650577846E-03
  414.000000  6.06039437098084363E+03 -4.18663125410566863E+02  4.18043249363867290E+03  2.13856853711265012E+03  1.15460717333303904E+02  4.31518172680146606E+01  1.11696561125015781E+00  3.21139571110342747E-01  5.82585640873067075E-03
  416.000000  6.13671756900167566E+03 -3.58264712950011017E+02  4.14834199376464221E+03  2.18915077111574328E+03  1.12367639539758684E+02  4.37277155622338753E+01  1.06588446760457334E+00  3.22827354670161493E-01  5.45014703284256875E-03
  418.000000  6.19314542377489488E+03 -2.89181300460972125E+02  4.09200033476520002E+03  2.23591364913687039E+03  1.08838804866419167E+02  4.42310082546206615E+01  1.01377642411417046E+00  3.24061915665280253E-01  5.08887297734580100E-03
  420.000000  6.22965713655392938E+03 -2.12571495906871860E+02  4.01280900311186815E+03  2.27856318014411681E+03  1.04908814895210114E+02  4.46573947213099913E+01  9.60693668665155154E-01  3.24806027257186658E-01  4.73989237349086139E-03
  422.000000  6.24692954439161440E+03 -1.29878920603470760E+02  3.91306528039597833E+03  2.31686609256988777E+03  1.00637231610241969E+02  4.50034646732900754E+01  9.06964362898703302E-01  3.25028557603272483E-01  4.40282518514702875E-03
  424.000000  6.24616750446979768E+03 -4.27974088359987945E+01  3.79579377886569546E+03  2.35062058021688836E+03  9.61025487654140420E+01  4.52661087608888195E+01  8.53117699309977384E-01  3.24700446977226331E-01  4.07855062154121109E-03
  426.000000  6.22890994655656323E+03  4.67672494805592578E+01  3.66455071529562201E+03  2.37962645756412348E+03  9.13961462840041463E+01  4.54420007704051727E+01  7.99816746805087964E-01  3.23791622669222123E-01  3.76879237550634041E-03
  428.000000  6.19683685266780412E+03  1.36740456402294512E+02  3.52321910785663249E+03  2.40366000022181470E+03  8.66165135540124567E+01  4.55272306255244317E+01  7.47799011576590789E-01  3.22269221338419842E-01  3.47577461086984304E-03
  430.000000  6.15159989049637352E+03  2.24939547450943792E+02  3.37580039129098896E+03  2.42245807388349158E+03  8.18636114303541547E+01  4.55171465469590828E+01  6.97820639977750901E-01  3.20097339412037940E-01  3.20191424589027791E-03
  432.000000  6.09469314814349400E+03  3.09178275013262464E+02  3.22619018477674626E+03  2.43571475669483107E+03  7.72327144111981312E+01  4.54064340632699768E+01  6.50595356561459726E-01  3.17238333207452150E-01  2.94949441754064658E-03
  434.000000  6.02737249567395702E+03  3.87447391436253383E+02  3.07791400852943843E+03  2.44309178558603617E+03  7.28067915738865565E+01  4.51894254022781681E+01  6.06717400724657741E-01  3.13655484919843186E-01  2.72026042008160400E-03
  436.000000  5.95062437457976557E+03  4.58183790826355107E+02  2.93381260528880011E+03  2.44424189472157877E+03  6.86470874425543229E+01  4.48605991847986942E+01  5.66565522674358002E-01  3.09316666595374767E-01  2.51492640804736219E-03
  438.000000  5.86517840789648744E+03  5.20576673077623127E+02  2.79572469301505816E+03  2.43884149944641013E+03  6.47836036601315044E+01  4.44151997901579847E+01  5.30207716462412937E-01  3.04198488492973762E-01  2.33270215051571304E-03
  440.000000  5.77155355738275102E+03  5.74769298583640193E+02  2.66429985763637978E+03  2.42662672768356560E+03  6.12099734447742136E+01  4.38498832349040342E+01  4.97355371165607407E-01  2.98290333665739205E-01  2.17109465674065723E-03
  442.000000  5.67012483976638123E+03  6.21784881271807535E+02  2.53910175332191875E+03  2.40742594524879951E+03  5.78879233944524501E+01  4.31632923316778729E+01  4.67420251310499635E-01  2.91597697357421637E-01  2.02624905681541385E-03
  444.000000  5.56119723512040582E+03  6.63128022498574865E+02  2.41904074231602954E+03  2.38118400155044355E+03  5.47622643672799256E+01  4.23564865043387968E+01  4.39679659918250310E-01  2.84144393605822554E-01  1.89383021490989976E-03
  446.000000  5.44507548356063035E+03  7.00235679382916715E+02  2.30295783263744806E+03  2.34797738171326637E+03  5.17801758964436942E+01  4.14331910512435115E+01  4.13479406880380651E-01  2.75973413018804237E-01  1.77005941279959359E-03
  448.000000  5.32212198157198509E+03  7.34062071239466604E+02  2.19007557981879881E+03  2.30802190677113776E+03  4.89053885869790932E+01  4.03998612252498859E+01  3.88375128763106758E-01  2.67146406650924761E-01  1.65239493905102353E-03
  450.000000  5.19279834178948113E+03  7.64962771605431044E+02  2.08015052423915222E+03  2.26167386482452503E+03  4.61221712284221326E+01  3.92655658998969272E+01  3.64162486692185705E-01  2.57741879424671971E-01  1.53962593741254383E-03
  452.000000  5.05768863971818428E+03  7.92831693546133465E+02  1.97337053935764789E+03  2.20942361830005757E+03  4.34309856332040667E+01  3.80416981860378982E+01  3.40820910184501724E-01  2.47852252710194509E-01  1.43153220991477318E-03
  454.000000  4.91750434720107933E+03  8.17335913781600539E+02  1.87014800949722940E+03  2.15188054595478934E+03  4.08410085399083087E+01  3.67415327909342082E+01  3.18428168301889025E-01  2.37580052664593394E-01  1.32841565241402873E-03
  456.000000  4.77307285762320498E+03  8.38120747120228771E+02  1.77093368128989118E+03  2.08974977672049545E+03  3.83636293307194975E+01  3.53796700548461658E+01  2.97088805613730411E-01  2.27033579880693559E-01  1.23072153131833714E-03
  458.000000  4.62531315506434476E+03  8.54934609994663333E+02  1.67610129657698144E+03  2.02380300716298007E+03  3.60084666539915972E+01  3.39714221108869125E+01  2.76891280873156564E-01  2.16322466359201965E-01  1.13881760935272375E-03
  460.000000  4.47520317292813343E+03  8.67678864155386691E+02  1.58589927272255295E+03  1.95484666065936790E+03  3.37816786198731407E+01  3.25322002119026834E+01  2.57890148378613793E-01  2.05553505208538018E-01  1.05290546323760065E-03
  462.000000  4.32374356283656107E+03  8.76408036868877389E+02  1.50044629013688450E+03  1.88369063272096810E+03  3.16857443729789665E+01  3.10769547785548603E+01  2.40103886413851664E-01  1.94827059810577324E-01  9.73012073811767015E-04
  464.000000  4.17192207047071770E+03  8.81304743690594478E+02  1.41974876567101319E+03  1.81112023422615835E+03  2.97199677706157566E+01  2.96197056446421882E+01  2.23520198897090572E-01  1.84234250319985832E-01  8.99018476775956732E-04
  466.000000  4.02068174938834682E+03  8.82645838727992668E+02  1.34372565228221492E+03  1.73787306599577960E+03  2.78812192363065172E+01  2.81731837905300715E+01  2.08103653927176169E-01  1.73855002507513512E-01  8.30699088489769938E-04
  468.000000  3.87089510567775778E+03  8.80768974677263031E+02  1.27223286708270712E+03  1.66462168019714682E+03  2.61646651766803515E+01  2.67485907692400140E+01  1.93803070266639288E-01  1.63756945640909451E-01  7.67758812254392764E-04
  470.000000  3.72334517073358984E+03  8.76043786354366603E+02  1.20508412915502549E+03  1.59196213972196460E+03  2.45643830075705125E+01  2.53554699170349984E+01  1.80557641928152990E-01  1.53995072537243205E-01  7.09863161710239956E-04
  472.000000  3.57871358583660412E+03  8.68849064149519108E+02  1.14206740391210246E+03  1.52040803411299385E+03  2.30738382835083122E+01  2.40016750854446279E+01  1.68301603077154222E-01  1.44612029256796892E-01  6.56660702322826298E-04
  474.000000  3.43757511666932760E+03  8.59555838958494860E+02  1.08295725072567461E+03  1.45038915952397497E+03  2.16862351899315051E+01  2.26934180075587157E+01  1.56967582834723118E-01  1.35638882079743645E-01  6.07798778576079473E-04
  476.000000  3.30039760564308608E+03  8.48515661498364352E+02  1.02752375918656685E+03  1.38225389964380793E+03  2.03947632984674883E+01  2.14353739647915482E+01  1.46488906907758426E-01  1.27096210225274148E-01  5.62933954709556907E-04
  478.000000  3.16754618309712532E+03  8.36053146398415265E+02  9.75538810908069195E+02  1.31627431678037351E+03  1.91927644428934592E+01  2.02308263382247482E+01  1.36801102789178397E-01  1.18995387824844132E-01  5.21738535386698839E-04
  480.000000  3.03929054345691020E+03  8.22461849656549020E+02  9.26780319557175858E+02  1.25265303411228706E+03  1.80738404044678482E+01  1.90818330545831216E+01  1.27842825804984711E-01  1.11339941748823071E-01  4.83904293727839151E-04
  482.000000  2.91581419315765561E+03  8.08002641803152073E+02  8.81034979129660655E+02  1.19153112079440052E+03  1.70319178965664761E+01  1.79894011158186444E+01  1.19556375885045821E-01  1.04126897900916240E-01  4.49144270987176337E-04
  484.000000  2.79722474313375733E+03  7.92903868781999336E+02  8.38099931230133734E+02  1.13299634779378584E+03  1.60612833963506247E+01  1.69536587522655786E+01  1.11887932069482193E-01  9.73480538700415704E-02  4.17193282622677541E-04
  486.000000  2.68356451008339536E+03  7.77362727675917995E+02  7.97783661055532434E+02  1.07709133983093807E+03  1.51565971065558731E+01  1.59740178716560202E+01  1.04787597097042606E-01  9.09911381136671166E-02  3.87807584142263202E-04
  488.000000  2.57482087979416610E+03  7.61547410116723768E+02  7.59906351587894164E+02  1.02382129221529942E+03  1.43128927897722544E+01  1.50493221684543119E+01  9.82093179469796379E-02  8.50408340613063307E-02  3.60764014103157353E-04
  490.000000  2.47093605553373482E+03  7.45599675805762672E+02  7.24299864120101688E+02  9.73161042631189162E+02  1.35255683078480153E+01  1.41779784199175793E+01  9.21107286380500462E-02  7.94796614448552152E-02  3.35858832758219501E-04
  492.000000  2.37181595653990007E+03  7.29637609950510523E+02  6.90807467229768008E+02  9.25061384368599192E+02  1.27903702932771814E+01  1.33580701268284923E+01  8.64529474178045987E-02  7.42887170946321534E-02  3.12906404359305915E-04
  494.000000  2.27733814371203016E+03  7.13758391961622692E+02  6.59283402259391323E+02  8.79454579949531194E+02  1.21033753579528334E+01  1.25874538113855259E+01  8.12003503446457886E-02  6.94482839806017244E-02  2.91737821548345767E-04
  496.000000  2.18735873327891613E+03  6.98040960122667457E+02  6.29592348344468178E+02  8.36259085405076235E+02  1.14609695087985592E+01  1.18638390411583110E+01  7.63203360917959900E-02  6.49383211203911626E-02  2.72199535762345987E-04
  498.000000  2.10171831816690974E+03  6.82548500420642085E+02  6.01608831745965176E+02  7.95383529303207979E+02  1.08598269129325207E+01  1.11848536915760466E+01  7.17830917580846301E-02  6.07388487944554578E-02  2.54152033770014022E-04
  500.000000  2.02024695547737247E+03  6.67330719709221739E+02  5.75216610921624124E+02  7.56730010818399933E+02  1.02968887796248616E+01  1.05480961700730980E+01  6.75613659476478751E-02  5.68302438972180107E-02  2.37468584182743396E-04
  502.000000  1.94276830140137145E+03  6.52425886169161458E+02  5.50308059092215785E+02  7.20196791161632405E+02  9.76934286012641628E+00  9.95117637153522416E+00  6.36302529369906916E-02  5.31934596961157122E-02  2.22034066774332397E-04
  504.000000  1.86910298610428072E+03  6.37862635666057031E+02  5.26783559049925088E+02  6.85680455519732504E+02  9.27460387884860538E+00  9.39174707261568287E+00  5.99669900688519705E-02  4.98101831427144939E-02  2.07743890106232569E-04
  506.000000  1.79907132403371793E+03  6.23661552836527335E+02  5.04550919893959474E+02  6.53077620667100405E+02  8.81029507792669975E+00  8.86752734438011458E+00  5.65507693702182873E-02  4.66629414558710695E-02  1.94502998149822577E-04
  508.000000  1.73249545246570392E+03  6.09836541958986345E+02  4.83524821745067925E+02  6.22286258438964069E+02  8.37423096614458196E+00  8.37631939978016504E+00  5.33625636293752897E-02  4.37351681678022491E-02  1.82224963552281348E-04
  510.000000  1.66920098500881090E+03  5.96396006026670875E+02  4.63626291895782686E+02  5.93206698633955511E+02  7.96440130087563780E+00  7.91602011637881198E+00  5.03849666684506314E-02  4.10112373155571072E-02  1.70831163339434620E-04
  512.000000  1.60901825878170166E+03  5.83343853811100416E+02  4.44782214019593710E+02  5.65742367590858407E+02  7.57895628987733438E+00  7.48462829995662471E+00  4.76020472340446810E-02  3.84764730494743940E-02  1.60250031813008247E-04
  514.000000  1.55178324513487837E+03  5.70680354719772367E+02  4.26924870784458847E+02  5.39800311295227289E+02  7.21619297262136428E+00  7.08024859001130125E+00  4.49992157441381421E-02  3.61171406582047605E-02  1.50416384916065633E-04
  516.000000  1.49733818486035761E+03  5.58402860424106620E+02  4.09991519339739739E+02  5.15291544816292117E+02  6.87454272386152887E+00  6.70109275862320608E+00  4.25631030303976129E-02  3.39204238938225627E-02  1.41270810206725936E-04
  518.000000  1.44553200028756874E+03  5.46506410899763068E+02  3.93923998565370255E+02  4.92131263386177920E+02  6.55255981254551312E+00  6.34547902189528035E+00  4.02814501778529233E-02  3.18743925219814109E-02  1.32759116691279504E-04
  520.000000  1.39622052875736244E+03  5.34984240912748646E+02  3.78668366602061383E+02  4.70238944625886518E+02  6.24891094448331508E+00  6.01182986856603296E+00  3.81430085646352127E-02  2.99679632127041913E-02  1.24831839013168374E-04
  522.000000  1.34926661487326328E+03  5.23828201302230809E+02  3.64174566964218059E+02  4.49538366328883569E+02  5.96236571601239262E+00  5.69866881268283709E+00  3.61374492313766907E-02  2.81908562136866832E-02  1.17443790827437858E-04
  524.000000  1.30454009265725972E+03  5.13029107722180925E+02  3.50396121429747723E+02  4.29957559819126345E+02  5.69178790703723969E+00  5.40461639505784852E+00  3.42552807526715838E-02  2.65335496941690833E-02  1.10553662565142328E-04
  526.000000  1.26191768330261107E+03  5.02577027910976540E+02  3.37289847867768572E+02  4.11428715157868965E+02  5.43612754440033363E+00  5.12838568990618526E+00  3.24877748341077938E-02  2.49872331970410651E-02  1.04123659179385385E-04
  528.000000  1.22128282955828240E+03  4.92461517084133447E+02  3.24815601186370202E+02  3.93888051321476723E+02  5.19441367011044353E+00  4.86877751682883808E+00  3.08268989145423188E-02  2.35437612743097345E-02  9.81191738518961498E-05
  530.000000  1.18252548382551663E+03  4.82671809707315333E+02  3.12936035638936460E+02  3.77275661842115028E+02  4.96574775302772142E+00  4.62467551242615205E+00  2.92652551100517147E-02  2.21956080920223120E-02  9.25084940098202906E-05
  532.000000  1.14554186372760341E+03  4.73196974719439822E+02  3.01616386805810919E+02  3.61535344225764732E+02  4.74929768688864851E+00  4.39504117870814248E+00  2.77960248922711345E-02  2.09358235624720820E-02  8.72625363543265452E-05
  534.000000  1.11023418614399384E+03  4.64026040227563499E+02  2.90824271660904060E+02  3.46614419673008854E+02  4.54429232190234700E+00  4.17890899567692919E+00  2.64129189472543068E-02  1.97579913830218841E-02  8.23546079256428683E-05
  536.000000  1.07651038840984666E+03  4.55148092784537766E+02  2.80529505233312193E+02  3.32463548167695194E+02  4.35001648144571362E+00  3.97538166172986518E+00  2.51101317125599841E-02  1.86561892227611638E-02  7.77601905344893235E-05
  538.000000  1.04428384349266912E+03  4.46552355568442181E+02  2.70703932475747763E+02  3.19036542814178347E+02  4.16580641943681673E+00  3.78362550678847898E+00  2.38823001368643519E-02  1.76249511925747823E-02  7.34567461582905594E-05
  540.000000  1.01347307441870225E+03  4.38228249106750809E+02  2.61321274053968637E+02  3.06290186349295311E+02  3.99104567786199738E+00  3.60286610837914845E+00  2.27244662506918237E-02  1.66592326545395401E-02  6.94235411536370950E-05
  542.000000  9.84001471966697636E+02  4.30165437606568958E+02  2.52356984870573910E+02  2.94184051990459125E+02  3.82516130756329620E+00  3.43238412950051952E+00  2.16320431769168667E-02  1.57543773674532102E-02  6.56414873592965457E-05
  544.000000  9.55797018633171660E+02  4.22353863457860825E+02  2.43788124231223634E+02  2.82680330172812432E+02  3.66762041873524236E+00  3.27151138837254152E+00  2.06007842461195315E-02  1.49060869223991976E-02  6.20929983662441557E-05
  546.000000  9.28792021060901334E+02  4.14783772058563045E+02  2.35593236651487331E+02  2.71743662247439659E+02  3.51792703070537893E+00  3.11962716353897473E+00  1.96267549154637878E-02  1.41103923919814970E-02  5.87618594142013458E-05
  548.000000  9.02922852472201043E+02  4.07445728755437813E+02  2.27752242386438667E+02  2.61340981835653110E+02  3.37561919338748950E+00  2.97615473285852250E+00  1.87063072195438017E-02  1.33636280963919715E-02  5.56331095353111403E-05
  550.000000  8.78129706132474325E+02  4.00330629393552044E+02  2.20246336844000353E+02  2.51441364241361782E+02  3.24026635542564989E+00  2.84055814131427908E+00  1.78360565090994461E-02  1.26624073765096747E-02  5.26929347123082011E-05
  552.000000  8.54356360468250386E+02  3.93429705719023332E+02  2.13057898115506617E+02  2.42015884098229577E+02  3.11146695639456183E+00  2.71233919001027601E+00  1.70128602579539580E-02  1.20036002569681530E-02  4.99285709483725582E-05
  554.000000  8.31549956145863348E+02  3.86734526664973600E+02  2.06170401924081460E+02  2.33037481257420609E+02  2.98884622257242194E+00  2.59103463697926939E+00  1.62337987404877794E-02  1.13843128791346771E-02  4.73282162615075132E-05
  556.000000  8.09660785175597198E+02  3.80236996374224873E+02  1.99568343353205591E+02  2.24480834794150439E+02  2.87205414776883572E+00  2.47621359931081342E+00  1.54961574019280290E-02  1.08018685841026855E-02  4.48809507206738624E-05
  558.000000  7.88642091922205623E+02  3.73929349664394977E+02  1.93237164773976275E+02  2.16322244917979816E+02  2.76076364242703809E+00  2.36747514547421911E+00  1.47974107614075416E-02  1.02537905282180427E-02  4.25766637324147195E-05
  560.000000  7.68449885765953809E+02  3.67804145516503922E+02  1.87163189441932616E+02  2.08539522505817047E+02  2.65466883584718660E+00  2.26444606644349777E+00  1.41352077038788618E-02  9.73778571767854040E-03  4.04059878700827841E-05
  562.000000  7.49042765056553662E+02  3.61854259063340578E+02  1.81333560280687919E+02  2.01111885931869011E+02  2.55348351779756833E+00  2.16677881423499574E+00  1.35073580311717359E-02  9.25173035382967184E-03  3.83602386105394135E-05
  564.000000  7.30381751934833119E+02  3.56072872469264439E+02  1.75736183413330281E+02  1.94019864840573405E+02  2.45693970709321174E+00  2.07414959667050924E+00  1.29118201553888780E-02  8.79365638652911466E-03  3.64313594089398762E-05
  566.000000  7.12430137549148640E+02  3.50453465020427757E+02  1.70359676041249799E+02  1.87245210493173033E+02  2.36478633589457887E+00  1.98625661752343241E+00  1.23466898294620209E-02  8.36173917907545063E-03  3.46118716009465865E-05
  568.000000  6.95153337164306777E+02  3.44989802683177004E+02  1.65193318306017659E+02  1.80770812313083070E+02  2.27678803953747266E+00  1.90281845164866947E+00  1.18101898198593111E-02  7.95428619446513982E-03  3.28948286734201129E-05
  570.000000  6.78518754648914069E+02  3.39675927341493662E+02  1.60227008802017053E+02  1.74580620256707391E+02  2.19272404266625331E+00  1.82357254520043277E+00  1.13006604358752514E-02  7.56972661898016718E-03  3.12737744915364457E-05
  572.000000  6.62495655821599598E+02  3.34506145880002805E+02  1.55451223437499465E+02  1.68659572643814244E+02  2.11238713330637173E+00  1.74827383158800309E+00  1.08165508382483157E-02  7.20660184523094424E-03  2.97427051119570332E-05
  574.000000  6.47055050142996038E+02  3.29475019247411637E+02  1.50856977367772487E+02  1.62993529092322490E+02  2.03558271727943296E+00  1.67669345437629036E+00  1.03564110571777706E-02  6.86355674265405006E-03  2.82960338483182436E-05
  576.000000  6.32169580251937987E+02  3.24577351606385491E+02  1.46435789749307418E+02  1.57569208216387466E+02  1.96212794608900665E+00  1.60861758890355255E+00  9.91888465675912039E-03  6.53933164909310458E-03  2.69285592891420110E-05
  578.000000  6.17813418857571833E+02  3.19808179650962757E+02  1.42179651085045833E+02  1.52374129762161175E+02  1.89185091201268385E+00  1.54384635494218703E+00  9.50270198870374616E-03  6.23275502239556325E-03  2.56354359975488598E-05
  580.000000  6.03962172521160028E+02  3.15162762156630379E+02  1.38080992951428954E+02  1.47396560872277234E+02  1.82458990472910942E+00  1.48219281326717334E+00  9.10667398366497502E-03  5.94273669594130947E-03  2.44121476489262573E-05
  582.000000  5.90592791880176605E+02  3.10636569810052606E+02  1.34132659916308143E+02  1.42625466187372552E+02  1.76019272432573270E+00  1.42348203951499075E+00  8.72968643354371174E-03  5.66826168667660356E-03  2.32544823866866033E-05
  584.000000  5.77683487888591458E+02  3.06225275352965127E+02  1.30327883472419728E+02  1.38050461510282616E+02  1.69851604597486383E+00  1.36755026920808898E+00  8.37069472216901353E-03  5.40838450854617091E-03  2.21585101970469537E-05
  586.000000  5.65213653672564533E+02  3.01924744065678169E+02  1.26660257827420921E+02  1.33661770775674626E+02  1.63942483202829159E+00  1.31424410828606320E+00  8.02871896612890150E-03  5.16222394822161371E-03  2.11205621236555398E-05
  588.000000  5.53163791620880488E+02  2.97731024605615858E+02  1.23123717404051490E+02  1.29450186084661595E+02  1.58279178762329265E+00  1.26341980392274666E+00  7.70283953072019387E-03  4.92895826371630118E-03  2.01372111593479590E-05
  590.000000  5.41515445353840619E+02  2.93640340210519298E+02  1.19712515917248922E+02  1.25407030580070654E+02  1.52849685626944742E+00  1.21494257081818868E+00  7.39219288943481628E-03  4.70782076987728837E-03  1.92052546684049148E-05
  592.000000  5.30251136234932574E+02  2.89649080269842216E+02  1.16421206905573513E+02  1.21524123953533703E+02  1.47642675217240260E+00  1.16868596853650786E+00  7.09596779812617356E-03  4.49809577786594757E-03  1.83216982058541823E-05
  594.000000  5.19354304112345858E+02  2.85753792264054482E+02  1.13244625605464648E+02  1.17793750390293184E+02  1.42647452636098948E+00  1.12453132581564730E+00  6.81340175776207028E-03  4.29911485860275198E-03  1.74837406135652046E-05
  596.000000  5.08809251996197759E+02  2.81951174067362899E+02  1.10177872065393359E+02  1.14208628771518519E+02  1.37853916391434295E+00  1.08236720810368259E+00  6.54377774188516070E-03  4.11025340276968600E-03  1.66887602835047692E-05
  598.000000  4.98601094399117983E+02  2.78238066608418649E+02  1.07216295406005116E+02  1.10761884967053703E+02  1.33252520983818634E+00  1.04208892488040972E+00  6.28642116709648632E-03  3.93092745235956546E-03  1.59343024888378992E-05
  600.000000  4.88715709083440402E+02  2.74611446878873721E+02  1.04355479139856627E+02  1.07447026063832979E+02  1.28834242133778054E+00  1.00359807360379949E+00  6.04069708682581502E-03  3.76059078095057142E-03  1.52180676928454009E-05
  602.000000  4.79139691978808628E+02  2.71068421280856001E+02  1.01591227471756753E+02  1.04257916386684741E+02  1.24590544443905205E+00  9.66802117379050530E-01  5.80600759036020101E-03  3.59873220187882431E-03  1.45379007535759026E-05
  604.000000  4.69860315048285258E+02  2.67606219301543661E+02  9.89195525067458021E+01  1.01188755178981296E+02  1.20513351307159322E+00  9.31613993686002173E-01  5.58178939066014852E-03  3.44487308530302136E-03  1.38917809496357541E-05
  606.000000  4.60865486897829214E+02  2.64222187503210534E+02  9.63366622989606043E+01  9.82340558205819576E+01  1.16595016889135428E+00  8.97951751719247238E-01  5.36751158599687618E-03  3.29856506681508281E-03  1.32778127594470432E-05
  608.000000  4.52143715937706872E+02  2.60913783815945408E+02  9.38389496798688185E+01  9.53886264698008404E+01  1.12828300026495842E+00  8.65738216096150870E-01  5.16267358160936787E-03  3.15938793176166527E-03  1.26942173317831063E-05
  610.000000  4.43684075918815836E+02  2.57678572120730678E+02  9.14229818093738942E+01  9.26475520247253286E+01  1.09206339896937976E+00  8.34900674872182336E-01  4.96680315894689611E-03  3.02694766082001968E-03  1.21393245917185498E-05
  612.000000  4.35476173678894497E+02  2.54514217109868696E+02  8.90854903977200365E+01  9.00061773071866753E+01  1.05722633327673199E+00  8.05370589971846740E-01  4.77945468092127925E-03  2.90087462362392150E-03  1.16115659301885332E-05
  614.000000  4.27510118945700981E+02  2.51418479412186571E+02  8.68233625501388673E+01  8.74600913800738624E+01  1.02371013620431439E+00  7.77083328298711518E-01  4.60020742272958163E-03  2.78082190837955273E-03  1.11094674305363361E-05
  616.000000  4.19776496055328607E+02  2.48389210970566637E+02  8.46336321901257520E+01  8.50051129154588665E+01  9.91456307809306270E-01  7.49977911929446184E-01  4.42866401856147496E-03  2.66646377644833227E-03  1.06316435890600653E-05
  618.000000  4.12266337453856124E+02  2.45424350659403899E+02  8.25134720206078924E+01  8.26372765373779998E+01  9.60409330499956915E-01  7.23996785927686126E-01  4.26444901542564862E-03  2.55749423182410245E-03  1.01767914904459908E-05
  620.000000  4.04971098859952178E+02  2.42521920130122453E+02  8.04601859852476053E+01  8.03528200688301695E+01  9.30516496412546745E-01  6.99085602431675501E-01  4.10720752596160921E-03  2.45362569629050276E-03  9.74368540239201084E-06
  622.000000  3.97882635975350638E+02  2.39680019873329456E+02  7.84712021953227605E+01  7.81481726180083314E+01  9.01727745983958107E-01  6.75193019779647741E-01  3.95660397282706060E-03  2.35458778183263292E-03  9.33117175652358595E-06
  624.000000  3.90993182637743871E+02  2.36896825486347097E+02  7.65440662900472262E+01  7.60199434436602672E+01  8.73995516918172122E-01  6.52270515536170103E-01  3.81232091783181067E-03  2.26012615259024588E-03  8.93816448571715067E-06
  626.000000  3.84295330318332276E+02  2.34170584135493300E+02  7.46764352004985170E+01  7.39649115440884088E+01  8.47274602797870258E-01  6.30272212374656471E-01  3.67405796951943402E-03  2.17000146929288446E-03  8.56364069025592725E-06
  628.000000  3.77782008873768291E+02  2.31499611202778851E+02  7.28660712901744176E+01  7.19800159184753312E+01  8.21522020674909204E-01  6.09154715854925533E-01  3.54153076351649979E-03  2.08398840971093548E-03  8.20663660780813279E-06
  630.000000  3.71446468467656985E+02  2.28882287107168850E+02  7.11108368461713951E+01  7.00623464531043112E+01  7.96696886987793729E-01  5.88876963211353521E-01  3.41447001020123283E-03  2.00187475919677647E-03  7.86624386381405768E-06
  632.000000  3.65282262584563512E+02  2.26317054291347858E+02  6.94086888982245824E+01  6.82091353886265921E+01  7.72760301249760251E-01  5.69400082337856883E-01  3.29262060498870497E-03  1.92346056588624335E-03  7.54160598149473535E-06
  634.000000  3.59283232062800153E+02  2.23802414364634615E+02  6.77576743431262543E+01  6.64177493278058648E+01  7.49675236946160783E-01  5.50687260220025121E-01  3.17574079654437845E-03  1.84855735557795772E-03  7.23191513154404174E-06
  636.000000  3.53443490079648313E+02  2.21336925394000673E+02  6.61559253549226156E+01  6.46856817462170710E+01  7.27406439164002494E-01  5.32703620124197141E-01  3.06360140892842411E-03  1.77698740172172712E-03  6.93640910398871686E-06
  638.000000  3.47757408025568850E+02  2.18919199334611676E+02  6.46016550618564906E+01  6.30105459711823386E+01  7.05920328482465442E-01  5.15416106907313987E-01  2.95598511376456456E-03  1.70858304632061950E-03  6.65436848552786850E-06
  640.000000  3.42219602210093171E+02  2.16547899593021157E+02  6.30931534728115437E+01  6.13900685967616155E+01  6.85184910707189121E-01  4.98793379860861696E-01  2.85268574893281874E-03  1.64318606789372063E-03  6.38511402732899461E-06
  642.000000  3.36824921344546340E+02  2.14221738714968751E+02  6.16287836371453324E+01  5.98220833050569567E+01  6.65169692049468853E-01  4.82805712548229127E-01  2.75350768050948219E-03  1.58064709296038973E-03  6.12800418924209163E-06
  644.000000  3.31568434751968653E+02  2.11939476191563017E+02  6.02069780229598308E+01  5.83045250662318679E+01  6.45845599391981495E-01  4.67424899136327066E-01  2.65826520498368361E-03  1.52082504779229829E-03  5.88243284774877462E-06
  646.000000  3.26445421256847283E+02  2.09699916376841429E+02  5.88262350998009538E+01  5.68354246916840751E+01  6.27184905296598538E-01  4.52624166760734192E-01  2.56678198889815148E-03  1.46358664744006511E-03  5.64782715562126128E-06
  648.000000  3.21451358712087654E+02  2.07501906511261950E+02  5.74851161130887434E+01  5.54129037166784570E+01  6.09161157451249879E-01  4.38378093499052268E-01  2.47889054343555923E-03  1.40880591928197645E-03  5.42364554261129211E-06
  650.000000  3.16581914121565546E+02  2.05344334844524383E+02  5.61822420378970833E+01  5.40351695904661540E+01  5.91749112252644482E-01  4.24662531559380996E-01  2.39443173146126724E-03  1.35636375855940666E-03  5.20937584684983270E-06
  652.000000  3.11832934321663174E+02  2.03226128852961665E+02  5.49162907012691619E+01  5.27005111534917461E+01  5.74924672267882686E-01  4.11454535320652237E-01  2.31325430492059381E-03  1.30614751356507015E-03  5.00453356795341055E-06
  654.000000  3.07200437185944338E+02  2.01146253545861555E+02  5.36859940623679535E+01  5.14072943827803144E+01  5.58664827316449841E-01  3.98732293888979517E-01  2.23521447047656365E-03  1.25805059833291851E-03  4.80866023301851473E-06
  656.000000  3.02680603320732985E+02  1.99103709856200567E+02  5.24901356408807374E+01  5.01539583879139741E+01  5.42947598944338639E-01  3.86475067859140764E-01  2.16017548153051367E-03  1.21197213084650655E-03  4.62132186775540170E-06
  658.000000  2.98269768220922572E+02  1.97097533110964605E+02  5.13275480846322978E+01  4.89390116413021161E+01  5.27751988072324263E-01  3.74663129993782540E-01  2.08800725486980865E-03  1.16781659493753469E-03  4.44210756534710184E-06
  660.000000  2.93964414857444979E+02  1.95126791576758251E+02  5.01971108677991680E+01  4.77610284275552388E+01  5.13057925615889476E-01  3.63277709553828709E-01  2.01858601029004676E-03  1.12549352418603765E-03  4.27062814625374784E-06
  662.000000  2.89761166670283671E+02  1.93190585076685238E+02  4.90977481121299775E+01  4.66186454978879610E+01  4.98846225894058359E-01  3.52300940033620169E-01  1.95179393171600215E-03  1.08491720626509324E-03  4.10651490278307734E-06
  664.000000  2.85656780942098351E+02  1.91288043674671144E+02  4.80284265236027395E+01  4.55105589164293960E+01  4.85098542649852971E-01  3.41715810072068304E-01  1.88751884840697632E-03  1.04600640629058379E-03  3.94941842257017171E-06
  666.000000  2.81648142529259417E+02  1.89418326423434564E+02  4.69881534376852272E+01  4.44355210862424670E+01  4.71797327519102971E-01  3.31506117327833194E-01  1.82565393491859913E-03  1.00868410784604734E-03  3.79900748552171841E-06
  668.000000  2.77732257929105174E+02  1.87580620172873751E+02  4.59759749669286890E+01  4.33923379437119081E+01  4.58925790801565092E-01  3.21656425122043232E-01  1.76609742866338897E-03  9.72877270453924910E-04  3.65496802945538282E-06
  670.000000  2.73906249662828202E+02  1.85774138435493342E+02  4.49909742446021497E+01  4.23798663107140214E+01  4.46467864384451019E-01  3.12152021665918267E-01  1.70875236387357690E-03  9.38516602355236244E-04  3.51700217953758886E-06
  672.000000  2.70167350955720792E+02  1.83998120305886232E+02  4.40322697591895249E+01  4.13970113947462082E+01  4.34408166698819043E-01  3.02978881704150105E-01  1.65352632099660907E-03  9.05536347546511832E-04  3.38482733751146489E-06
  674.000000  2.66512900696701877E+02  1.82251829431404758E+02  4.30990137740397046E+01  4.04427244278154419E+01  4.22731969573573285E-01  2.94123630416451898E-01  1.60033119047544442E-03  8.73874086098909973E-04  3.25817532654107370E-06
  676.000000  2.62940338661132728E+02  1.80534553031284986E+02  4.21903908276887094E+01  3.95160004355544245E+01  4.11425166884852034E-01  2.85573509431314376E-01  1.54908295007389891E-03  8.43470546858140612E-04  3.13679158813812329E-06
  678.000000  2.59447200981147432E+02  1.78845600961698437E+02  4.13056163098561129E+01  3.86158761285745769E+01  4.00474244881493247E-01  2.77316344815884019E-01  1.49970145483289139E-03  8.14269431688477993E-04  3.02043442760763345E-06
  680.000000  2.56031115849432922E+02  1.77184304824258106E+02  4.04439351091742125E+01  3.77414279086233435E+01  3.89866254097806120E-01  2.69340516915722916E-01  1.45211023893485102E-03  7.86217250486500436E-04  2.90887430495389057E-06
  682.000000  2.52689799442811449E+02  1.75550017115839182E+02  3.96046203283161944E+01  3.68917699825899490E+01  3.79588782751273612E-01  2.61634931926713554E-01  1.40623632868227925E-03  7.59263166245132499E-04  2.80189316819825527E-06
  684.000000  2.49421052053110230E+02  1.73942110417364120E+02  3.87869720630262549E+01  3.60660525778844772E+01  3.69629931546269497E-01  2.54188995089790426E-01  1.36201006596750065E-03  7.33358849501773756E-04  2.69928382644738218E-06
  686.000000  2.46222754413341363E+02  1.72359976619748068E+02  3.79903162411433399E+01  3.52634602531189287E+01  3.59978289792129369E-01  2.46992585406413778E-01  1.31936494152344185E-03  7.08458341550650635E-04  2.60084936005984378E-06
  688.000000  2.43092864208380917E+02  1.70803026184931468E+02  3.72140035186962521E+01  3.44832102984379318E+01  3.50622912769489870E-01  2.40036031779955111E-01  1.27823743742926099E-03  6.84517925845140509E-04  2.50640256561811227E-06
  690.000000  2.40029412759497092E+02  1.69270687440326128E+02  3.64574082295638249E+01  3.37245512201982010E+01  3.41553300263783333E-01  2.33310090494379896E-01  1.23856687825037669E-03  6.61496007055365647E-04  2.41576543341586151E-06
  692.000000  2.37030501873130504E+02  1.67762405904756861E+02  3.57199273861062707E+01  3.29867613050555661E+01  3.32759376207669266E-01  2.26805923947834304E-01  1.20029529034709130E-03  6.39352997285116834E-04  2.32876865547772357E-06
  694.000000  2.34094300844844952E+02  1.66277643644674754E+02  3.50009797277020738E+01  3.22691472588142432E+01  3.24231469360875491E-01  2.20515080564007954E-01  1.16336726882063221E-03  6.18051208985887402E-04  2.24525116210134622E-06
  696.000000  2.31219043609687674E+02  1.64815878658702331E+02  3.43000048148231187E+01  3.15710429157117893E+01  3.15960294975360712E-01  2.14429475809554182E-01  1.12772985166623824E-03  5.97554754138921915E-04  2.16505968519731760E-06
  698.000000  2.28403026030979248E+02  1.63376604289284387E+02  3.36164621660759693E+01  3.08918080140841944E+01  3.07936937385823783E-01  2.08541374250515971E-01  1.09333240070070984E-03  5.77829449305616990E-04  2.08804834671632686E-06
  700.000000  2.25644603320172223E+02  1.61959328660177562E+02  3.29498304360447491E+01  3.02308270345931049E+01  3.00152833478411873E-01  2.02843372585049031E-01  1.06012648887364967E-03  5.58842726173941116E-04  2.01407827065346270E-06
  702.000000  2.22942187580260850E+02  1.60563574138273907E+02  3.22996066315835506E+01  2.95875080974693212E+01  2.92599756982000359E-01  1.97328383594021162E-01  1.02806579356285550E-03  5.40563547254445192E-04  1.94301721708462871E-06
  704.000000  2.20294245466528452E+02  1.59188876818778908E+02  3.16653053647705285E+01  2.89612819154185779E+01  2.85269803544504208E-01  1.91989620954754830E-01  9.97105995547866017E-04  5.22962326402960946E-04  1.87473923698858131E-06
  706.000000  2.17699295957907481E+02  1.57834786032375632E+02  3.10464581403930531E+01  2.83516007990660803E+01  2.78155376544388822E-01  1.86820584866804640E-01  9.67204683288768927E-04  5.06010853868837170E-04  1.80912434649160096E-06
  708.000000  2.15155908233358787E+02  1.56500863873468234E+02  3.04426126763048686E+01  2.77579377119964334E+01  2.71249173601286531E-01  1.81815048441938576E-01  9.38321262244213206E-04  4.89682225588189803E-04  1.74605821942774301E-06
  710.000000  2.12662699647608662E+02  1.55186684748458788E+02  2.98533322548843714E+01  2.71797853726296381E+01  2.64544173745059341E-01  1.76967044813538699E-01  9.10416868903904494E-04  4.73950776460010275E-04  1.68543189702489109E-06
  712.000000  2.10218333800916184E+02  1.53891834942903984E+02  2.92781951040776320E+01  2.66166554003514193E+01  2.58033625211407658E-01  1.72270854923603556E-01  8.83454289303725604E-04  4.58792017361145475E-04  1.62714151377676667E-06
  714.000000  2.07821518698124351E+02  1.52615912207012229E+02  2.87167938063401209E+01  2.60680775034549583E+01  2.51711033823596608E-01  1.67720995948006185E-01  8.57397881729856206E-04  4.44182575671518102E-04  1.57108803844091950E-06
  716.000000  2.05471004992059136E+02  1.51358525358089992E+02  2.81687347342707390E+01  2.55335987066187080E+01  2.45570151936810394E-01  1.63312210323363738E-01  8.32213503412079217E-04  4.30100139096902011E-04  1.51717702930849645E-06
  718.000000  2.03165584307440497E+02  1.50119293899733407E+02  2.76336375115253432E+01  2.50127826157668984E+01  2.39604967911888095E-01  1.59039455341010300E-01  8.07868440967814236E-04  4.16523402589944586E-04  1.46531840293371684E-06
  720.000000  2.00904087640367123E+02  1.48897847656359545E+02  2.71111344975580160E+01  2.45052087182995670E+01  2.33809696085403196E-01  1.54897893275796311E-01  7.84331344364963068E-04  4.03432018183313480E-04  1.41542621539914516E-06
  722.000000  1.98685383830375343E+02  1.47693826422873258E+02  2.66008702953456222E+01  2.40104717167855952E+01  2.28178767221165590E-01  1.50882882019444137E-01  7.61572164262104209E-04  3.90806547561183188E-04  1.36741845554751464E-06
  724.000000  1.96508378100652038E+02  1.46506879628408342E+02  2.61025012805834464E+01  2.35281808943379822E+01  2.22706819405712797E-01  1.46989966190014976E-01  7.39562092478510558E-04  3.78628417206043958E-04  1.32121684933775140E-06
  726.000000  1.94372010663427119E+02  1.45336666013644958E+02  2.56156951515995210E+01  2.30579595099892103E+01  2.17388689374454130E-01  1.43214868690870745E-01  7.18273505467769053E-04  3.66879875968809284E-04  1.27674667476496742E-06
  728.000000  1.92275255387106199E+02  1.44182853321101788E+02  2.51401304987877907E+01  2.25994442224802299E+01  2.12219404240208714E-01  1.39553482694046105E-01  6.97679910606066557E-04  3.55543954919498775E-04  1.23393658667431880E-06
  730.000000  1.90217118521975863E+02  1.43045117997679426E+02  2.46754963926482240E+01  2.21522845409752307E+01  2.07194173605514148E-01  1.36001864024549668E-01  6.77755895153568612E-04  3.44604429345177286E-04  1.19271845095265885E-06
  732.000000  1.88196637481719364E+02  1.41923144908967515E+02  2.42214919896039369E+01  2.17161423012966353E+01  2.02308382040071150E-01  1.32556223923501804E-01  6.58477077738004054E-04  3.34045782770047827E-04  1.15302718750819675E-06
  734.000000  1.86212879677915282E+02  1.40816627064875888E+02  2.37778261545814757E+01  2.12906911663516318E+01  1.97557581901270041E-01  1.29212922169308381E-01  6.39820062221484621E-04  3.23853172880517388E-04  1.11480062154896071E-06
  736.000000  1.84264941404847690E+02  1.39725265355797546E+02  2.33442170997421883E+01  2.08756161495128509E+01  1.92937486485207921E-01  1.25968460537440791E-01  6.21762393837895009E-04  3.14012399245691481E-04  1.07797934271376197E-06
  738.000000  1.82351946772322350E+02  1.38648768299186713E+02  2.29203920384111974E+01  2.04706131597610081E+01  1.88443963486332300E-01  1.22819476580347142E-01  6.04282517458956691E-04  3.04509872729995972E-04  1.04250657157527618E-06
  740.000000  1.80473046684102258E+02  1.37586851795822554E+02  2.25060868536679486E+01  2.00753885674927943E+01  1.84073028756182921E-01  1.19762737710343875E-01  5.87359737896588747E-04  2.95332586501700705E-04  1.00832803312631346E-06
  742.000000  1.78627417859650336E+02  1.36539238895420567E+02  2.21010457807224157E+01  1.96896587899358622E+01  1.79820840339857096E-01  1.16795135569141173E-01  5.70974182115481792E-04  2.86468088546506779E-04  9.75391836834068728E-07
  744.000000  1.76814261897140142E+02  1.35505659571131218E+02  2.17050211025057465E+01  1.93131498951868750E+01  1.75683692780300105E-01  1.13913680668757400E-01  5.55106763262831391E-04  2.77904455601278480E-04  9.43648362889436843E-07
  746.000000  1.75032804376007647E+02  1.34485850502681956E+02  2.13177728579587331E+01  1.89455972239345378E+01  1.71658011678015032E-01  1.11115497289394585E-01  5.39739146429645228E-04  2.69630268428093099E-04  9.13050154362257690E-07
  748.000000  1.73282293996779146E+02  1.33479554867570528E+02  2.09390685622523804E+01  1.85867450279890178E+01  1.67740348490293595E-01  1.08397818620712419E-01  5.24853716035498835E-04  2.61634588353582009E-04  8.83551814852900566E-07
  750.000000  1.71562001756634061E+02  1.32486522140088596E+02  2.05686829384829117E+01  1.82363461247791818E+01  1.63927375560017741E-01  1.05757982133694653E-01  5.10433544763435991E-04  2.53906935003134031E-04  8.55109911393563092E-07
  752.000000  1.69871220159135675E+02  1.31506507897888241E+02  2.02063976603673936E+01  1.78941615670324019E+01  1.60215881364548340E-01  1.03193425171077796E-01  4.96462363969485442E-04  2.46437265163812686E-04  8.27682882303156992E-07
  754.000000  1.68209262456109087E+02  1.30539273635532709E+02  1.98520011052534251E+01  1.75599603268894953E+01  1.56602765969347441E-01  1.00701680744943109E-01  4.82924535469543407E-04  2.39215952713626718E-04  8.01230949683830964E-07
  756.000000  1.66575461920755629E+02  1.29584586585068564E+02  1.95052881172125581E+01  1.72335189937511615E+01  1.53085036682279491E-01  9.82803735307848786E-02  4.69805024662471344E-04  2.32233769558806013E-04  7.75716036370210130E-07
  758.000000  1.64969171150110583E+02  1.28642219543039573E+02  1.91660597795955070E+01  1.69146214851888921E+01  1.49659803894600707E-01  9.59272160479230362E-02  4.57089374902072589E-04  2.25481867523938569E-04  7.51101687039256987E-07
  760.000000  1.63389761395562800E+02  1.27711950703733692E+02  1.88341231966272389E+01  1.66030587702868182E+01  1.46324277101146927E-01  9.36400050167042336E-02  4.44763683053373828E-04  2.18951761143128964E-04  7.27352993275052313E-07
  762.000000  1.61836621920468986E+02  1.26793563498584376E+02  1.85092912837651795E+01  1.62986286048200597E+01  1.43075761091849163E-01  9.14166178835008753E-02  4.32814576187824890E-04  2.12635311303549371E-04  7.04436522369722162E-07
  764.000000  1.60309159383205980E+02  1.25886846441203602E+02  1.81913825662710131E+01  1.60011352777013833E+01  1.39911652305662743E-01  8.92550095049853276E-02  4.21229189346097356E-04  2.06524709695387720E-04  6.82320249666113580E-07
  766.000000  1.58806797244696156E+02  1.24991592977918458E+02  1.78802209857125547E+01  1.57103893681611382E+01  1.36829435338548161E-01  8.71532089836363766E-02  4.09995144317330514E-04  2.00612464024982389E-04  6.60973494243961997E-07
  768.000000  1.57328975199531357E+02  1.24107601343728447E+02  1.75756357141213293E+01  1.54262075131529013E+01  1.33826679601585452E-01  8.51093166469059220E-02  3.99100529399973726E-04  1.94891383950523191E-04  6.40366857793417022E-07
  770.000000  1.55875148629140597E+02  1.23234674423174965E+02  1.72774609752634483E+01  1.51484121845023676E+01  1.30901036117060027E-01  8.31215011628312628E-02  3.88533880068336825E-04  1.89354567701776190E-04  6.20472166467306666E-07
  772.000000  1.54444788076501368E+02  1.22372619616190036E+02  1.69855358729192112E+01  1.48768314753442841E+01  1.28050234450240830E-01  8.11879967853348511E-02  3.78284160518749496E-04  1.83995389347783780E-04  6.01262415589472460E-07
  774.000000  1.53037378741180675E+02  1.21521248708558346E+02  1.66997042257707839E+01  1.46112988954144054E+01  1.25272079769891354E-01  7.93071007227881541E-02  3.68340746055948289E-04  1.78807486678470078E-04  5.82711717067461187E-07
  776.000000  1.51652419993868904E+02  1.20680377746863996E+02  1.64198144086143287E+01  1.43516531747862803E+01  1.22564450029336205E-01  7.74771706237543795E-02  3.58693406255852624E-04  1.73784749667841031E-04  5.64795249336598399E-07
  778.000000  1.50289424909570215E+02  1.19849826917729615E+02  1.61457191996498608E+01  1.40977380756629813E+01  1.19925293265969055E-01  7.56966221741885992E-02  3.49332288896324556E-04  1.68921309488632954E-04  5.47489209744471210E-07
  780.000000  1.48947919818573695E+02  1.19029420431166500E+02  1.58772756335394494E+01  1.38494022118537963E+01  1.17352625009906120E-01  7.39639268006265227E-02  3.40247904591159964E-04  1.64211528049598341E-04  5.30770769218476708E-07
  782.000000  1.47627443874605774E+02  1.18218986407943476E+02  1.56143448600820030E+01  1.36064988755870218E+01  1.14844525800871428E-01  7.22776094742516861E-02  3.31431112112224105E-04  1.59649988028545009E-04  5.14618029108421047E-07
  784.000000  1.46327548639169891E+02  1.17418356770677292E+02  1.53567920081554341E+01  1.33688858713233678E+01  1.12399138805149262E-01  7.06362466109374948E-02  3.22873104359223625E-04  1.55231483375553646E-04  4.99009980100950975E-07
  786.000000  1.45047797681647296E+02  1.16627367138664340E+02  1.51044860548028925E+01  1.31364253562551507E+01  1.10014667530584018E-01  6.90384640626639512E-02  3.14565394945421468E-04  1.50951010262284971E-04  4.83926463083068416E-07
  788.000000  1.43787766194192386E+02  1.15845856726101943E+02  1.48572996991594550E+01  1.29089836871903714E+01  1.07689373632740892E-01  6.74829351959268797E-02  3.06499805373160151E-04  1.46803758454647703E-04  4.69348131866663572E-07
  790.000000  1.42547040621137256E+02  1.15073668243843258E+02  1.46151092410838963E+01  1.26864312735342661E+01  1.05421574810570878E-01  6.59683790529902031E-02  2.98668452766629724E-04  1.42785103087264022E-04  4.55256417676505033E-07
  792.000000  1.41325218301967880E+02  1.14310647804255723E+02  1.43777944642653228E+01  1.24686424361002057E+01  1.03209642786143377E-01  6.44935585920676513E-02  2.91063738140683926E-04  1.38890596819486647E-04  4.41633495304124523E-07
  794.000000  1.40121907127504613E+02  1.13556644829258516E+02  1.41452385236302902E+01  1.22554952714884262E+01  1.01052001364916821E-01  6.30572790026862895E-02  2.83678335174638251E-04  1.35115962353682091E-04  4.28462250860705934E-07
  796.000000  1.38936725208716837E+02  1.12811511961377846E+02  1.39173278368924613E+01  1.20468715217889919E+01  9.89471245737949673E-02  6.16583860927164551E-02  2.76505179475532170E-04  1.31457085297679834E-04  4.15726251029466725E-07
  798.000000  1.37769300557516914E+02  1.12075104977633259E+02  1.36939519800165197E+01  1.18426564493754523E+01  9.68935348725974421E-02  6.02957647437060290E-02  2.69537458297529461E-04  1.27910007354148229E-04  4.03409713760084964E-07
  800.000000  1.36619270779178180E+02  1.11347282706244641E+02  1.34750035864845863E+01  1.16427387165640486E+01  9.48898014355775837E-02  5.89683374313251726E-02  2.62768600702182090E-04  1.24470919820637550E-04  3.91497480304616443E-07
  802.000000  1.35486282775874713E+02  1.10627906945986581E+02  1.32603782502457097E+01  1.14470102699317824E+01  9.29345385021961568E-02  5.76750628079366820E-02  2.56192268143984965E-04  1.21136157384994469E-04  3.79974988575558433E-07
  804.000000  1.34369992460788836E+02  1.09916842388131954E+02  1.30499744320683959E+01  1.12553662290883079E+01  9.10264037898953077E-02  5.64149343443846457E-02  2.49802345445843132E-04  1.17902192201454361E-04  3.68828247702337004E-07
  806.000000  1.33270064482529136E+02  1.09213956540858703E+02  1.28436933693550888E+01  1.10677047797109633E+01  8.91640969718212606E-02  5.51869790283130227E-02  2.43592932168944270E-04  1.14765628233761674E-04  3.58043813782862164E-07
  808.000000  1.32186171959188840E+02  1.08519119656018233E+02  1.26414389890450156E+01  1.08839270706597393E+01  8.73463582104791192E-02  5.39902561163949427E-02  2.37558334333138260E-04  1.11723195852122051E-04  3.47608766719720981E-07
  810.000000  1.31117996221972305E+02  1.07832204658247008E+02  1.24431178237218507E+01  1.07039371150006826E+01  8.55719667508489101E-02  5.28238559380565520E-02  2.31693056497742159E-04  1.08771746671782190E-04  3.37510688137879616E-07
  812.000000  1.30065226567765308E+02  1.07153087076277586E+02  1.22486389306247432E+01  1.05276416947681106E+01  8.38397395661263645E-02  5.16868987483209349E-02  2.25991794165241583E-04  1.05908248621367420E-04  3.27737640286457765E-07
  814.000000  1.29027560020270641E+02  1.06481644976308303E+02  1.20579138134834452E+01  1.03549502693103506E+01  8.21485300550736375E-02  5.05785336275746331E-02  2.20449426503034390E-04  1.03129781229969518E-04  3.18278145902931784E-07
  816.000000  1.28004701099691175E+02  1.05817758897572503E+02  1.18708563471714630E+01  1.01857748870682396E+01  8.04972267911520933E-02  4.94979374261540553E-02  2.15061009372086908E-04  1.00433531122454359E-04  3.09121168989908618E-07
  818.000000  1.26996361600138044E+02  1.05161311789711192E+02  1.16873827049046746E+01  1.00200301006411649E+01  7.88847523168548226E-02  4.84443137517207301E-02  2.09821768638718926E-04  9.78167877129706704E-05  3.00256096449597772E-07
  820.000000  1.26002260374911984E+02  1.04512188952192730E+02  1.15074112880250485E+01  9.85763288500540469E+00  7.73100619856753463E-02  4.74168919975444733E-02  2.04727093767490930E-04  9.52769390872558344E-05  2.91672720551156170E-07
  822.000000  1.25022123129055700E+02  1.03870277975522356E+02  1.13308626581629568E+01  9.69850255875334710E+00  7.57721428462398428E-02  4.64149264098575459E-02  1.99772531668683713E-04  9.28114680646863102E-05  2.83361222163794523E-07
  824.000000  1.24055682218999664E+02  1.03235468684204477E+02  1.11576594717636475E+01  9.54256070822784253E+00  7.42700125697479535E-02  4.54376951925672193E-02  1.94953780809593944E-04  9.04179484316734603E-05  2.75312154758880720E-07
  826.000000  1.23102676459065805E+02  1.02607653081447154E+02  1.09877264168753008E+01  9.38973111443558217E+00  7.28027184167658187E-02  4.44844996476780469E-02  1.90266685556897408E-04  8.80940413382219221E-05  2.67516429103354662E-07
  828.000000  1.22162850934470157E+02  1.01986725295528117E+02  1.08209901520392542E+01  9.23993968262222509E+00  7.13693362428021588E-02  4.35546633498530705E-02  1.85707230751352992E-04  8.58374918500277590E-05  2.59965298638868308E-07
  830.000000  1.21235956820604358E+02  1.01372581527680495E+02  1.06573792473119688E+01  9.09311437440463166E+00  6.99689695411275375E-02  4.26475313536394673E-02  1.81271536504922729E-04  8.36461256488677668E-05  2.52650345505123555E-07
  832.000000  1.20321751208457272E+02  1.00765120001640184E+02  1.04968241272493632E+01  8.94918514235260076E+00  6.86007485206518441E-02  4.17624694319163048E-02  1.76955853204710159E-04  8.15178458743003308E-05  2.45563467171629746E-07
  834.000000  1.19419996935754000E+02  1.00164240914560423E+02  1.03392570158227404E+01  8.80808386692507739E+00  6.72638292178341923E-02  4.08988633442352034E-02  1.72756556718501442E-04  7.94506301001789356E-05  2.38696863662821588E-07
  836.000000  1.18530462423778218E+02  9.95698463894372594E+01  1.01846118831883068E+01  8.66974429566283611E+00  6.59573926418102058E-02  4.00561181337505054E-02  1.68670143794385412E-04  7.74425274397064206E-05  2.32043025332415956E-07
  838.000000  1.17652921519518230E+02  9.89818404288629949E+01  1.00328243942242636E+01  8.53410198455152269E+00  6.46806439497904229E-02  3.92336574515236430E-02  1.64693227640303922E-04  7.54916557731282769E-05  2.25594721171950411E-07
  840.000000  1.16787153343086217E+02  9.84001288701828116E+01  9.88383185880182857E+00  8.40109424146288575E+00  6.34328116539258219E-02  3.84309229070173494E-02  1.60822533684998591E-04  7.35961990924239619E-05  2.19344987633945969E-07
  842.000000  1.15932942140051608E+02  9.78246193418846701E+01  9.73757318368291713E+00  8.27066007159704597E+00  6.22131468557200057E-02  3.76473734436742549E-02  1.57054895501447197E-04  7.17544049576361137E-05  2.13287117923814654E-07
  844.000000  1.15090077138598588E+02  9.72552212212419249E+01  9.59398882601643166E+00  8.14274012484524690E+00  6.10209225088621660E-02  3.68824847385208904E-02  1.53387250895639443E-04  6.99645820597948899E-05  2.07414651765298807E-07
  846.000000  1.14258352411369117E+02  9.66918455932313350E+01  9.45302074835180406E+00  8.01727664499536274E+00  5.98554327084668131E-02  3.61357486247652973E-02  1.49816638146565962E-04  6.82250978855350367E-05  2.01721365595412398E-07
  848.000000  1.13437566741683284E+02  9.61344052105068272E+01  9.31461237515262042E+00  7.89421342071154708E+00  5.87159920057186077E-02  3.54066725364385881E-02  1.46340192394766363E-04  6.65343764788664435E-05  1.96201263189139703E-07
  850.000000  1.12627523494148974E+02  9.55828144546021008E+01  9.17870855072214198E+00  7.77349573821565620E+00  5.76019347478816668E-02  3.46947789741471474E-02  1.42955142175213906E-04  6.48908962956954425E-05  1.90848566674584773E-07
  852.000000  1.11828030489324732E+02  9.50369892981783551E+01  9.04525549845553556E+00  7.65507033560748607E+00  5.65126144403584121E-02  3.39996049910561912E-02  1.39658806079143589E-04  6.32931881469236648E-05  1.85657707935633920E-07
  854.000000  1.11038899882401878E+02  9.44968472682960510E+01  8.91420078147054795E+00  7.53888535875795540E+00  5.54474031329467293E-02  3.33207016982668552E-02  1.36448589550821199E-04  6.17398332261881189E-05  1.80623320376368699E-07
  856.000000  1.10259948045750292E+02  9.39623074107824436E+01  8.78549326445330792E+00  7.42489031871574934E+00  5.44056908267661066E-02  3.26576337887770560E-02  1.33321981805459327E-04  6.02294612184506948E-05  1.75740231034309653E-07
  858.000000  1.09490995455140890E+02  9.34332902554984344E+01  8.65908307678604672E+00  7.31303605056954531E+00  5.33868849027903034E-02  3.20099790792669273E-02  1.30276552869090703E-04  5.87607484858680996E-05  1.71003453026479006E-07
  860.000000  1.08731866579604244E+02  9.29097177826627103E+01  8.53492157681593788E+00  7.20327467371092567E+00  5.23904095704691777E-02  3.13773280689769035E-02  1.27309950729706886E-04  5.73324163275096570E-05  1.66408178313600900E-07
  862.000000  1.07982389774593472E+02  9.23915133899688499E+01  8.41296131725428609E+00  7.09555955344273492E+00  5.14157053349454871E-02  3.07592835149671853E-02  1.24419898597623492E-04  5.59432293096589987E-05  1.61949770760310541E-07
  864.000000  1.07242397178631805E+02  9.18786018607200390E+01  8.29315601171123085E+00  6.98984526388399807E+00  5.04622284837412949E-02  3.01554600231053738E-02  1.21604192272052050E-04  5.45919936636272437E-05  1.57623759493459592E-07
  866.000000  1.06511724613059314E+02  9.13709093327721575E+01  8.17546050224195220E+00  6.88608755212114598E+00  4.95294505907333399E-02  2.95654836541330880E-02  1.18860697606572129E-04  5.32775557480982012E-05  1.53425832531773094E-07
  868.000000  1.05790211484943953E+02  9.08683632683092810E+01  8.05983072799100952E+00  6.78424330356082894E+00  4.86168580381508425E-02  2.89889915442140683E-02  1.16187348074445220E-04  5.19988005732270679E-05  1.49351830683807467E-07
  870.000000  1.05077700692834441E+02  9.03708924244120340E+01  7.94622369470274226E+00  6.68427050843627324E+00  4.77239515534867015E-02  2.84256315393578880E-02  1.13582142417921990E-04  5.07546503837368523E-05  1.45397741687816564E-07
  872.000000  1.04374038535662137E+02  8.98784268245179305E+01  7.83459744534323121E+00  6.58612822942754761E+00  4.68502457648415083E-02  2.78750618431931989E-02  1.11043142398617204E-04  4.95440632985741716E-05  1.41559694611275944E-07
  874.000000  1.03679074624046379E+02  8.93908977304749897E+01  7.72491103143785107E+00  6.48977657035104638E+00  4.59952687683903988E-02  2.73369506775179884E-02  1.08568470617198513E-04  4.83660320045325122E-05  1.37833954456640895E-07
  876.000000  1.02992661794671278E+02  8.89082376154996155E+01  7.61712448551194399E+00  6.39517664588285584E+00  4.51585617138585069E-02  2.68109759551623562E-02  1.06156308430840348E-04  4.72195825016981992E-05  1.34216917013338737E-07
  878.000000  1.02314656026959227E+02  8.84303801377294576E+01  7.51119879421794412E+00  6.30229055227366874E+00  4.43396784015762865E-02  2.62968249646314475E-02  1.03804893934494229E-04  4.61037728983259090E-05  1.30705103897400208E-07
  880.000000  1.01644916362434685E+02  8.79572601145080171E+01  7.40709587237248535E+00  6.21108133902251680E+00  4.35381848949404279E-02  2.57941940660981854E-02  1.01512583234170662E-04  4.50176922531784452E-05  1.27295157810042691E-07
  882.000000  1.00983304826209988E+02  8.74888134973886622E+01  7.30477853776986485E+00  6.12151298147161249E+00  4.27536591448834657E-02  2.53027883982708361E-02  9.92775934100012232E-05  4.39604594631976174E-05  1.23983837977086093E-07
  884.000000  1.00329686351343412E+02  8.70249773476883206E+01  7.20421048676358211E+00  6.03355035429070874E+00  4.19856906277542366E-02  2.48223215957290959E-02  9.70983870817712289E-05  4.29312221946738873E-05  1.20768015780807294E-07
  886.000000  9.96839287049090785E+01  8.65656898127630825E+01  7.10535627060522490E+00  5.94715920581828961E+00  4.12338799949921175E-02  2.43525155163075990E-02  9.49734106338483494E-05  4.19291558560101025E-05  1.17644670563774197E-07
  888.000000  9.90459024165020310E+01  8.61108901028616174E+01  7.00818127246850686E+00  5.86230613322754301E+00  4.04978387345206123E-02  2.38930999781353862E-02  9.29011581947026822E-05  4.09534626103600591E-05  1.14610885600657717E-07
  890.000000  9.84154807087988956E+01  8.56605184685427616E+01  6.91265168521216555E+00  5.77895855848992479E+00  3.97771888437918678E-02  2.34438125059661280E-02  9.08801700321091986E-05  4.00033704264727289E-05  1.11663844235474633E-07
  892.000000  9.77925394301793460E+01  8.52145161787287861E+01  6.81873448978184538E+00  5.69708470510494713E+00  3.90715625133437258E-02  2.30043980864248938E-02  8.89090310056143615E-05  3.90781321661177387E-05  1.08800826170173578E-07
  894.000000  9.71769569892599492E+01  8.47728254992616144E+01  6.72639743426127446E+00  5.61665357557125056E+00  3.83806018209828861E-02  2.25746089318406215E-02  8.69863690764753383E-05  3.81770247065926852E-05  1.06019203901176722E-07
  896.000000  9.65686142914135388E+01  8.43353896720390708E+01  6.63560901359534938E+00  5.53763492957181658E+00  3.77039584365668548E-02  2.21542042523300772E-02  8.51108538722533024E-05  3.72993480968480820E-05  1.03316439301877236E-07
  898.000000  9.59673946769936634E+01  8.39021528946301487E+01  6.54633844983515178E+00  5.45999926284684634E+00  3.70412933355580148E-02  2.17429500358099215E-02  8.32811953011278541E-05  3.64444247458157341E-05  1.00690080333405227E-07
  900.000000  9.53731838614836676E+01  8.34730603004784939E+01  6.45855567303558153E+00  5.38371778673276236E+00  3.63922765225610303E-02  2.13406188356476158E-02  8.14961422174491281E-05  3.56115986416446126E-05  9.81377578898570474E-08
