# Wavelength || Total || n=1 | n=2 | ...
  300.000000  5.40185355184578270E+02  2.26449147951370833E+00  2.98691822973214244E+02  2.04360654313839348E+02  2.33162520325870730E+01  1.08076869041810824E+01  5.70594942916930026E-01  1.66659973349020191E-01  7.19256497674924510E-03
  302.000000  5.60559839279071639E+02 -4.16263244761785245E+00  3.15326359990531785E+02  2.13382373427751276E+02  2.41784356832008989E+01  1.10756681513814019E+01  5.83876524299544730E-01  1.68493007248455562E-01  7.26494227626361521E-03
  304.000000  5.82009294159939714E+02 -1.08199139318953712E+01  3.32880593867183961E+02  2.22737761664144045E+02  2.50855942363856776E+01  1.13494833402178301E+01  5.98057134068154528E-01  1.70369992044616475E-01  7.34785779086380778E-03
  306.000000  6.04615732813897239E+02 -1.77103868413119017E+01  3.51417659878116069E+02  2.32443842436860109E+02  2.60418876863160342E+01  1.16297560626983110E+01  6.13230775860902022E-01  1.72300555888720536E-01  7.44225946908697641E-03
  308.000000  6.28470052942668190E+02 -2.48374387630296951E+01  3.71007584198424752E+02  2.42519344585831988E+02  2.70520364995542693E+01  1.19171768814488512E+01  6.29505024741529695E-01  1.74295269244408302E-01  7.54924645210273103E-03
  310.000000  6.53673379830840190E+02 -3.22047733046879330E+01  3.91728273815639795E+02  2.52984907466058360E+02  2.81214184317616436E+01  1.22125139288899973E+01  6.47003548382645288E-01  1.76365846898366707E-01  7.67009789744014289E-03
  312.000000  6.80338682999255298E+02 -3.98163507703197865E+01  4.13666694046222460E+02  2.63863325742716256E+02  2.92561868761734658E+01  1.25166261712004196E+01  6.65869219547833402E-01  1.78525404856927389E-01  7.80630885766090809E-03
  314.000000  7.08592738169174368E+02 -4.76762994215696381E+01  4.36920279695010947E+02  2.75179844749640893E+02  3.04634165878716630E+01  1.28304801443255734E+01  6.86267988562342390E-01  1.80788790011878336E-01  7.95963532089336359E-03
  316.000000  7.38578528981186082E+02 -5.57887864101498963E+01  4.61598639632596075E+02  2.86962521056965954E+02  3.17512845230866958E+01  1.31551712773560769E+01  7.08393742341721144E-01  1.83173007705302787E-01  8.13215128417184470E-03
  318.000000  7.70458214596182529E+02 -6.41578329239814593E+01  4.87825633136626834E+02  2.99242668300718663E+02  3.31292961530914312E+01  1.34919513667640292E+01  7.32474458108150261E-01  1.85697783026770397E-01  8.32632182796362065E-03
  320.000000  8.04416833689613782E+02 -7.27870513839611704E+01  5.15741921709254825E+02  3.12055416170377953E+02  3.46085712832029131E+01  1.38422644285154455E+01  7.58780076681966786E-01  1.88386307776317763E-01  8.54509776551574257E-03
  322.000000  8.40666978636665704E+02 -8.16792724342358269E+01  5.45508135106532109E+02  3.25440422028994817E+02  3.62022086255841415E+01  1.42077941563341188E+01  7.87632690349283626E-01  1.91266249724663856E-01  8.79221338239494915E-03
  324.000000  8.79454763701909428E+02 -9.08360139555938986E+01  5.77308839232750188E+02  3.39442792064867831E+02  3.79257559134225772E+01  1.45905277571075711E+01  8.19419893120319931E-01  1.94371139509641189E-01  9.07165672527523656E-03
  326.000000  9.21067549049363379E+02 -1.00256719895205606E+02  6.11357562715091262E+02  3.54114295650809368E+02  3.97978234362776888E+01  1.49928433662643119E+01  8.54612525447432159E-01  1.97742312606616899E-01  9.38893807237096804E-03
  328.000000  9.65844078372401214E+02 -1.09937657124080943E+02  6.47903238053811265E+02  3.69514998695401346E+02  4.18408955386937365E+01  1.54176321768637603E+01  8.93788644692543488E-01  2.01431686027241930E-01  9.75070099220215307E-03
  330.000000  1.01418800548877300E+03 -1.19870292277776571E+02  6.87238557204969538E+02  3.85715509685849952E+02  4.40824202558580538E+01  1.58684729486070886E+01  9.37666515101413967E-01  2.05505822477639044E-01  1.01653336857698805E-02
  332.000000  1.06658627552925736E+03 -1.30038855310387589E+02  7.29710953880667262E+02  4.02800144761205388E+02  4.65562977918577161E+01  1.63498877564782887E+01  9.87151010812996277E-01  2.10052037074816067E-01  1.06436015484542429E-02
  334.000000  1.12363463805170363E+03 -1.40416586882084630E+02  7.75737243667197163E+02  4.20871510809458982E+02  4.93049547411484070E+01  1.68677276810048902E+01  1.04340059268919516E+00  2.15187848602400811E-01  1.11995936873204791E-02
  336.000000  1.18607395462713430E+03 -1.50959764707533395E+02  8.25823440627270770E+02  4.40057346457264202E+02  5.23823032529825809E+01  1.74297736632299092E+01  1.10792703424575034E+00  2.21076105307023901E-01  1.18521943674936518E-02
  338.000000  1.25484345114078383E+03 -1.61597784639857309E+02  8.80592030264254049E+02  4.60521086817124910E+02  5.58580836131057836E+01  1.80467078149318638E+01  1.18274965969951551E+00  2.27950132385871390E-01  1.26274791393692926E-02
  340.000000  1.33116179571182442E+03 -1.72215789367749494E+02  9.40820191774464320E+02  4.82478815154003655E+02  5.98244614695873409E+01  1.87337511213602639E+01  1.27064532002830610E+00  2.36157398119213796E-01  1.35628420108601447E-02
  342.000000  1.41665638880576626E+03 -1.82622261176699794E+02  1.00749440811412069E+03  5.06227660075477388E+02  6.44064912106585723E+01  1.95135595613399460E+01  1.37557726013582404E+00  2.46239171738302787E-01  1.47145889955252619E-02
  344.000000  1.51358026098015193E+03 -1.92485248295823112E+02  1.08188976098467333E+03  5.32195768496590063E+02  6.97796210979025915E+01  2.04216226966274483E+01  1.50347913611500661E+00  2.59083932379511606E-01  1.61729316869662736E-02
  346.000000  1.62518367521196683E+03 -2.01212256939427789E+02  1.16568432073507347E+03  5.61035780776425327E+02  7.62008764877070774E+01  2.15168751141531125E+01  1.66374652994631744E+00  2.76239325531400681E-01  1.80931825577991812E-02
  348.000000  1.75630203379195723E+03 -2.07791424147639191E+02  1.26111534440969353E+03  5.93814516631490619E+02  8.40676308652128625E+01  2.29030316039923356E+01  1.87157867735142291E+00  3.00617657659239423E-01  2.07380941964819612E-02
  350.000000  1.91414622946146301E+03 -2.10768987015133462E+02  1.37118783670561288E+03  6.32433582477215623E+02  9.40197609065441355E+01  2.47640370792006692E+01  2.14782390376121324E+00  3.37922645113757192E-01  2.42527591478111267E-02
  352.000000  2.10938474546663520E+03 -2.08508428560779066E+02  1.50001597205819326E+03  6.80619720683966989E+02  1.06954400187350672E+02  2.73639046069837093E+01  2.51835043356533017E+00  3.92208032507432747E-01  2.86180248469333730E-02
  354.000000  2.35639940882538440E+03 -2.01458226538949020E+02  1.65341818039314285E+03  7.46205758683370959E+02  1.23729427034567436E+02  3.10036838385907991E+01  3.01128222487150943E+00  4.54800914080280283E-01  3.45022757093406060E-02
  356.000000  2.68520348247874063E+03 -1.85817301449849765E+02  1.84064750081562397E+03  8.42454141729539515E+02  1.46770918138087751E+02  3.68265785163404686E+01  3.72533473287423034E+00  5.52772759747356623E-01  4.35372363771285645E-02
  358.000000  3.11097034698712150E+03 -1.60636368604309610E+02  2.07615624387476237E+03  9.66415772507788006E+02  1.78331671720209897E+02  4.52005796681103860E+01  4.73153206564507833E+00  7.14373668763927716E-01  5.65420861509039890E-02
  360.000000  3.52436506542345023E+03 -1.64068740732102015E+02  2.38661584562308690E+03  1.03667792094549213E+03  2.09431089799707792E+02  4.93616549658155392E+01  5.49055321334432822E+00  7.92240297368501656E-01  6.45013107367788524E-02
  362.000000  3.96903700072032370E+03 -1.83309298922929884E+02  2.81670202881713249E+03  1.04349028638383470E+03  2.38410767219310685E+02  4.71641016499286536E+01  5.79437966371490898E+00  7.21208058658528106E-01  6.35278506728644971E-02
  364.000000  4.69742940241515043E+03 -1.64290207071144323E+02  3.43647819280304338E+03  1.08426128792869122E+03  2.87335684613105002E+02  4.63361972682636463E+01  6.57675310848609396E+00  6.63950659373027108E-01  6.75431053341626758E-02
  366.000000  5.91149836180081820E+03 -8.66148436179155397E+01  4.37547491403849745E+03  1.19083597186010820E+03  3.73144145286270543E+02  4.95884684876053257E+01  8.30939006331139218E+00  6.78247333468855240E-01  8.20683494721366619E-02
  368.000000  7.89606527141653987E+03  7.00681745166020846E+01  5.85175864905259095E+03  1.38694989948188413E+03  5.17069455973506592E+02  5.79408714539221208E+01  1.13949657156890023E+01  7.73155002002254177E-01  1.10100220342091326E-01
  370.000000  1.09366838770706381E+04  2.97682436862429313E+02  8.07883846714220817E+03  1.72260151189523322E+03  7.46349792308410770E+02  7.36684854442356425E+01  1.64127263277401880E+01  9.73879177905459303E-01  1.56577912475785064E-01
  372.000000  1.44194799209261146E+04  4.84806200661736511E+02  1.05694993185259154E+04  2.20697164720274259E+03  1.03663054690914782E+03  9.71040704019392962E+01  2.29641197738577247E+01  1.28591013803274912E+00  2.18107312742166631E-01
  374.000000  1.59764895124439154E+04  6.29718964742080061E+02  1.13869678210650418E+04  2.61593162735839633E+03  1.19827624404404673E+03  1.16841975772383719E+02  2.69366936243786128E+01  1.55992429324997017E+00  2.56261544338731551E-01
  376.000000  1.41453096947287358E+04  6.98223281896163826E+02  9.67569001132396806E+03  2.59106588969919721E+03  1.04370677802942055E+03  1.11417006090281632E+02  2.35103325658725986E+01  1.47349462684125698E+00  2.22900496990075969E-01
  378.000000  1.07562477591794923E+04  5.05762862315485108E+02  7.25023281230019438E+03  2.15834646206146408E+03  7.40878935309756457E+02  8.34588005264074155E+01  1.63604141818947326E+01  1.05436981679281527E+00  1.53102667497844180E-01
  380.000000  8.10905641007390295E+03  2.36975561819384893E+02  5.51741266275191265E+03  1.77813493066825185E+03  5.04621468877344057E+02  6.03668018212595854E+01  1.07373223659387911E+01  7.09206028827408574E-01  9.84557409838756475E-02
  382.000000  6.52272522279487566E+03  2.35897846824082080E+01  4.51284890240290315E+03  1.57134115658141513E+03  3.59424344561478733E+02  4.76599392509711066E+01  7.27837460175897721E+00  5.17687681527273402E-01  6.50330324125452108E-02
  384.000000  5.63078140555309346E+03 -1.29872921425929235E+02  3.96325566082913610E+03  1.47735028229102227E+03  2.73175018632606850E+02  4.11929713738767376E+01  5.21781798103198735E+00  4.17358507065165196E-01  4.52173642840248899E-02
  386.000000  5.14125301199037676E+03 -2.41923312106850062E+02  3.67493324628484334E+03  1.44521822150440721E+03  2.20736131282103599E+02  3.79380909082639661E+01  3.95417513666346609E+00  3.63358445972997657E-01  3.31005349725375236E-02
  388.000000  4.88792784120211218E+03 -3.26836063841099531E+02  3.53925275749731418E+03  1.44783148894779038E+03  1.87799616141380568E+02  3.63744101558374524E+01  3.14687964228422601E+00  3.33389036972607078E-01  2.53636216329421009E-02
  390.000000  4.77942647816685803E+03 -3.93335185948664730E+02  3.49626786047250744E+03  1.47126624010555679E+03  1.66525623747545239E+02  3.57544426220160076E+01  2.61068140396178183E+00  3.16602087127773657E-01  2.02136768072420300E-02
  392.000000  4.76381039674223393E+03 -4.46470838573612127E+02  3.51149292964668120E+03  1.50802720678657147E+03  1.52502228633639845E+02  3.56924825828804089E+01  2.24226527579989998E+00  3.07464956903384989E-01  1.66574333711173930E-02
  394.000000  4.80992151498517433E+03 -4.89067533598379669E+02  3.56379594630415841E+03  1.55378387962807801E+03  1.43134213881267613E+02  3.59763354326648610E+01  1.98157130277014892E+00  3.02980425067434944E-01  1.41216095467087237E-02
  396.000000  4.89784500291811764E+03 -5.22594316956834518E+02  3.63921453472649546E+03  1.60581892240342836E+03  1.36818902419304180E+02  3.64811617059066435E+01  1.79211372733805874E+00  3.01424031457342756E-01  1.22608610227814222E-02
  398.000000  5.01393145495852787E+03 -5.47674056078045396E+02  3.72773311823844324E+03  1.66226402803703672E+03  1.32516666115089635E+02  3.71283263055301731E+01  1.65076893758081078E+00  3.01744806409131705E-01  1.08585964827945421E-02
  400.000000  5.14812087296731806E+03 -5.64394165438170603E+02  3.82156679752301852E+03  1.72170818372621420E+03  1.29519952275983712E+02  3.78647708774673646E+01  1.54229401571480329E+00  3.03266069559522289E-01  9.77391752946498750E-03
  402.000000  5.29247647340959338E+03 -5.72512309811019804E+02  3.91424857239907305E+03  1.78299193390323967E+03  1.27325301582992566E+02  3.86522407726651309E+01  1.45627930721353582E+00  3.05543095618998672E-01  8.91215981041296353E-03
  404.000000  5.44038828261464369E+03 -5.71607677022133430E+02  4.00017099285350923E+03  1.84510069681856658E+03  1.25560933628636263E+02  3.94615069641401988E+01  1.38540034904165665E+00  3.08221061521466444E-01  8.20796136240936614E-03
  406.000000  5.58616782075105311E+03 -5.61203837382832717E+02  4.07439966576497545E+03  1.90711418566207612E+03  1.23945482384121021E+02  4.02692464904119021E+01  1.32438915322751161E+00  3.11073452356890601E-01  7.61522671777312577E-03
  408.000000  5.72487896315968464E+03 -5.40874862466451304E+02  4.13265353426839829E+03  1.96818877953780157E+03  1.22264692252607176E+02  4.10563851794683075E+01  1.26941619176905407E+00  3.13917184222561541E-01  7.10101186902561445E-03
  410.000000  5.85230965272762751E+03 -5.10337745776931115E+02  4.17138205387157905E+03  2.02755862578936831E+03  1.20358512226892088E+02  4.18072423084167824E+01  1.21771145861054175E+00  3.16611153788681376E-01  6.64169590388457697E-03
  412.000000  5.96501710450335577E+03 -4.69529229927429697E+02  4.18788534896779856E+03  2.08454535822555772E+03  1.18113953818415496E+02  4.25090816480530123E+01  1.16732483579448321E+00  3.19046427889846385E-01  6.22050727650630582E-03
  414.000000  6.06039437098083363E+03 -4.18663125410588691E+02  4.18043249363868381E+03  2.13856853711264739E+03  1.15460717333306704E+02  4.31518172680143834E+01  1.11696561125021399E+00  3.21139571110337640E-01  5.82585640873110270E-03
  416.000000  6.13671756900164837E+03 -3.58264712950040121E+02  4.14834199376464494E+03  2.18915077111574055E+03  1.12367639539761399E+02  4.37277155622335911E+01  1.06588446760462641E+00  3.22827354670156330E-01  5.45014703284296947E-03
  418.000000  6.19314542377486305E+03 -2.89181300461001229E+02  4.09200033476519729E+03  2.23591364913686903E+03  1.08838804866421057E+02  4.42310082546204555E+01  1.01377642411421198E+00  3.24061915665276257E-01  5.08887297734614795E-03
  420.000000  6.22965713655390391E+03 -2.12571495906886412E+02  4.01280900311185769E+03  2.27856318014411454E+03  1.04908814895211975E+02  4.46573947213097782E+01  9.60693668665198786E-01  3.24806027257182439E-01  4.73989237349119012E-03
  422.000000  6.24692954439158530E+03 -1.29878920603470760E+02  3.91306528039595059E+03  2.31686609256988459E+03  1.00637231610243546E+02  4.50034646732898196E+01  9.06964362898737275E-01  3.25028557603268153E-01  4.40282518514728809E-03
  424.000000  6.24616750446976584E+03 -4.27974088360060705E+01  3.79579377886567090E+03  2.35062058021688745E+03  9.61025487654149515E+01  4.52661087608886277E+01  8.53117699310005584E-01  3.24700446977222723E-01  4.07855062154146263E-03
  426.000000  6.22890994655653049E+03  4.67672494805738097E+01  3.66455071529557563E+03  2.37962645756412167E+03  9.13961462840046153E+01  4.54420007704049453E+01  7.99816746805115164E-01  3.23791622669217682E-01  3.76879237550653903E-03
  428.000000  6.19683685266775865E+03  1.36740456402294512E+02  3.52321910785658883E+03  2.40366000022181288E+03  8.66165135540123998E+01  4.55272306255242825E+01  7.47799011576602113E-01  3.22269221338416900E-01  3.47577461086993975E-03
  430.000000  6.15159989049633805E+03  2.24939547450965620E+02  3.37580039129093348E+03  2.42245807388348976E+03  8.18636114303537994E+01  4.55171465469589052E+01  6.97820639977759449E-01  3.20097339412034554E-01  3.20191424589036985E-03
  432.000000  6.09469314814345307E+03  3.09178275013269740E+02  3.22619018477669988E+03  2.43571475669483061E+03  7.72327144111975485E+01  4.54064340632698489E+01  6.50595356561462279E-01  3.17238333207449541E-01  2.94949441754069168E-03
  434.000000  6.02737249567390882E+03  3.87447391436275211E+02  3.07791400852936977E+03  2.44309178558603662E+03  7.28067915738851923E+01  4.51894254022780331E+01  6.06717400724649858E-01  3.13655484919840466E-01  2.72026042008157625E-03
  436.000000  5.95062437457973556E+03  4.58183790826413315E+02  2.93381260528871553E+03  2.44424189472157741E+03  6.86470874425522908E+01  4.48605991847985379E+01  5.66565522674340127E-01  3.09316666595372325E-01  2.51492640804727371E-03
  438.000000  5.86517840789645743E+03  5.20576673077695887E+02  2.79572469301495903E+03  2.43884149944640967E+03  6.47836036601288328E+01  4.44151997901578497E+01  5.30207716462386069E-01  3.04198488492971153E-01  2.33270215051556255E-03
  440.000000  5.77155355738271282E+03  5.74769298583705677E+02  2.66429985763627838E+03  2.42662672768356560E+03  6.12099734447712294E+01  4.38498832349039205E+01  4.97355371165574933E-01  2.98290333665736929E-01  2.17109465674047292E-03
  442.000000  5.67012483976633848E+03  6.21784881271851191E+02  2.53910175332183599E+03  2.40742594524879951E+03  5.78879233944498282E+01  4.31632923316777664E+01  4.67420251310468937E-01  2.91597697357419749E-01  2.02624905681522737E-03
  444.000000  5.56119723512034489E+03  6.63128022498647624E+02  2.41904074231589993E+03  2.38118400155044310E+03  5.47622643672754492E+01  4.23564865043386405E+01  4.39679659918198018E-01  2.84144393605820056E-01  1.89383021490959359E-03
  446.000000  5.44507548356057396E+03  7.00235679382982198E+02  2.30295783263732983E+03  2.34797738171326637E+03  5.17801758964394807E+01  4.14331910512433907E+01  4.13479406880327416E-01  2.75973413018802183E-01  1.77005941279926118E-03
  448.000000  5.32212198157191506E+03  7.34062071239510260E+02  2.19007557981868968E+03  2.30802190677113822E+03  4.89053885869747731E+01  4.03998612252497793E+01  3.88375128763047861E-01  2.67146406650922708E-01  1.65239493905064623E-03
  450.000000  5.19279834178942747E+03  7.64962771605474700E+02  2.08015052423905945E+03  2.26167386482452503E+03  4.61221712284181891E+01  3.92655658998968491E+01  3.64162486692129028E-01  2.57741879424670139E-01  1.53962593741219385E-03
  452.000000  5.05768863971815153E+03  7.92831693546198949E+02  1.97337053935755398E+03  2.20942361830005711E+03  4.34309856331999242E+01  3.80416981860378129E+01  3.40820910184444381E-01  2.47852252710192927E-01  1.43153220991440282E-03
  454.000000  4.91750434720102839E+03  8.17335913781651470E+02  1.87014800949713208E+03  2.15188054595478980E+03  4.08410085399037541E+01  3.67415327909341229E+01  3.18428168301830905E-01  2.37580052664591840E-01  1.32841565241365229E-03
  456.000000  4.77307285762315769E+03  8.38120747120286978E+02  1.77093368128978886E+03  2.08974977672049590E+03  3.83636293307143532E+01  3.53796700548460734E+01  2.97088805613657636E-01  2.27033579880691783E-01  1.23072153131789631E-03
  458.000000  4.62531315506429110E+03  8.54934609994721541E+02  1.67610129657687503E+03  2.02380300716297984E+03  3.60084666539860905E+01  3.39714221108868273E+01  2.76891280873078571E-01  2.16322466359200299E-01  1.13881760935224952E-03
  460.000000  4.47520317292808795E+03  8.67678864155452175E+02  1.58589927272244722E+03  1.95484666065936835E+03  3.37816786198672077E+01  3.25322002119025910E+01  2.57890148378530915E-01  2.05553505208536297E-01  1.05290546323709888E-03
  462.000000  4.32374356283653651E+03  8.76408036868924682E+02  1.50044629013681492E+03  1.88369063272096946E+03  3.16857443729748560E+01  3.10769547785548070E+01  2.40103886413791684E-01  1.94827059810576297E-01  9.73012073811367053E-04
  464.000000  4.17192207047066586E+03  8.81304743690634496E+02  1.41974876567092724E+03  1.81112023422615766E+03  2.97199677706112766E+01  2.96197056446421101E+01  2.23520198897030065E-01  1.84234250319984638E-01  8.99018476775550156E-04
  466.000000  4.02068174938829725E+03  8.82645838728039962E+02  1.34372565228212329E+03  1.73787306599577937E+03  2.78812192363017353E+01  2.81731837905300040E+01  2.08103653927101312E-01  1.73855002507512207E-01  8.30699088489304056E-04
  468.000000  3.87089510567770230E+03  8.80768974677313963E+02  1.27223286708260753E+03  1.66462168019714591E+03  2.61646651766748413E+01  2.67485907692399394E+01  1.93803070266559851E-01  1.63756945640908091E-01  7.67758812253890562E-04
  470.000000  3.72334517073355300E+03  8.76043786354424810E+02  1.20508412915493614E+03  1.59196213972196529E+03  2.45643830075652048E+01  2.53554699170349380E+01  1.80557641928078050E-01  1.53995072537242067E-01  7.09863161709791855E-04
  472.000000  3.57871358583655228E+03  8.68849064149559126E+02  1.14206740391201538E+03  1.52040803411299430E+03  2.30738382835030436E+01  2.40016750854445569E+01  1.68301603077079198E-01  1.44612029256795810E-01  6.56660702322360850E-04
  474.000000  3.43757511666926985E+03  8.59555838958520326E+02  1.08295725072559549E+03  1.45038915952397542E+03  2.16862351899270962E+01  2.26934180075586625E+01  1.56967582834658587E-01  1.35638882079742784E-01  6.07798778575668994E-04
  476.000000  3.30039760564304697E+03  8.48515661498415284E+02  1.02752375918648249E+03  1.38225389964380770E+03  2.03947632984624505E+01  2.14353739647914878E+01  1.46488906907686928E-01  1.27096210225273148E-01  5.62933954709100024E-04
  478.000000  3.16754618309708485E+03  8.36053146398473473E+02  9.75538810907976313E+02  1.31627431678037351E+03  1.91927644428879667E+01  2.02308263382246807E+01  1.36801102789103735E-01  1.18995387824843091E-01  5.21738535386220598E-04
  480.000000  3.03929054345686154E+03  8.22461849656596314E+02  9.26780319557085704E+02  1.25265303411228729E+03  1.80738404044625405E+01  1.90818330545830612E+01  1.27842825804911880E-01  1.11339941748822141E-01  4.83904293727421245E-04
  482.000000  2.91581419315761786E+03  8.08002641803199367E+02  8.81034979129580165E+02  1.19153112079440098E+03  1.70319178965612608E+01  1.79894011158185840E+01  1.19556375884971339E-01  1.04126897900915283E-01  4.49144270986742114E-04
  484.000000  2.79722474313371913E+03  7.92903868782064819E+02  8.38099931230035963E+02  1.13299634779378584E+03  1.60612833963444750E+01  1.69536587522655218E+01  1.11887932069396914E-01  9.73480538700404741E-02  4.17193282622184229E-04
  486.000000  2.68356451008335307E+03  7.77362727675968927E+02  7.97783661055444441E+02  1.07709133983093830E+03  1.51565971065504765E+01  1.59740178716559580E+01  1.04787597096969040E-01  9.09911381136662145E-02  3.87807584141859445E-04
  488.000000  2.57482087979412108E+03  7.61547410116774699E+02  7.59906351587803215E+02  1.02382129221529954E+03  1.43128927897668596E+01  1.50493221684542551E+01  9.82093179469059330E-02  8.50408340613054842E-02  3.60764014102722805E-04
  490.000000  2.47093605553369980E+03  7.45599675805820880E+02  7.24299864120013012E+02  9.73161042631189389E+02  1.35255683078430700E+01  1.41779784199175296E+01  9.21107286379818785E-02  7.94796614448544797E-02  3.35858832757844801E-04
  492.000000  2.37181595653986597E+03  7.29637609950550541E+02  6.90807467229698318E+02  9.25061384368599079E+02  1.27903702932728045E+01  1.33580701268284479E+01  8.64529474177431895E-02  7.42887170946314734E-02  3.12906404358966560E-04
  494.000000  2.27733814371199469E+03  7.13758391961664529E+02  6.59283402259317768E+02  8.79454579949531649E+02  1.21033753579482148E+01  1.25874538113854832E+01  8.12003503445865998E-02  6.94482839806010999E-02  2.91737821548018446E-04
  496.000000  2.18735873327887339E+03  6.98040960122723845E+02  6.29592348344374727E+02  8.36259085405075894E+02  1.14609695087929371E+01  1.18638390411582488E+01  7.63203360917262957E-02  6.49383211203903576E-02  2.72199535761963860E-04
  498.000000  2.10171831816686836E+03  6.82548500420683922E+02  6.01608831745886732E+02  7.95383529303208206E+02  1.08598269129275433E+01  1.11848536915759986E+01  7.17830917580210559E-02  6.07388487944547639E-02  2.54152033769673258E-04
  500.000000  2.02024695547733177E+03  6.67330719709267214E+02  5.75216610921542724E+02  7.56730010818399933E+02  1.02968887796200708E+01  1.05480961700730500E+01  6.75613659475842038E-02  5.68302438972173446E-02  2.37468584182380052E-04
  502.000000  1.94276830140134643E+03  6.52425886169210571E+02  5.50308059092146209E+02  7.20196791161632632E+02  9.76934286012196651E+00  9.95117637153518331E+00  6.36302529369356523E-02  5.31934596961151293E-02  2.22034066774032940E-04
  504.000000  1.86910298610424206E+03  6.37862635666107963E+02  5.26783559049840619E+02  6.85680455519732732E+02  9.27460387884377013E+00  9.39174707261563668E+00  5.99669900687894164E-02  4.98101831427138417E-02  2.07743890105898635E-04
  506.000000  1.79907132403367109E+03  6.23661552836578267E+02  5.04550919893866876E+02  6.53077620667100291E+02  8.81029507792140976E+00  8.86752734438006662E+00  5.65507693701486833E-02  4.66629414558703409E-02  1.94502998149467609E-04
  508.000000  1.73249545246566504E+03  6.09836541959028182E+02  4.83524821744991755E+02  6.22286258438963955E+02  8.37423096614011619E+00  8.37631939978012241E+00  5.33625636293246705E-02  4.37351681678017287E-02  1.82224963552009972E-04
  510.000000  1.66920098500876861E+03  5.96396006026716350E+02  4.63626291895699239E+02  5.93206698633956080E+02  7.96440130087064535E+00  7.91602011637876757E+00  5.03849666683883340E-02  4.10112373155564688E-02  1.70831163339093151E-04
  512.000000  1.60901825878166255E+03  5.83343853811140434E+02  4.44782214019518733E+02  5.65742367590858521E+02  7.57895628987306225E+00  7.48462829995658741E+00  4.76020472339899123E-02  3.84764730494738250E-02  1.60250031812701499E-04
  514.000000  1.55178324513483290E+03  5.70680354719812385E+02  4.26924870784377561E+02  5.39800311295227857E+02  7.21619297261653347E+00  7.08024859001125506E+00  4.49992157440811114E-02  3.61171406582041846E-02  1.50416384915757448E-04
  516.000000  1.49733818486031305E+03  5.58402860424150276E+02  4.09991519339656122E+02  5.15291544816292344E+02  6.87454272385690146E+00  6.70109275862316700E+00  4.25631030303416855E-02  3.39204238938220146E-02  1.41270810206434638E-04
  518.000000  1.44553200028753668E+03  5.46506410899803086E+02  3.93923998565301702E+02  4.92131263386178432E+02  6.55255981254161668E+00  6.34547902189525015E+00  4.02814501778018044E-02  3.18743925219809252E-02  1.32759116691018184E-04
  520.000000  1.39622052875732311E+03  5.34984240912799578E+02  3.78668366601975947E+02  4.70238944625886745E+02  6.24891094447869122E+00  6.01182986856599388E+00  3.81430085645790840E-02  2.99679632127036397E-02  1.24831839012883337E-04
  522.000000  1.34926661487322349E+03  5.23828201302278103E+02  3.64174566964135295E+02  4.49538366328883740E+02  5.96236571600786203E+00  5.69866881268279801E+00  3.61374492313256621E-02  2.81908562136861940E-02  1.17443790827166929E-04
  524.000000  1.30454009265722357E+03  5.13029107722213666E+02  3.50396121429682410E+02  4.29957559819126573E+02  5.69178790703347293E+00  5.40461639505781832E+00  3.42552807526242328E-02  2.65335496941686289E-02  1.10553662564900050E-04
  526.000000  1.26191768330258128E+03  5.02577027911023833E+02  3.37289847867695528E+02  4.11428715157869362E+02  5.43612754439641943E+00  5.12838568990615329E+00  3.24877748340598738E-02  2.49872331970406036E-02  1.04123659179149815E-04
  528.000000  1.22128282955825080E+03  4.92461517084184379E+02  3.24815601186291701E+02  3.93888051321476780E+02  5.19441367010639343E+00  4.86877751682880255E+00  3.08268989144922269E-02  2.35437612743092488E-02  9.81191738516314690E-05
  530.000000  1.18252548382549730E+03  4.82671809707358079E+02  3.12936035638877343E+02  3.77275661842115255E+02  4.96574775302456572E+00  4.62467551242612451E+00  2.92652551100163506E-02  2.21956080920219859E-02  9.25084940096374128E-05
  532.000000  1.14554186372757135E+03  4.73196974719477112E+02  3.01616386805745037E+02  3.61535344225764902E+02  4.74929768688495813E+00  4.39504117870811051E+00  2.77960248922272078E-02  2.09358235624716657E-02  8.72625363541075500E-05
  534.000000  1.11023418614396633E+03  4.64026040227606245E+02  2.90824271660837098E+02  3.46614419673009081E+02  4.54429232189866728E+00  4.17890899567689811E+00  2.64129189472131730E-02  1.97579913830214955E-02  8.23546079254582693E-05
  536.000000  1.07651038840981550E+03  4.55148092784569599E+02  2.80529505233252053E+02  3.32463548167695251E+02  4.35001648144260589E+00  3.97538166172983853E+00  2.51101317125241516E-02  1.86561892227608203E-02  7.77601905343121107E-05
  538.000000  1.04428384349263524E+03  4.46552355568473104E+02  2.70703932475686031E+02  3.19036542814178347E+02  4.16580641943373120E+00  3.78362550678845322E+00  2.38823001368270900E-02  1.76249511925744388E-02  7.34567461581073970E-05
  540.000000  1.01347307441867497E+03  4.38228249106791736E+02  2.61321274053903437E+02  3.06290186349295595E+02  3.99104567785879594E+00  3.60286610837912269E+00  2.27244662506557830E-02  1.66592326545392071E-02  6.94235411534668210E-05
  542.000000  9.84001471966661370E+02  4.30165437606612613E+02  2.52356984870497712E+02  2.94184051990459352E+02  3.82516130755942951E+00  3.43238412950048843E+00  2.16320431768749488E-02  1.57543773674528216E-02  6.56414873591050892E-05
  544.000000  9.55797018633139942E+02  4.22353863457902662E+02  2.43788124231153546E+02  2.82680330172812319E+02  3.66762041873195210E+00  3.27151138837251221E+00  2.06007842460806008E-02  1.49060869223988316E-02  6.20929983660670377E-05
  546.000000  9.28792021060868819E+02  4.14783772058596696E+02  2.35593236651424405E+02  2.71743662247439772E+02  3.51792703070222412E+00  3.11962716353894720E+00  1.96267549154308558E-02  1.41103923919811969E-02  5.87618594140492526E-05
  548.000000  9.02922852472170803E+02  4.07445728755473283E+02  2.27752242386375968E+02  2.61340981835653224E+02  3.37561919338427430E+00  2.97615473285849497E+00  1.87063072195088158E-02  1.33636280963916505E-02  5.56331095351520337E-05
  550.000000  8.78129706132450792E+02  4.00330629393598429E+02  2.20246336843933648E+02  2.51441364241361725E+02  3.24026635542247909E+00  2.84055814131425288E+00  1.78360565090643804E-02  1.26624073765093555E-02  5.26929347121532279E-05
  552.000000  8.54356360468210937E+02  3.93429705719057893E+02  2.13057898115436387E+02  2.42015884098229606E+02  3.11146695639102822E+00  2.71233919001024715E+00  1.70128602579193849E-02  1.20036002569678391E-02  4.99285709482153353E-05
  554.000000  8.31549956145843680E+02  3.86734526665016347E+02  2.06170401924022144E+02  2.33037481257420694E+02  2.98884622256939858E+00  2.59103463697924541E+00  1.62337987404568111E-02  1.13843128791343961E-02  4.73282162613735329E-05
  556.000000  8.09660785175569458E+02  3.80236996374266710E+02  1.99568343353138971E+02  2.24480834794150496E+02  2.87205414776584256E+00  2.47621359931078944E+00  1.54961574018967936E-02  1.08018685841024045E-02  4.48809507205377679E-05
  558.000000  7.88642091922175268E+02  3.73929349664428628E+02  1.93237164773915310E+02  2.16322244917979845E+02  2.76076364242411332E+00  2.36747514547419557E+00  1.47974107613762750E-02  1.02537905282177599E-02  4.25766637322787131E-05
  560.000000  7.68449885765925728E+02  3.67804145516539393E+02  1.87163189441872078E+02  2.08539522505817104E+02  2.65466883584424007E+00  2.26444606644347379E+00  1.41352077038499561E-02  9.73778571767828192E-03  4.04059878699535065E-05
  562.000000  7.49042765056528197E+02  3.61854259063377867E+02  1.81333560280628120E+02  2.01111885931869097E+02  2.55348351779461824E+00  2.16677881423497221E+00  1.35073580311412308E-02  9.25173035382940816E-03  3.83602386104058669E-05
  564.000000  7.30381751934804697E+02  3.56072872469297181E+02  1.75736183413271931E+02  1.94019864840573405E+02  2.45693970709049037E+00  2.07414959667048659E+00  1.29118201553622865E-02  8.79365638652888047E-03  3.64313594088187573E-05
  566.000000  7.12430137549121127E+02  3.50453465020457770E+02  1.70359676041194575E+02  1.87245210493173147E+02  2.36478633589201337E+00  1.98625661752341198E+00  1.23466898294370929E-02  8.36173917907523379E-03  3.46118716008366890E-05
  568.000000  6.95153337164283812E+02  3.44989802683217022E+02  1.65193318305957291E+02  1.80770812313083212E+02  2.27678803953473619E+00  1.90281845164864838E+00  1.18101898198314167E-02  7.95428619446489349E-03  3.28948286733028362E-05
  570.000000  6.78518754648889285E+02  3.39675927341527313E+02  1.60227008801961119E+02  1.74580620256707448E+02  2.19272404266370602E+00  1.82357254520041301E+00  1.13006604358496746E-02  7.56972661897994861E-03  3.12737744914223944E-05
  572.000000  6.62495655821573109E+02  3.34506145880034637E+02  1.55451223437443929E+02  1.68659572643814357E+02  2.11238713330366989E+00  1.74827383158798133E+00  1.08165508382232992E-02  7.20660184523072653E-03  2.97427051118496057E-05
  574.000000  6.47055050142974665E+02  3.29475019247438468E+02  1.50856977367726529E+02  1.62993529092322547E+02  2.03558271727720852E+00  1.67669345437627348E+00  1.03564110571547682E-02  6.86355674265385057E-03  2.82960338482242500E-05
  576.000000  6.32169580251919911E+02  3.24577351606407319E+02  1.46435789749269446E+02  1.57569208216387551E+02  1.96212794608704066E+00  1.60861758890353723E+00  9.91888465673920576E-03  6.53933164909293024E-03  2.69285592890517342E-05
  578.000000  6.17813418857546822E+02  3.19808179650999136E+02  1.42179651084987029E+02  1.52374129762161203E+02  1.89185091201012479E+00  1.54384635494216704E+00  9.50270198867784847E-03  6.23275502239534381E-03  2.56354359974451118E-05
  580.000000  6.03962172521138882E+02  3.15162762156660847E+02  1.38080992951379358E+02  1.47396560872277263E+02  1.82458990472696092E+00  1.48219281326715668E+00  9.10667398364294403E-03  5.94273669594112125E-03  2.44121476488278354E-05
  582.000000  5.90592791880148070E+02  3.10636569810082619E+02  1.34132659916252152E+02  1.42625466187372609E+02  1.76019272432328111E+00  1.42348203951497210E+00  8.72968643351969970E-03  5.66826168667639973E-03  2.32544823865886762E-05
  584.000000  5.77683487888564741E+02  3.06225275352994231E+02  1.30327883472366267E+02  1.38050461510282588E+02  1.69851604597258499E+00  1.36755026920807166E+00  8.37069472214719591E-03  5.40838450854598529E-03  2.21585101969604005E-05
  586.000000  5.65213653672541454E+02  3.01924744065713185E+02  1.26660257827365129E+02  1.33661770775674768E+02  1.63942483202595057E+00  1.31424410828604521E+00  8.02871896610757481E-03  5.16222394822143504E-03  2.11205621235715717E-05
  588.000000  5.53163791620859229E+02  2.97731024605638595E+02  1.23123717404009426E+02  1.29450186084661624E+02  1.58279178762136263E+00  1.26341980392273134E+00  7.70283953070206515E-03  4.92895826371614939E-03  2.01372111592747076E-05
  590.000000  5.41515445353816972E+02  2.93640340210550676E+02  1.19712515917196299E+02  1.25407030580070682E+02  1.52849685626716703E+00  1.21494257081817114E+00  7.39219288941329444E-03  4.70782076987710796E-03  1.92052546683244196E-05
  592.000000  5.30251136234906085E+02  2.89649080269874503E+02  1.16421206905517039E+02  1.21524123953533746E+02  1.47642675217009556E+00  1.16868596853649076E+00  7.09596779810383292E-03  4.49809577786576195E-03  1.83216982057694147E-05
  594.000000  5.19354304112321756E+02  2.85753792264085860E+02  1.13244625605411343E+02  1.17793750390293170E+02  1.42647452635881256E+00  1.12453132581563087E+00  6.81340175774255465E-03  4.29911485860258891E-03  1.74837406134914077E-05
  596.000000  5.08809251996176954E+02  2.81951174067387456E+02  1.10177872065349916E+02  1.14208628771518576E+02  1.37853916391244025E+00  1.08236720810366838E+00  6.54377774186685156E-03  4.11025340276953248E-03  1.66887602834343570E-05
  598.000000  4.98601094399094166E+02  2.78238066608447753E+02  1.07216295405954298E+02  1.10761884967053746E+02  1.33252520983608558E+00  1.04208892488039329E+00  6.28642116707724651E-03  3.93092745235940587E-03  1.59343024887685170E-05
  600.000000  4.88715709083417096E+02  2.74611446878905554E+02  1.04355479139803776E+02  1.07447026063833022E+02  1.28834242133559052E+00  1.00359807360378306E+00  6.04069708680701669E-03  3.76059078095041790E-03  1.52180676927778398E-05
  602.000000  4.79139691978785095E+02  2.71068421280882831E+02  1.01591227471708393E+02  1.04257916386684698E+02  1.24590544443713691E+00  9.66802117379036208E-01  5.80600759034193264E-03  3.59873220187867555E-03  1.45379007535049585E-05
  604.000000  4.69860315048267864E+02  2.67606219301567307E+02  9.89195525067063244E+01  1.01188755178981367E+02  1.20513351306997540E+00  9.31613993685990516E-01  5.58178939064623864E-03  3.44487308530290861E-03  1.38917809495812611E-05
  606.000000  4.60865486897807386E+02  2.64222187503231908E+02  9.63366622989190944E+01  9.82340558205819434E+01  1.16595016888963876E+00  8.97951751719234248E-01  5.36751158598033472E-03  3.29856506681494880E-03  1.32778127593856808E-05
  608.000000  4.52143715937684590E+02  2.60913783815972693E+02  9.38389496798211553E+01  9.53886264698008119E+01  1.12828300026306549E+00  8.65738216096137214E-01  5.16267358159211952E-03  3.15938793176152649E-03  1.26942173317231889E-05
  610.000000  4.43684075918796282E+02  2.57678572120757963E+02  9.14229818093288458E+01  9.26475520247253570E+01  1.09206339896752458E+00  8.34900674872168902E-01  4.96680315892886366E-03  3.02694766081987397E-03  1.21393245916554848E-05
  612.000000  4.35476173678875625E+02  2.54514217109897345E+02  8.90854903976743060E+01  9.00061773071867322E+01  1.05722633327496185E+00  8.05370589971833528E-01  4.77945468090574654E-03  2.90087462362379834E-03  1.16115659301303183E-05
  614.000000  4.27510118945679437E+02  2.51418479412214765E+02  8.68233625500910193E+01  8.74600913800738766E+01  1.02371013620251428E+00  7.77083328298698306E-01  4.60020742271481566E-03  2.78082190837943477E-03  1.11094674304842351E-05
  616.000000  4.19776496055309394E+02  2.48389210970593922E+02  8.46336321900809878E+01  8.50051129154589233E+01  9.91456307807541681E-01  7.49977911929433971E-01  4.42866401854621547E-03  2.66646377644821127E-03  1.06316435890030277E-05
  618.000000  4.12266337453833842E+02  2.45424350659432548E+02  8.25134720205587513E+01  8.26372765373779856E+01  9.60409330498101621E-01  7.23996785927672359E-01  4.26444901540963886E-03  2.55749423182397538E-03  1.01767914903905203E-05
  620.000000  4.04971098859929157E+02  2.42521920130154285E+02  8.04601859851948262E+01  8.03528200688301695E+01  9.30516496410616956E-01  6.99085602431661401E-01  4.10720752594618752E-03  2.45362569629038177E-03  9.74368540233777871E-06
  622.000000  3.97882635975332676E+02  2.39680019873354468E+02  7.84712021952814212E+01  7.81481726180083029E+01  9.01727745982457529E-01  6.75193019779636971E-01  3.95660397281413865E-03  2.35458778183253144E-03  9.33117175647462914E-06
  624.000000  3.90993182637723692E+02  2.36896825486377566E+02  7.65440662899984261E+01  7.60199434436602672E+01  8.73995516916364901E-01  6.52270515536157225E-01  3.81232091781666914E-03  2.26012615259012749E-03  8.93816448566455500E-06
  626.000000  3.84295330318317610E+02  2.34170584135516947E+02  7.46764352004616256E+01  7.39649115440884373E+01  8.47274602796470377E-01  6.30272212374646701E-01  3.67405796950728402E-03  2.17000146929279165E-03  8.56364069021189679E-06
  628.000000  3.77782008873746008E+02  2.31499611202809319E+02  7.28660712901236423E+01  7.19800159184753312E+01  8.21522020672975639E-01  6.09154715854911877E-01  3.54153076350040589E-03  2.08398840971081058E-03  8.20663660775517459E-06
  630.000000  3.71446468467639988E+02  2.28882287107193633E+02  7.11108368461311500E+01  7.00623464531043396E+01  7.96696886986226205E-01  5.88876963211342530E-01  3.41447001018878229E-03  2.00187475919668062E-03  7.86624386377061844E-06
  632.000000  3.65282262584543787E+02  2.26317054291372870E+02  6.94086888981815662E+01  6.82091353886266063E+01  7.72760301248135328E-01  5.69400082337845337E-01  3.29262060497588103E-03  1.92346056588614425E-03  7.54160598145042790E-06
  634.000000  3.59283232062782076E+02  2.23802414364659398E+02  6.77576743430849575E+01  6.64177493278058790E+01  7.49675236944655876E-01  5.50687260220014796E-01  3.17574079653187196E-03  1.84855735557786275E-03  7.23191513150177141E-06
  636.000000  3.53443490079631601E+02  2.21336925394025229E+02  6.61559253548828394E+01  6.46856817462171421E+01  7.27406439162444185E-01  5.32703620124186705E-01  3.06360140891629232E-03  1.77698740172163518E-03  6.93640910394668709E-06
  638.000000  3.47757408025552706E+02  2.18919199334637824E+02  6.46016550618156771E+01  6.30105459711823315E+01  7.05920328481011494E-01  5.15416106907303773E-01  2.95598511375308286E-03  1.70858304632053319E-03  6.65436848548944370E-06
  640.000000  3.42219602210073845E+02  2.16547899593046623E+02  6.30931534727683214E+01  6.13900685967615800E+01  6.85184910705657235E-01  4.98793379860851149E-01  2.85268574891989635E-03  1.64318606789362240E-03  6.38511402728663280E-06
  642.000000  3.36824921344529116E+02  2.14221738714994217E+02  6.16287836371040143E+01  5.98220833050569922E+01  6.65169692048029892E-01  4.82805712548219523E-01  2.75350768049818046E-03  1.58064709296030560E-03  6.12800418920311964E-06
  644.000000  3.31568434751947279E+02  2.11939476191590757E+02  6.02069780229124660E+01  5.83045250662318608E+01  6.45845599390298064E-01  4.67424899136315353E-01  2.65826520497081586E-03  1.52082504779220114E-03  5.88243284770795272E-06
  646.000000  3.26445421256832219E+02  2.09699916376863712E+02  5.88262350997649008E+01  5.68354246916841035E+01  6.27184905295290140E-01  4.52624166760725255E-01  2.56678198888805192E-03  1.46358664743998943E-03  5.64782715558889022E-06
  648.000000  3.21451358712071283E+02  2.07501906511286734E+02  5.74851161130489672E+01  5.54129037166784641E+01  6.09161157449871982E-01  4.38378093499042887E-01  2.47889054342434771E-03  1.40880591928189340E-03  5.42364554257520681E-06
  650.000000  3.16581914121547186E+02  2.05344334844548257E+02  5.61822420378564544E+01  5.40351695904661540E+01  5.91749112251194642E-01  4.24662531559371004E-01  2.39443173145022703E-03  1.35636375855932513E-03  5.20937584681530086E-06
  652.000000  3.11832934321645780E+02  2.03226128852989177E+02  5.49162907012258685E+01  5.27005111534917674E+01  5.74924672266290959E-01  4.11454535320641301E-01  2.31325430490956531E-03  1.30614751356498905E-03  5.00453356791658495E-06
  654.000000  3.07200437185926944E+02  2.01146253545887475E+02  5.36859940623261380E+01  5.14072943827803499E+01  5.58664827314966139E-01  3.98732293888969302E-01  2.23521447046569561E-03  1.25805059833283828E-03  4.80866023298445808E-06
  656.000000  3.02680603320720024E+02  1.99103709856219439E+02  5.24901356408501059E+01  5.01539583879139954E+01  5.42947598943171572E-01  3.86475067859132826E-01  2.16017548152197796E-03  1.21197213084644410E-03  4.62132186772770203E-06
  658.000000  2.98269768220907167E+02  1.97097533110987342E+02  5.13275480845954135E+01  4.89390116413021019E+01  5.27751988071111455E-01  3.74663129993774435E-01  2.08800725486092947E-03  1.16781659493747051E-03  4.44210756531737861E-06
  660.000000  2.93964414857426505E+02  1.95126791576782580E+02  5.01971108677577931E+01  4.77610284275552104E+01  5.13057925614536114E-01  3.63277709553819661E-01  2.01858601027976852E-03  1.12549352418596349E-03  4.27062814622045352E-06
  662.000000  2.89761166670267357E+02  1.93190585076710477E+02  4.90977481120897110E+01  4.66186454978879468E+01  4.98846225892724870E-01  3.52300940033611287E-01  1.95179393170618340E-03  1.08491720626502190E-03  4.10651490275418166E-06
  664.000000  2.85656780942079990E+02  1.91288043674695700E+02  4.80284265235612793E+01  4.55105589164294173E+01  4.85098542648422004E-01  3.41715810072058812E-01  1.88751884839622451E-03  1.04600640629050660E-03  3.94941842253632258E-06
  666.000000  2.81648142529245490E+02  1.89418326423452072E+02  4.69881534376549013E+01  4.44355210862424670E+01  4.71797327518024112E-01  3.31506117327826089E-01  1.82565393491014366E-03  1.00868410784598662E-03  3.79900748549573949E-06
  668.000000  2.77732257929088348E+02  1.87580620172897625E+02  4.59759749668893818E+01  4.33923379437119081E+01  4.58925790800276123E-01  3.21656425122034739E-01  1.76609742865412359E-03  9.72877270453859316E-04  3.65496802942723592E-06
  670.000000  2.73906249662813195E+02  1.85774138435516988E+02  4.49909742445646614E+01  4.23798663107140214E+01  4.46467864383248536E-01  3.12152021665910384E-01  1.70875236386472092E-03  9.38516602355173686E-04  3.51700217950951480E-06
  672.000000  2.70167350955701238E+02  1.83998120305912835E+02  4.40322697591448531E+01  4.13970113947462295E+01  4.34408166697319797E-01  3.02978881704140224E-01  1.65352632098618446E-03  9.05536347546438431E-04  3.38482733747905191E-06
  674.000000  2.66512900696686984E+02  1.82251829431426586E+02  4.30990137740042130E+01  4.04427244278154348E+01  4.22731969572368804E-01  2.94123630416444071E-01  1.60033119046643535E-03  8.73874086098846655E-04  3.25817532651213524E-06
  676.000000  2.62940338661117551E+02  1.80534553031309088E+02  4.21903908276506954E+01  3.95160004355544174E+01  4.11425166883614690E-01  2.85573509431306383E-01  1.54908295006469143E-03  8.43470546858075669E-04  3.13679158811096487E-06
  678.000000  2.59447200981131289E+02  1.78845600961720720E+02  4.13056163098188946E+01  3.86158761285745413E+01  4.00474244880348218E-01  2.77316344815876636E-01  1.49970145482474252E-03  8.14269431688421398E-04  3.02043442758355950E-06
  680.000000  2.56031115849414505E+02  1.77184304824284254E+02  4.04439351091310044E+01  3.77414279086233222E+01  3.89866254096477516E-01  2.69340516915714423E-01  1.45211023892538615E-03  7.86217250486434516E-04  2.90887430492829662E-06
  682.000000  2.52689799442796669E+02  1.75550017115857827E+02  3.96046203282838860E+01  3.68917699825899561E+01  3.79588782750214404E-01  2.61634931926706837E-01  1.40623632867456429E-03  7.59263166245079373E-04  2.80189316817484751E-06
  684.000000  2.49421052053094968E+02  1.73942110417385265E+02  3.87869720629909907E+01  3.60660525778844843E+01  3.69629931545143953E-01  2.54188995089783432E-01  1.36201006595932988E-03  7.33358849501717812E-04  2.69928382642418364E-06
  686.000000  2.46222754413327692E+02  1.72359976619766712E+02  3.79903162411120690E+01  3.52634602531189500E+01  3.59978289791113737E-01  2.46992585406407367E-01  1.31936494151643682E-03  7.08458341550603039E-04  2.60084936003850279E-06
  688.000000  2.43092864208364091E+02  1.70803026184954206E+02  3.72140035186579539E+01  3.44832102984379247E+01  3.50622912768279560E-01  2.40036031779947256E-01  1.27823743742135434E-03  6.84517925845086733E-04  2.50640256559484512E-06
  690.000000  2.40029412759482284E+02  1.69270687440346592E+02  3.64574082295296478E+01  3.37245512201981867E+01  3.41553300262745663E-01  2.33310090494373290E-01  1.23856687824322985E-03  6.61496007055317509E-04  2.41576543339496944E-06
  692.000000  2.37030501873117174E+02  1.67762405904776870E+02  3.57199273860739268E+01  3.29867613050555661E+01  3.32759376206678004E-01  2.26805923947828197E-01  1.20029529034042996E-03  6.39352997285072165E-04  2.32876865545781152E-06
  694.000000  2.34094300844830826E+02  1.66277643644691807E+02  3.50009797276718757E+01  3.22691472588142432E+01  3.24231469359939406E-01  2.20515080564002208E-01  1.16336726881375186E-03  6.18051208985841215E-04  2.24525116208136725E-06
  696.000000  2.31219043609673520E+02  1.64815878658723932E+02  3.43000048147885153E+01  3.15710429157117964E+01  3.15960294974281020E-01  2.14429475809547576E-01  1.12772985165873816E-03  5.97554754138871717E-04  2.16505968517527569E-06
  698.000000  2.28403026030966771E+02  1.63376604289302804E+02  3.36164621660460128E+01  3.08918080140841731E+01  3.07936937384931941E-01  2.08541374250510364E-01  1.09333240069454463E-03  5.77829449305575682E-04  2.08804834669808389E-06
  700.000000  2.25644603320156961E+02  1.61959328660198480E+02  3.29498304360096483E+01  3.02308270345930978E+01  3.00152833477371372E-01  2.02843372585042730E-01  1.06012648886669148E-03  5.58842726173894820E-04  2.01407827063460520E-06
  702.000000  2.22942187580245957E+02  1.60563574138294825E+02  3.22996066315488122E+01  2.95875080974693105E+01  2.92599756980968295E-01  1.97328383594014778E-01  1.02806579355633272E-03  5.40563547254402149E-04  1.94301721706628875E-06
  704.000000  2.20294245466512024E+02  1.59188876818800622E+02  3.16653053647334843E+01  2.89612819154185566E+01  2.85269803543402589E-01  1.91989620954748169E-01  9.97105995540523799E-04  5.22962326402912265E-04  1.87473923696848122E-06
  706.000000  2.17699295957891024E+02  1.57834786032400075E+02  3.10464581403532911E+01  2.83516007990660555E+01  2.78155376543272159E-01  1.86820584866797840E-01  9.67204683281868089E-04  5.06010853868791959E-04  1.80912434647312251E-06
  708.000000  2.15155908233341250E+02  1.56500863873492904E+02  3.04426126762638631E+01  2.77579377119964192E+01  2.71249173600099536E-01  1.81815048441931332E-01  9.38321262236969651E-04  4.89682225588142098E-04  1.74605821940820154E-06
  710.000000  2.12662699647595218E+02  1.55186684748477091E+02  2.98533322548535232E+01  2.71797853726296239E+01  2.64544173744199307E-01  1.76967044813533592E-01  9.10416868897999387E-04  4.73950776459971948E-04  1.68543189700821937E-06
  712.000000  2.10218333800902343E+02  1.53891834942924675E+02  2.92781951040440589E+01  2.66166554003514371E+01  2.58033625210411066E-01  1.72270854923597644E-01  8.83454289297388768E-04  4.58792017361104329E-04  1.62714151376106162E-06
  714.000000  2.07821518698106900E+02  1.52615912207035080E+02  2.87167938063009665E+01  2.60680775034549406E+01  2.51711033822490438E-01  1.67720995947999524E-01  8.57397881723413009E-04  4.44182575671476468E-04  1.57108803842289909E-06
  716.000000  2.05471004992047312E+02  1.51358525358107954E+02  2.81687347342417276E+01  2.55335987066186725E+01  2.45570151936082975E-01  1.63312210323359436E-01  8.32213503407417039E-04  4.30100139096871979E-04  1.51717702929598641E-06
  718.000000  2.03165584307425888E+02  1.50119293899752279E+02  2.76336375114927790E+01  2.50127826157668736E+01  2.39604967910988759E-01  1.59039455341004943E-01  8.07868440962032620E-04  4.16523402589907398E-04  1.46531840291943502E-06
  720.000000  2.00904087640356721E+02  1.48897847656375234E+02  2.71111344975326780E+01  2.45052087182995599E+01  2.33809696084674612E-01  1.54897893275792065E-01  7.84331344359947115E-04  4.03432018183281550E-04  1.41542621538582959E-06
  722.000000  1.98685383830361104E+02  1.47693826422890652E+02  2.66008702953148664E+01  2.40104717167855810E+01  2.28178767220261203E-01  1.50882882019438669E-01  7.61572164256666935E-04  3.90806547561148385E-04  1.36741845553331921E-06
  724.000000  1.96508378100636861E+02  1.46506879628429147E+02  2.61025012805485019E+01  2.35281808943379680E+01  2.22706819404740991E-01  1.46989966190009258E-01  7.39562092472639929E-04  3.78628417206006715E-04  1.32121684932352145E-06
  726.000000  1.94372010663411970E+02  1.45336666013666672E+02  2.56156951515636422E+01  2.30579595099891925E+01  2.17388689373468669E-01  1.43214868690865055E-01  7.18273505461503774E-04  3.66879875968769602E-04  1.27674667474811273E-06
  728.000000  1.92275255387090453E+02  1.44182853321124071E+02  2.51401304987508247E+01  2.25994442224801979E+01  2.12219404239223974E-01  1.39553482694040359E-01  6.97679910600404202E-04  3.55543954919463321E-04  1.23393658665870671E-06
  730.000000  1.90217118521964323E+02  1.43045117997697162E+02  2.46754963926196957E+01  2.21522845409752058E+01  2.07194173604764859E-01  1.36001864024545283E-01  6.77755895149125551E-04  3.44604429345149693E-04  1.19271845094034066E-06
  732.000000  1.88196637481707853E+02  1.41923144908984568E+02  2.42214919895761085E+01  2.17161423012966139E+01  2.02308382039334156E-01  1.32556223923497557E-01  6.58477077733358790E-04  3.34045782770018770E-04  1.15302718749591689E-06
  734.000000  1.86212879677904141E+02  1.40816627064892828E+02  2.37778261545540666E+01  2.12906911663516070E+01  1.97557581900572959E-01  1.29212922169304439E-01  6.39820062216889013E-04  3.23853172880488927E-04  1.11480062153629143E-06
  736.000000  1.84264941404833195E+02  1.39725265355818010E+02  2.33442170997081924E+01  2.08756161495128296E+01  1.92937486484299897E-01  1.25968460537435600E-01  6.21762393832652241E-04  3.14012399245659063E-04  1.07797934270031193E-06
  738.000000  1.82351946772309702E+02  1.38648768299203766E+02  2.29203920383822890E+01  2.04706131597609868E+01  1.88443963485587229E-01  1.22819476580342909E-01  6.04282517454300693E-04  3.04509872729967241E-04  1.04250657156365107E-06
  740.000000  1.80473046684091884E+02  1.37586851795836537E+02  2.25060868536442555E+01  2.00753885674927872E+01  1.84073028755544904E-01  1.19762737710340322E-01  5.87359737892502063E-04  2.95332586501675552E-04  1.00832803311708821E-06
  742.000000  1.78627417859637347E+02  1.36539238895439894E+02  2.21010457806909777E+01  1.96896587899358408E+01  1.79820840339038918E-01  1.16795135569136496E-01  5.70974182110689944E-04  2.86468088546477722E-04  9.75391836821781456E-07
  744.000000  1.76814261897126642E+02  1.35505659571150318E+02  2.17050211024739781E+01  1.93131498951868537E+01  1.75683692779487283E-01  1.13913680668752793E-01  5.55106763258096138E-04  2.77904455601249748E-04  9.43648362877955311E-07
  746.000000  1.75032804375994914E+02  1.34485850502700714E+02  2.13177728579280199E+01  1.89455972239344916E+01  1.71658011677254918E-01  1.11115497289390283E-01  5.39739146424967112E-04  2.69630268428064531E-04  9.13050154350883944E-07
  748.000000  1.73282293996765475E+02  1.33479554867589968E+02  2.09390685622201076E+01  1.85867450279889930E+01  1.67740348489475583E-01  1.08397818620707839E-01  5.24853716030739188E-04  2.61634588353553440E-04  8.83551814841749271E-07
  750.000000  1.71562001756623943E+02  1.32486522140104057E+02  2.05686829384579823E+01  1.82363461247791676E+01  1.63927375559371896E-01  1.05757982133691045E-01  5.10433544759852269E-04  2.53906935003112510E-04  8.55109911385051258E-07
  752.000000  1.69871220159122487E+02  1.31506507897906317E+02  2.02063976603369362E+01  1.78941615670323770E+01  1.60215881363782314E-01  1.03193425171073550E-01  4.96462363965251416E-04  2.46437265163787316E-04  8.27682882293173121E-07
  754.000000  1.68209262456094820E+02  1.30539273635552377E+02  1.98520011052203245E+01  1.75599603268894668E+01  1.56602765968550689E-01  1.00701680744938724E-01  4.82924535464775411E-04  2.39215952713598285E-04  8.01230949672721279E-07
  756.000000  1.66575461920742896E+02  1.29584586585086527E+02  1.95052881171826620E+01  1.72335189937511437E+01  1.53085036681530312E-01  9.82803735307807430E-02  4.69805024658088782E-04  2.32233769558780074E-04  7.75716036359075035E-07
  758.000000  1.64969171150097850E+02  1.28642219543059923E+02  1.91660597795631986E+01  1.69146214851888566E+01  1.49659803893849003E-01  9.59272160479190256E-02  4.57089374897492323E-04  2.25481867523911545E-04  7.51101687029118426E-07
  760.000000  1.63389761395551375E+02  1.27711950703751313E+02  1.88341231965988989E+01  1.66030587702868182E+01  1.46324277100429861E-01  9.36400050167004450E-02  4.44763683049176448E-04  2.18951761143104407E-04  7.27352993265633201E-07
  762.000000  1.61836621920457247E+02  1.26793563498600861E+02  1.85092912837376424E+01  1.62986286048200455E+01  1.43075761091169484E-01  9.14166178834972393E-02  4.32814576183865925E-04  2.12635311303526332E-04  7.04436522360203312E-07
  764.000000  1.60309159383191798E+02  1.25886846441224748E+02  1.81913825662366193E+01  1.60011352777013549E+01  1.39911652304826634E-01  8.92550095049808173E-02  4.21229189341168790E-04  2.06524709695358880E-04  6.82320249655347791E-07
  766.000000  1.58806797244684248E+02  1.24991592977936079E+02  1.78802209856837422E+01  1.57103893681611204E+01  1.36829435337850441E-01  8.71532089836326851E-02  4.09995144313157853E-04  2.00612464024958238E-04  6.60973494234847816E-07
  768.000000  1.57328975199518794E+02  1.24107601343746637E+02  1.75756357140912733E+01  1.54262075131528746E+01  1.33826679600904552E-01  8.51093166469022444E-02  3.99100529396253503E-04  1.94891383950501832E-04  6.40366857784805027E-07
  770.000000  1.55875148629126670E+02  1.23234674423195088E+02  1.72774609752302197E+01  1.51484121845023481E+01  1.30901036116266301E-01  8.31215011628269745E-02  3.88533880064048317E-04  1.89354567701751578E-04  6.20472166457667749E-07
  772.000000  1.54444788076488379E+02  1.22372619616210841E+02  1.69855358728861709E+01  1.48768314753442610E+01  1.28050234449486183E-01  8.11879967853308127E-02  3.78284160515058546E-04  1.83995389347762746E-04  6.01262415580865758E-07
  774.000000  1.53037378741168737E+02  1.21521248708576763E+02  1.66997042257411756E+01  1.46112988954144036E+01  1.25272079769142480E-01  7.93071007227841296E-02  3.68340746051918743E-04  1.78807486678447147E-04  5.82711717058605776E-07
  776.000000  1.51652419993858700E+02  1.20680377746878662E+02  1.64198144085901063E+01  1.43516531747862626E+01  1.22564450028767008E-01  7.74771706237513819E-02  3.58693406252587983E-04  1.73784749667822653E-04  5.64795249328549468E-07
  778.000000  1.50289424909559358E+02  1.19849826917745418E+02  1.61457191996238407E+01  1.40977380756629653E+01  1.19925293265364552E-01  7.56966221741853795E-02  3.49332288893229267E-04  1.68921309488615445E-04  5.47489209737204621E-07
  780.000000  1.48947919818562781E+02  1.19029420431182984E+02  1.58772756335127472E+01  1.38494022118537874E+01  1.17352625009269587E-01  7.39639268006231781E-02  3.40247904587885511E-04  1.64211528049580018E-04  5.30770769210717039E-07
  782.000000  1.47627443874593325E+02  1.18218986407961438E+02  1.56143448600523147E+01  1.36064988755870075E+01  1.14844525800150421E-01  7.22776094742478420E-02  3.31431112108746418E-04  1.59649988028525466E-04  5.14618029100548722E-07
  784.000000  1.46327548639158067E+02  1.17418356770694345E+02  1.53567920081272415E+01  1.33688858713233572E+01  1.12399138804475732E-01  7.06362466109340531E-02  3.22873104355521996E-04  1.55231483375533046E-04  4.99009980092952337E-07
  786.000000  1.45047797681635586E+02  1.16627367138681393E+02  1.51044860547748474E+01  1.31364253562551454E+01  1.10014667529883203E-01  6.90384640626603430E-02  3.14565394941825657E-04  1.50951010262265049E-04  4.83926463075077295E-07
  788.000000  1.43787766194180278E+02  1.15845856726119450E+02  1.48572996991305430E+01  1.29089836871903554E+01  1.07689373632031210E-01  6.74829351959231882E-02  3.06499805369504113E-04  1.46803758454627347E-04  4.69348131859203382E-07
  790.000000  1.42547040621124040E+02  1.15073668243862016E+02  1.46151092410526715E+01  1.26864312735342430E+01  1.05421574809870799E-01  6.59683790529866365E-02  2.98668452762970867E-04  1.42785103087243937E-04  4.55256417668279390E-07
  792.000000  1.41325218301953925E+02  1.14310647804275618E+02  1.43777944642321973E+01  1.24686424361001755E+01  1.03209642785416764E-01  6.44935585920639598E-02  2.91063738136730491E-04  1.38890596819464854E-04  4.41633495295841600E-07
  794.000000  1.40121907127492108E+02  1.13556644829275115E+02  1.41452385236018614E+01  1.22554952714884173E+01  1.01052001364250660E-01  6.30572790026829449E-02  2.83678335171177044E-04  1.35115962353663281E-04  4.28462250852716984E-07
  796.000000  1.38936725208706036E+02  1.12811511961393194E+02  1.39173278368669315E+01  1.20468715217889706E+01  9.89471245732226473E-02  6.16583860927135546E-02  2.76505179472491796E-04  1.31457085297663164E-04  4.15726251023252256E-07
  798.000000  1.37769300557504721E+02  1.12075104977649232E+02  1.36939519799889950E+01  1.18426564493754363E+01  9.68935348719778822E-02  6.02957647437029204E-02  2.69537458294355134E-04  1.27910007354131071E-04  4.03409713753074231E-07
  800.000000  1.36619270779168062E+02  1.11347282706259193E+02  1.34750035864604598E+01  1.16427387165640290E+01  9.48898014350695596E-02  5.89683374313226399E-02  2.62768600699480747E-04  1.24470919820623104E-04  3.91497480298710135E-07
  802.000000  1.35486282775862406E+02  1.10627906946002724E+02  1.32603782502179079E+01  1.14470102699317646E+01  9.29345385015708930E-02  5.76750628079335387E-02  2.56192268140841917E-04  1.21136157384977569E-04  3.79974988569026380E-07
  804.000000  1.34369992460778803E+02  1.09916842388145710E+02  1.30499744320451452E+01  1.12553662290882937E+01  9.10264037893711020E-02  5.64149343443820436E-02  2.49802345443136909E-04  1.17902192201439846E-04  3.68828247696658442E-07
  806.000000  1.33270064482517085E+02  1.09213956540875301E+02  1.28436933693270969E+01  1.10677047797109456E+01  8.91640969712018117E-02  5.51869790283099626E-02  2.43592932165757610E-04  1.14765628233744801E-04  3.58043813776127300E-07
  808.000000  1.32186171959177074E+02  1.08519119656033979E+02  1.26414389890181305E+01  1.08839270706597127E+01  8.73463582099157365E-02  5.39902561163921116E-02  2.37558334330323210E-04  1.11723195852107008E-04  3.47608766713885718E-07
  810.000000  1.31117996221962358E+02  1.07832204658261048E+02  1.24431178236983726E+01  1.07039371150006595E+01  8.55719667503624659E-02  5.28238559380541858E-02  2.31693056495239956E-04  1.08771746671768935E-04  3.37510688132546803E-07
  812.000000  1.30065226567753086E+02  1.07153087076293957E+02  1.22486389305967496E+01  1.05276416947680911E+01  8.38397395655095662E-02  5.16868987483178957E-02  2.25991794162377121E-04  1.05908248621352309E-04  3.27737640280756281E-07
  814.000000  1.29027560020259415E+02  1.06481644976324276E+02  1.20579138134568300E+01  1.03549502693103257E+01  8.21485300545330976E-02  5.05785336275720449E-02  2.20449426500263169E-04  1.03129781229955003E-04  3.18278145897237182E-07
  816.000000  1.28004701099680346E+02  1.05817758897588078E+02  1.18708563471456525E+01  1.01857748870682219E+01  8.04972267906094024E-02  4.94979374261514185E-02  2.15061009369435356E-04  1.00433531122440508E-04  3.09121168984198610E-07
  818.000000  1.26996361600128992E+02  1.05161311789724834E+02  1.16873827048824577E+01  1.00200301006411472E+01  7.88847523163934278E-02  4.84443137517184749E-02  2.09821768636667805E-04  9.78167877129600182E-05  3.00256096445170808E-07
  820.000000  1.26002260374901923E+02  1.04512188952207055E+02  1.15074112880012009E+01  9.85763288500539048E+00  7.73100619851604526E-02  4.74168919975420308E-02  2.04727093764740147E-04  9.52769390872415365E-05  2.91672720545743736E-07
  822.000000  1.25022123129043905E+02  1.03870277975538897E+02  1.13308626581351852E+01  9.69850255875330980E+00  7.57721428457112517E-02  4.64149264098550132E-02  1.99772531666004730E-04  9.28114680646723917E-05  2.83361222158700732E-07
  824.000000  1.24055682218988551E+02  1.03235468684219597E+02  1.11576594717379720E+01  9.54256070822782831E+00  7.42700125691994062E-02  4.54376951925645756E-02  1.94953780807005466E-04  9.04179484316601652E-05  2.75312154753606510E-07
  826.000000  1.23102676459054436E+02  1.02607653081462956E+02  1.09877264168487265E+01  9.38973111443556618E+00  7.28027184161859908E-02  4.44844996476752921E-02  1.90266685554075257E-04  8.80940413382074074E-05  2.67516429097899875E-07
  828.000000  1.22162850934459414E+02  1.01986725295543124E+02  1.08209901520140601E+01  9.23993968262221266E+00  7.13693362422691407E-02  4.35546633498505864E-02  1.85707230748728680E-04  8.58374918500144234E-05  2.59965298633771923E-07
  830.000000  1.21235956820594438E+02  1.01372581527694990E+02  1.06573792472880502E+01  9.09311437440461745E+00  6.99689695406378875E-02  4.26475313536371914E-02  1.81271536502535289E-04  8.36461256488557186E-05  2.52650345500019176E-07
  832.000000  1.20321751208447111E+02  1.00765120001655021E+02  1.04968241272249045E+01  8.94918514235258478E+00  6.86007485201418216E-02  4.17624694319138831E-02  1.76955853202344457E-04  8.15178458742883368E-05  2.45563467167173294E-07
  834.000000  1.19419996935743654E+02  1.00164240914575998E+02  1.03392570157973225E+01  8.80808386692505252E+00  6.72638292173462077E-02  4.08988633442328997E-02  1.72756556716250530E-04  7.94506301001676464E-05  2.38696863658307378E-07
  836.000000  1.18530462423766650E+02  9.95698463894544261E+01  1.01846118831601693E+01  8.66974429566281835E+00  6.59573926412298367E-02  4.00561181337477853E-02  1.68670143791783706E-04  7.74425274396934373E-05  2.32043025327041691E-07
  838.000000  1.17652921519506663E+02  9.89818404288790248E+01  1.00328243941972417E+01  8.53410198455149960E+00  6.46806439492547680E-02  3.92336574515211520E-02  1.64693227637878020E-04  7.54916557731161473E-05  2.25594721167304012E-07
  840.000000  1.16787153343075474E+02  9.84001288701977046E+01  9.88383185877671977E+00  8.40109424146286976E+00  6.34328116534175201E-02  3.84309229070150041E-02  1.60822533682581959E-04  7.35961990924119543E-05  2.19344987629341154E-07
  842.000000  1.15932942140040552E+02  9.78246193418993357E+01  9.73757318365772484E+00  8.27066007159702288E+00  6.22131468552192118E-02  3.76473734436719235E-02  1.57054895499184738E-04  7.17544049576248922E-05  2.13287117919558764E-07
  844.000000  1.15090077138586437E+02  9.72552212212593759E+01  9.59398882598738822E+00  8.14274012484521492E+00  6.10209225083404791E-02  3.68824847385185034E-02  1.53387250893289109E-04  6.99645820597833432E-05  2.07414651760516909E-07
  846.000000  1.14258352411357066E+02  9.66918455932488996E+01  9.45302074832279082E+00  8.01727664499533965E+00  5.98554327078977197E-02  3.61357486247626952E-02  1.49816638143993502E-04  6.82250978855223651E-05  2.01721365591025693E-07
  848.000000  1.13437566741673905E+02  9.61344052105205833E+01  9.31461237512997542E+00  7.89421342071153465E+00  5.87159920052600925E-02  3.54066725364364995E-02  1.46340192392752186E-04  6.65343764788566450E-05  1.96201263184954646E-07
  850.000000  1.12627523494139510E+02  9.55828144546156295E+01  9.17870855069965330E+00  7.77349573821564732E+00  5.76019347474073587E-02  3.46947789741449686E-02  1.42955142173293703E-04  6.48908962956861184E-05  1.90848566670566634E-07
  852.000000  1.11828030489315466E+02  9.50369892981923385E+01  9.04525549843277155E+00  7.65507033560747541E+00  5.65126144399020688E-02  3.39996049910541373E-02  1.39658806077120007E-04  6.32931881469138934E-05  1.85657707931477000E-07
  854.000000  1.11038899882389828E+02  9.44968472683129335E+01  8.91420078144219197E+00  7.53888535875792432E+00  5.54474031324343405E-02  3.33207016982645446E-02  1.36448589548443977E-04  6.17398332261766129E-05  1.80623320371915953E-07
  856.000000  1.10259948045738525E+02  9.39623074107987577E+01  8.78549326442579570E+00  7.42489031871572802E+00  5.44056908262356212E-02  3.26576337887746551E-02  1.33321981803218227E-04  6.02294612184399206E-05  1.75740231030053260E-07
  858.000000  1.09490995455131312E+02  9.34332902555127589E+01  8.65908307676261479E+00  7.31303605056952399E+00  5.33868849023484832E-02  3.20099790792649497E-02  1.30276552867163045E-04  5.87607484858588297E-05  1.71003453023111785E-07
  860.000000  1.08731866579594879E+02  9.29097177826772622E+01  8.53492157679247399E+00  7.20327467371091323E+00  5.23904095700190586E-02  3.13773280689749121E-02  1.27309950727790938E-04  5.73324163275005293E-05  1.66408178310002466E-07
  862.000000  1.07982389774584021E+02  9.23915133899831176E+01  8.41296131723105134E+00  7.09555955344272427E+00  5.14157053344739892E-02  3.07592835149650932E-02  1.24419898595551771E-04  5.59432293096491460E-05  1.61949770756363712E-07
  864.000000  1.07242397178620806E+02  9.18786018607370352E+01  8.29315601168375949E+00  6.98984526388397409E+00  5.04622284832221615E-02  3.01554600231030943E-02  1.21604192269755655E-04  5.45919936636163474E-05  1.57623759489323345E-07
  866.000000  1.06511724613050049E+02  9.13709093327859705E+01  8.17546050221931786E+00  6.88608755212113355E+00  4.95294505902989790E-02  2.95654836541311937E-02  1.18860697604747376E-04  5.32775557480896021E-05  1.53425832528287606E-07
  868.000000  1.05790211484933394E+02  9.08683632683251972E+01  8.05983072796504096E+00  6.78424330356081384E+00  4.86168580376562798E-02  2.89889915442118999E-02  1.16187348072325185E-04  5.19988005732171000E-05  1.49351830679793774E-07
  870.000000  1.05077700692827406E+02  9.03708924244219247E+01  7.94622369468615108E+00  6.68427050843626791E+00  4.77239515531552375E-02  2.84256315393564378E-02  1.13582142416527205E-04  5.07546503837303606E-05  1.45397741685002562E-07
  872.000000  1.04374038535651891E+02  8.98784268245329372E+01  7.83459744531843771E+00  6.58612822942752629E+00  4.68502457644001669E-02  2.78750618431912803E-02  1.11043142396690604E-04  4.95440632985651660E-05  1.41559694607773860E-07
  874.000000  1.03679074624037511E+02  8.93908977304881773E+01  7.72491103141620883E+00  6.48977657035102951E+00  4.59952687679938133E-02  2.73369506775162502E-02  1.08568470615622327E-04  4.83660320045251532E-05  1.37833954453945345E-07
  876.000000  1.02992661794662069E+02  8.89082376155130873E+01  7.61712448548971022E+00  6.39517664588285140E+00  4.51585617134029824E-02  2.68109759551603891E-02  1.06156308428939199E-04  4.72195825016893901E-05  1.34216917010149711E-07
  878.000000  1.02314656026949478E+02  8.84303801377440095E+01  7.51119879419409742E+00  6.30229055227365009E+00  4.43396784011374015E-02  2.62968249646295532E-02  1.03804893932700254E-04  4.61037728983176216E-05  1.30705103894279738E-07
  880.000000  1.01644916362424311E+02  8.79572601145230237E+01  7.40709587234758082E+00  6.21108133902249993E+00  4.35381848944768335E-02  2.57941940660962182E-02  1.01512583232099700E-04  4.50176922531689245E-05  1.27295157806520886E-07
  882.000000  1.00983304826199870E+02  8.74888134974040668E+01  7.30477853774479957E+00  6.12151298147159117E+00  4.27536591444394598E-02  2.53027883982689557E-02  9.92775934081817151E-05  4.39604594631893300E-05  1.23983837973726548E-07
  884.000000  1.00329686351333734E+02  8.70249773477015083E+01  7.20421048674117515E+00  6.03355035429069808E+00  4.19856906273392422E-02  2.48223215957273473E-02  9.70983870800473068E-05  4.29312221946660268E-05  1.20768015777829655E-07
  886.000000  9.96839287048990172E+01  8.65656898127778049E+01  7.10535627058091190E+00  5.94715920581827273E+00  4.12338799945579579E-02  2.43525155163057637E-02  9.49734106320618689E-05  4.19291558560020116E-05  1.17644670560653701E-07
  888.000000  9.90459024164918560E+01  8.61108901028765672E+01  7.00818127244384659E+00  5.86230613322752436E+00  4.04978387340869245E-02  2.38930999781335647E-02  9.29011581929196033E-05  4.09534626103520022E-05  1.14610885597552746E-07
  890.000000  9.84154807087886638E+01  8.56605184685584504E+01  6.91265168518671302E+00  5.77895855848990880E+00  3.97771888433322909E-02  2.34438125059642059E-02  9.08801700302470813E-05  4.00033704264643670E-05  1.11663844232348830E-07
  892.000000  9.77925394301679489E+01  8.52145161787453276E+01  6.81873448975440422E+00  5.69708470510492493E+00  3.90715625128568791E-02  2.30043980864228226E-02  8.89090310037719903E-05  3.90781321661094717E-05  1.08800826166885317E-07
  894.000000  9.71769569892510248E+01  8.47728254992741768E+01  6.72639743424019532E+00  5.61665357557124256E+00  3.83806018205939958E-02  2.25746089318389874E-02  8.69863690749851973E-05  3.81770247065860309E-05  1.06019203898596078E-07
  896.000000  9.65686142914040460E+01  8.43353896720522584E+01  6.63560901357305344E+00  5.53763492957179437E+00  3.77039584361899688E-02  2.21542042523285056E-02  8.51108538707747353E-05  3.72993480968414752E-05  1.03316439299384061E-07
  898.000000  9.59673946769829485E+01  8.39021528946462922E+01  6.54633844980878532E+00  5.45999926284682857E+00  3.70412933350987503E-02  2.17429500358080202E-02  8.32811952992877462E-05  3.64444247458075551E-05  1.00690080330445416E-07
  900.000000  9.53731838614726968E+01  8.34730603004944669E+01  6.45855567300913069E+00  5.38371778673274815E+00  3.63922765220809769E-02  2.13406188356456313E-02  8.14961422156155389E-05  3.56115986416365420E-05  9.81377578867126097E-08
