# Wavelength || Total || n=1 | n=2 | ...
  300.000000  2.89262954149232610E+03  2.32521586177988593E+03  6.49600289583170962E+01  4.69101893090713645E+02  1.43900497023017717E+01  1.80999905740698672E+01  5.66654591376686723E-01  2.85938064943444759E-01  9.12473071745935511E-03
  302.000000  3.03024953839587124E+03  2.44055011706741698E+03  6.90223594030642431E+01  4.86279979570991543E+02  1.49891019424657141E+01  1.85281562289479602E+01  5.81579710306552422E-01  2.89008351936705155E-01  9.23612074132402518E-03
  304.000000  3.17320009441618413E+03  2.56034939739757465E+03  7.34263660823839359E+01  5.03926002678936868E+02  1.56351298009243322E+01  1.89638706045980960E+01  5.97831800735021623E-01  2.92131211919956113E-01  9.36483911090799960E-03
  306.000000  3.32175243803959847E+03  2.68481452209057261E+03  7.82085377783212436E+01  5.22067582650497798E+02  1.63333218563291140E+01  1.94080848569089568E+01  6.15553690631488681E-01  2.95322657830426938E-01  9.51245850699466468E-03
  308.000000  3.47620014860030960E+03  2.81415987559414498E+03  8.34106377549788789E+01  5.40734964087971889E+02  1.70896345378849190E+01  1.98618460229275975E+01  6.34909687944866352E-01  2.98600107857521446E-01  9.68080659868223066E-03
  310.000000  3.63686150280980428E+03  2.94861435540405455E+03  8.90806499250896877E+01  5.59961307889162526E+02  1.79109336235354348E+01  2.03263116445713266E+01  6.56089619946337854E-01  3.01982688994984871E-01  9.87201444928534864E-03
  312.000000  3.80408220722703254E+03  3.08842240864326686E+03  9.52739297048874789E+01  5.79783039284619349E+02  1.88051675964048677E+01  2.08027679863177610E+01  6.79313812458265720E-01  3.05491622432969012E-01  1.00885766454587803E-02
  314.000000  3.97823860519489153E+03  3.23384516981280740E+03  1.02054612145524416E+02  6.00240265495518315E+02  1.97815814372268086E+01  2.12926528868903269E+01  7.04839273151908752E-01  3.09150717170637468E-01  1.03334266013531562E-02
  316.000000  4.15974147293915485E+03  3.38516171529562098E+03  1.09497345654510511E+02  6.21377280688984229E+02  2.08509821553374444E+01  2.17975846720417579E+01  7.32967431962855187E-01  3.12987008973814373E-01  1.06100317231106207E-02
  318.000000  4.34904055506818167E+03  3.54267045444221822E+03  1.17689440757409287E+02  6.43243181624293015E+02  2.20260710993985676E+01  2.23193991161772871E+01  7.64053916085691620E-01  3.17031597716871671E-01  1.09225148829536593E-02
  320.000000  4.54663003858014054E+03  3.70669068308081160E+03  1.26733552020439603E+02  6.65892625344646603E+02  2.33218632810374444E+01  2.28601972679811958E+01  7.98521013830615245E-01  3.21320760174299724E-01  1.12758112202722312E-02
  322.000000  4.75305523255555909E+03  3.87756433398811851E+03  1.36751050521478277E+02  6.89386771529784596E+02  2.47562212519676166E+01  2.34224082015653785E+01  8.36873737194825162E-01  3.25897452347973848E-01  1.16758731020719896E-02
  324.000000  4.96892081692250486E+03  4.05565797172161183E+03  1.47886298594988460E+02  7.13794468333495047E+02  2.63505415126701905E+01  2.40088726746771997E+01  8.79720769451618367E-01  3.30813373738078009E-01  1.21299418726176118E-02
  326.000000  5.19490116184690487E+03  4.24136509870508871E+03  1.60312114604803668E+02  7.39193764318582453E+02  2.81306465867663462E+01  2.46229567069159643E+01  9.27802150597604625E-01  3.36131860087469259E-01  1.26469140633909388E-02
  328.000000  5.43175342132283458E+03  4.43510886976408710E+03  1.74236823149899919E+02  7.65673864787459934E+02  3.01279583144748067E+01  2.52687090082527952E+01  9.82026427322428841E-01  3.41932027079118572E-01  1.32378442589367960E-02
  330.000000  5.68033440597866684E+03  4.63734536071832190E+03  1.89913440514784071E+02  7.93337705669063212E+02  3.23810617860701271E+01  2.59510844053203655E+01  1.04352138073677980E+00  3.48314853412740710E-01  1.39166509577001059E-02
  332.000000  5.94162270050064762E+03  4.84856761629215271E+03  2.07651769812555216E+02  8.22305404838156846E+02  3.49378217444897388E+01  2.66762696007406355E+01  1.11370471924462766E+00  3.55412359790530152E-01  1.47011335163245837E-02
  334.000000  6.21674821328545659E+03  5.06931083777879940E+03  2.27834512320323256E+02  8.52718992142816887E+02  3.78582966717040890E+01  2.74521729931125016E+01  1.19438500141907578E+00  3.63401893447271473E-01  1.56144838337850724E-02
  336.000000  6.50703251408776305E+03  5.30015930734222002E+03  2.50939001457777465E+02  8.84749058184731553E+02  4.12188328125859371E+01  2.82891875523556493E+01  1.28790997407127517E+00  3.72529143430591070E-01  1.66876205910545111E-02
  338.000000  6.81404526934674959E+03  5.54175606862171935E+03  2.77566935498057433E+02  9.18604381139191787E+02  4.51179543113664252E+01  2.92014275673240853E+01  1.39739253954144105E+00  3.83146703865918370E-01  1.79629656836263925E-02
  340.000000  7.13968545444204665E+03  5.79481712858208630E+03  3.08485702723482859E+02  9.54546360124784542E+02  4.96850830867409954E+01  3.02088267838763116E+01  1.52707061611965056E+00  3.95781612666581684E-01  1.95009122891857817E-02
  342.000000  7.48630183835716161E+03  6.06015303872924960E+03  3.44686873091464349E+02  9.92911572693002768E+02  5.50939065295391259E+01  3.13408835245630542E+01  1.68291239826864514E+00  4.11259711263042338E-01  2.13916798100801629E-02
  344.000000  7.85687579215760616E+03  6.33870038577836840E+03  3.87470563310373393E+02  1.03414891610633435E+03  6.15837734627709779E+01  3.26437287188954741E+01  1.87369814081191377E+00  4.30947925899520190E-01  2.37787141520274491E-02
  346.000000  8.25529085994340130E+03  6.63155028152101841E+03  4.38567629617467901E+02  1.07888567809591336E+03  6.94958246868435907E+01  3.41942699747789050E+01  2.11300810083011115E+00  4.57260105137819617E-01  2.69078414087376948E-02
  348.000000  8.68667236996299653E+03  6.93988625272825266E+03  5.00309426391246518E+02  1.12806082116134553E+03  7.93384866254487804E+01  3.61294369650111804E+01  2.42180545283176629E+00  4.94953946499126218E-01  3.11866923596941722E-02
  350.000000  9.15773128989955148E+03  7.26461844125314838E+03  5.75854541120640761E+02  1.18324132833663839E+03  9.19134918813478521E+01  3.86882944676739200E+01  2.82439024412737139E+00  5.54137093382411794E-01  3.66655025909957064E-02
  352.000000  9.67717922891322269E+03  7.60545393607078677E+03  6.69596950542447189E+02  1.24749485606501435E+03  1.08499784901378874E+02  4.20966712277150137E+01  3.35687674625247645E+00  6.37073005253663505E-01  4.30803543761374835E-02
  354.000000  1.02574004724253773E+04  7.95958220559031997E+03  7.87846810670971081E+02  1.32761003808234113E+03  1.31134411910924200E+02  4.63440399121371911E+01  4.11890383909485625E+00  7.11416007791604188E-01  5.26464117988287988E-02
  356.000000  1.09284208338899334E+04  8.32983660291171873E+03  9.40182527594684871E+02  1.43531189157754943E+03  1.63717123836113586E+02  5.31759646442520051E+01  5.30102805936895116E+00  8.26918600169391449E-01  6.87766660774197375E-02
  358.000000  1.17147855295321206E+04  8.71161385878396140E+03  1.14271664355483563E+03  1.57784258187530145E+03  2.09697098462373702E+02  6.47413305137806105E+01  7.00920807314652716E+00  1.07234249726018671E+00  9.24657714622496574E-02
  360.000000  1.25644509552161144E+04  9.09135763970915286E+03  1.42369157748665066E+03  1.70949679092120346E+03  2.56321437447372318E+02  7.38563357758304306E+01  8.36088143038146470E+00  1.25826030257042132E+00  1.08032142953668808E-01
  362.000000  1.35130394188069567E+04  9.50902102286572517E+03  1.82336451231145179E+03  1.79986872592189502E+03  2.96387661629191200E+02  7.42606011410127138E+01  8.82112916366640576E+00  1.20948151623835010E+00  1.06284257775431920E-01
  364.000000  1.47600082423188032E+04  9.99164045292064293E+03  2.40321079670467043E+03  1.91703952654193745E+03  3.62168908886756924E+02  7.47436138580123384E+01  9.94942604438545430E+00  1.14363479202008933E+00  1.11882570376449372E-01
  366.000000  1.64927668685294339E+04  1.05362754964271189E+04  3.28191148587784483E+03  2.10297178245281293E+03  4.77820775640761838E+02  7.99462285035438356E+01  1.25354837092068792E+01  1.17076733301542313E+00  1.34848585130236343E-01
  368.000000  1.90033473007839966E+04  1.11642158575270969E+04  4.66706786157943043E+03  2.39113882070981481E+03  6.70945102623343359E+02  9.13352789370829043E+01  1.71559248444407508E+01  1.30876890525585310E+00  1.79685657535828602E-01
  370.000000  2.27528420218593419E+04  1.19313862947892794E+04  6.85733065090082528E+03  2.84182757641550643E+03  9.84197091713710392E+02  1.11484542915424484E+02  2.47722806717277706E+01  1.58864387340071445E+00  2.54940579467448025E-01
  372.000000  2.79536380082928517E+04  1.29154513254168396E+04  9.89843530768104938E+03  3.53037675286124158E+03  1.42777913900849353E+03  1.43632318359270926E+02  3.55501640834598547E+01  2.05185641373573047E+00  3.61144468762751969E-01
  374.000000  3.24995998023427455E+04  1.40131736623897505E+04  1.21754050065193169E+04  4.31070302198299851E+03  1.77401177318349869E+03  1.79489142483432204E+02  4.38135364381676027E+01  2.56324645970740272E+00  4.40412885877981219E-01
  376.000000  3.16584534851929457E+04  1.46714410715187005E+04  1.08391560577882483E+04  4.32630130793072476E+03  1.60274316494551681E+03  1.76606036144971910E+02  3.93296343400916513E+01  2.48449025309554949E+00  3.91722271597020999E-01
  378.000000  2.69466731804106857E+04  1.48889735463992038E+04  7.36907633779634125E+03  3.41935792512437683E+03  1.11117973865974636E+03  1.28946943837187860E+02  2.71254978649309173E+01  1.74526268256666284E+00  2.67928046334532488E-01
  380.000000  2.32289369438667818E+04  1.51944466971787006E+04  4.57648125606492158E+03  2.64355999689071223E+03  7.07685610752914613E+02  8.82687957365746598E+01  1.72039006216217558E+01  1.12206229462097817E+00  1.68624326716209499E-01
  382.000000  2.13292689680171570E+04  1.56866563510402320E+04  2.86231293548700387E+03  2.24512755181704733E+03  4.56991344149587633E+02  6.62173694696887907E+01  1.10745751479194823E+01  7.81071318803419623E-01  1.07769586868551481E-01
  384.000000  2.06024199408973109E+04  1.63105852768157783E+04  1.84785166751441739E+03  2.07339265514700446E+03  3.07195243766906515E+02  5.52874725626885066E+01  7.42891214204459871E+00  6.06904390573314911E-01  7.18085578987520817E-02
  386.000000  2.05421150164980900E+04  1.70262807766832775E+04  1.22882784545868208E+03  2.01626653811771916E+03  2.15038816994054116E+02  4.99397079842752589E+01  5.19546032537511415E+00  5.15963623902624402E-01  4.99073108042399904E-02
  388.000000  2.08737448196801670E+04  1.78138645342172604E+04  8.33743665466269817E+02  2.01861236419692204E+03  1.55812822490518670E+02  4.74422400114094813E+01  3.76599750288265689E+00  4.67226641213968896E-01  3.59691536890138705E-02
  390.000000  2.14542551308587717E+04  1.86639854717358903E+04  5.70220192253166488E+02  2.05419029245548518E+03  1.16091809435092685E+02  4.64882014546275713E+01  2.81133919048042413E+00  4.41111649854497356E-01  2.67126841707878565E-02
  392.000000  2.22072110743120356E+04  1.95724141146693255E+04  3.87343182583037503E+02  2.11000493823527995E+03  8.84255757440790688E+01  4.64257137925317025E+01  2.14935918624300415E+00  4.27859826858333459E-01  2.03302746810124259E-02
  394.000000  2.30901729443960903E+04  2.05374467053202607E+04  2.55915692371002621E+02  2.17926954861348713E+03  6.85164304781888660E+01  4.69111869338250145E+01  1.67526671221497758E+00  4.22328225634478138E-01  1.57857414720938144E-02
  396.000000  2.40786489496612994E+04  2.15586198649183098E+04  1.58484740607188058E+02  2.25824889250177785E+03  5.37816456463055559E+01  4.77534570907255329E+01  1.32623375328235826E+00  4.21655199643309553E-01  1.24599440658589022E-02
  398.000000  2.51579477204432878E+04  2.26360185203166548E+04  8.42045646121195404E+01  2.34477837040121358E+03  4.26084024952710152E+01  4.88406147455560600E+01  1.06311274540749179E+00  4.24166790123442938E-01  9.96833693945617036E-03
  400.000000  2.63188390326188419E+04  2.37698574572160869E+04  2.60959443114172771E+01  2.43753011579796976E+03  3.39541629148872062E+01  5.01037996958414666E+01  8.60652126851892740E-01  4.28836915953912878E-01  8.06363983090830662E-03
  402.000000  2.75551112739040764E+04  2.49601901657119924E+04 -2.04728810852915224E+01  2.53562794138268282E+03  2.71240738865253306E+01  5.14983286693273001E+01  7.02056505368736650E-01  4.35006957494260771E-01  6.58187598123043550E-03
  404.000000  2.88621076543355557E+04  2.62066746908085443E+04 -5.86593693340159277E+01  2.63843311460068981E+03  2.16423673911085324E+01  5.29933576824728263E+01  5.75848838051774559E-01  4.42233026011093266E-01  5.41132269364523293E-03
  406.000000  3.02357836304735392E+04  2.75083611784020432E+04 -9.06651771451357860E+01  2.74541749248715132E+03  1.71755214286017157E+01  5.45659443441268266E+01  4.73997847406382400E-01  4.50199086791652381E-01  4.47402255630079473E-03
  408.000000  3.16720491559875882E+04  2.88634830583193652E+04 -1.18052558625994081E+02  2.85608309020280194E+03  1.34849445597864008E+01  5.61974759291754680E+01  3.90765645088787694E-01  4.58665530292799217E-01  3.71442706940677218E-03
  410.000000  3.31662703004676005E+04  3.02692432306455776E+04 -1.41941195272867645E+02  2.96990726502510370E+03  1.03970702452589130E+01  5.78714210271650771E+01  3.21978974618666702E-01  4.67437597833994301E-01  3.09222490931808846E-03
  412.000000  3.47128633401696716E+04  3.17215926025512272E+04 -1.63131338543806834E+02  3.08630269140639848E+03  7.78405131232630065E+00  5.95718530000011768E+01  2.64557373138133989E-01  4.76345369727743884E-01  2.57770066994395192E-03
  414.000000  3.63049473653064342E+04  3.32150028885964057E+04 -1.82179216612275042E+02  3.20458654584112082E+03  5.55111926503347597E+00  6.12824470048358947E+01  2.16201766135477952E-01  4.85230777686363357E-01  2.14866749725684284E-03
  416.000000  3.79340415399832636E+04  3.47422397037751070E+04 -1.99439394472701821E+02  3.32395624563132742E+03  3.62828203372786584E+00  6.29857893183369200E+01  1.75186181009793190E-01  4.93939111241603612E-01  1.78840521097435134E-03
  418.000000  3.95898066219668035E+04  3.62941461014130909E+04 -2.15082206184845461E+02  3.44347083573937061E+03  1.96496037299279935E+00  6.46629150184795520E+01  1.40217748175885837E-01  5.02313601775523533E-01  1.48425776897962141E-03
  420.000000  4.12598401933883579E+04  3.78594510587612604E+04 -2.29090606606278158E+02  3.56203823910135088E+03  5.26704381001547817E-01  6.62930354468721390E+01  1.10343325332526762E-01  5.10192304701792887E-01  1.22667412852462679E-03
  422.000000  4.29295425363511604E+04  3.94246221829256465E+04 -2.41239163880443272E+02  3.67840933497029209E+03 -7.06565825706275574E-01  6.78534440014609714E+01  8.48887364906850683E-02  5.17406870056218882E-01  1.00855335679163002E-03
  424.000000  4.45820754609899595E+04  4.09737874954697618E+04 -2.51058755779637920E+02  3.79118031774110295E+03 -1.74122928431919588E+00  6.93196044306164652E+01  6.34206128587154333E-02  5.23783001371732282E-01  8.24798205900953256E-04
  426.000000  4.61984392641292725E+04  4.24887584106897048E+04 -2.57795129601266410E+02  3.89880505204882411E+03 -2.57003844097077971E+00  7.06654330877092178E+01  4.57218372678776588E-02  5.29142507288522745E-01  6.72000719673469652E-04
  428.000000  4.77576925689168274E+04  4.39491962358957753E+04 -2.60379879469744026E+02  3.99961917951019404E+03 -3.17237867224638537E+00  7.18637869445230280E+01  3.17696472450778589E-02  5.33306878559872910E-01  5.48182512535727974E-04
  430.000000  4.92373350996485460E+04  4.53329781620082576E+04 -2.57449978856867176E+02  4.09187752083644637E+03 -3.51602287086307319E+00  7.28871630644076447E+01  2.17006818169464891E-02  5.36102290847830787E-01  4.52494496636639102E-04
  432.000000  5.06138636148125370E+04  4.66168312122061761E+04 -2.47473136268782781E+02  4.17380575885310827E+03 -3.56231484233738405E+00  7.37086026290081975E+01  1.57416259353118926E-02  5.37365850934543698E-01  3.84758503013630225E-04
  434.000000  5.18634958902363869E+04  4.77772962546932322E+04 -2.29043902674080641E+02  4.24366622590554653E+03 -3.27684203244506822E+00  7.43027726087119049E+01  1.40842156165211022E-02  5.36952777394514080E-01  3.44742408373680561E-04
  436.000000  5.29630375774071290E+04  4.87920227754023799E+04 -2.01373440381205853E+02  4.29983539439675860E+03 -2.64609815321262154E+00  7.46471691782743960E+01  1.67017563343305683E-02  5.34744042462302338E-01  3.31165340237475419E-04
  438.000000  5.38908446856002338E+04  4.96412451239839720E+04 -1.64868697165751598E+02  4.34088709020758324E+03 -1.69632664895391660E+00  7.47233496250751017E+01  2.31511041970453649E-02  5.30653817597336097E-01  3.40676513683781318E-04
  440.000000  5.46278153284360160E+04  5.03090925436097023E+04 -1.21519167574083440E+02  4.36567146732667879E+03 -5.05044709591720320E-01  7.45180640211137728E+01  3.24625020702387426E-02  5.24635917850596600E-01  3.67342281395226288E-04
  442.000000  5.51583335573393051E+04  5.07843142796190659E+04 -7.47492394921989813E+01  4.37337837858072362E+03  8.05669885232694338E-01  7.40241483814280627E+01  4.32287381096713788E-02  5.16688435204101015E-01  4.03191733842133120E-04
  444.000000  5.54710871702462755E+04  5.10602456183752511E+04 -2.86350324831499172E+01  4.36357782224608854E+03  2.09648012072791268E+00  7.32410780522971976E+01  5.39081268791365906E-02  5.06855967780212135E-01  4.39840397046985341E-04
  446.000000  5.55596871683297722E+04  5.11342930890708958E+04  1.31757485452876306E+01  4.33623771666648463E+03  3.24656334045892070E+00  7.21751477247198210E+01  6.32033351620469863E-02  4.95229214688622688E-01  4.70432069586869915E-04
  448.000000  5.54230271391148199E+04  5.10074512462149578E+04  4.82807934721148655E+01  4.29172376115181396E+03  4.17929217425715027E+00  7.08392942535046757E+01  7.03189511479109103E-02  4.81942013811020364E-01  4.90883210531400916E-04
  450.000000  5.50653400944341993E+04  5.06841453271897408E+04  7.57474592035397194E+01  4.23078429644502012E+03  4.86775835622395459E+00  6.92525873603849789E+01  7.49998513529279015E-02  4.67166056227688364E-01  4.99971695223660746E-04
  452.000000  5.44959412037635411E+04  5.01722988662320568E+04  9.58307952960728784E+01  4.15451920379811418E+03  5.32392538867426079E+00  6.74394107524021535E+01  7.74001015818621962E-02  4.51103618768813830E-01  4.98575869439686604E-04
  454.000000  5.37286820030044328E+04  4.94833395193858523E+04  1.09488507948058398E+02  4.06433140085460718E+03  5.58183484580630473E+00  6.54283755273675354E+01  7.78969480519673546E-02  4.33978820526068398E-01  4.88674165853009851E-04
  456.000000  5.27811745297333255E+04  4.86319393807447268E+04  1.17944977150850946E+02  3.96186260527443119E+03  5.68308577849272911E+00  6.32510444375378498E+01  7.69357179552391246E-02  4.16028089615575525E-01  4.72539715339855774E-04
  458.000000  5.16738648425769206E+04  4.76354587724654775E+04  1.22406360633746431E+02  3.84891860220539274E+03  5.66765494765336442E+00  6.09405745228804392E+01  7.49349191833660055E-02  3.97490618974125742E-01  4.52263617208400548E-04
  460.000000  5.04290424649285924E+04  4.65131804030579369E+04  1.23919775472394790E+02  3.72739104738959486E+03  5.56957430028223843E+00  5.85303918232466174E+01  7.22437855522884143E-02  3.78599546415952504E-01  4.29553178890618897E-04
  462.000000  4.90698670786618823E+04  4.52854569304846809E+04  1.23329610661638924E+02  3.59918264630155682E+03  5.41578140427367583E+00  5.60529966239595865E+01  6.91330484088361896E-02  3.59574438274181174E-01  4.05699087995827509E-04
  464.000000  4.76194795572246658E+04  4.39728803966258274E+04  1.21285679834993772E+02  3.46614110813735169E+03  5.22660366531525611E+00  5.35389697011456605E+01  6.58021951768049951E-02  3.40615441683773557E-01  3.81623171161373095E-04
  466.000000  4.61002450239807804E+04  4.25955492416592097E+04  1.18272696473764853E+02  3.33000534705846940E+03  5.01687091139822972E+00  5.10162180752167771E+01  6.23926011684231008E-02  3.21899249196755555E-01  3.57952355501537799E-04
  468.000000  4.45331548109214273E+04  4.11724754430551111E+04  1.14644361671351973E+02  3.19236550167148789E+03  4.79712240275724255E+00  4.85094691313381929E+01  5.90010703745523432E-02  3.03576827273193517E-01  3.35091731750603722E-04
  470.000000  4.29373950687668912E+04  3.97211473799029118E+04  1.10654489852870498E+02  3.05463674626633792E+03  4.57467691981416902E+00  4.60399982897645117E+01  5.56915317572204277E-02  2.85772717273320320E-01  3.13286152896916287E-04
  472.000000  4.13300743953635028E+04  3.82572446388771932E+04  1.06482622755822661E+02  2.91804569539257909E+03  4.35449650550774958E+00  4.36255592254093258E+01  5.25043088712416964E-02  2.68585629957796390E-01  2.92668164882545331E-04
  474.000000  3.97260921333689839E+04  3.67944885457949276E+04  1.02253961311229645E+02  2.78362747453630072E+03  4.13984843461107221E+00  4.12804768643829192E+01  4.94631159438397305E-02  2.52090017988932824E-01  2.73293593414745972E-04
  476.000000  3.81381229140923315E+04  3.53446055104840343E+04  9.80543767642882074E+01  2.65223119520146292E+03  3.93279707102886622E+00  3.90158609072092233E+01  4.65801819722944099E-02  2.36338315148756833E-01  2.55167188095651513E-04
  478.000000  3.65766909187748170E+04  3.39173779532970802E+04  9.39414938201676506E+01  2.52453154774223594E+03  3.73456234443557689E+00  3.68398998155764872E+01  4.38599314295463200E-02  2.21363563172314259E-01  2.38260725929566363E-04
  480.000000  3.50503081988173726E+04  3.25207583259370986E+04  8.99527748131987295E+01  2.40104441360806186E+03  3.54577780382044017E+00  3.47582003416481129E+01  4.13015930480149160E-02  2.07182194908734463E-01  2.22525594250175517E-04
  482.000000  3.35656541981152986E+04  3.11610243899024572E+04  8.61113728728710157E+01  2.28214471048192945E+03  3.36667485856843962E+00  3.27741442717979510E+01  3.89010304365715667E-02  1.93796795824214441E-01  2.07901419889524843E-04
  484.000000  3.21277774325570645E+04  2.98429575360763774E+04  8.24303508570190075E+01  2.16808504607167743E+03  3.19721355152776621E+00  3.08892409454260317E+01  3.66520157438634184E-02  1.81198717383638408E-01  1.94321907177375306E-04
  486.000000  3.07403043917597424E+04  2.85700298264925223E+04  7.89157140140751778E+01  2.05901411650307546E+03  3.03717494169477176E+00  2.91034605202013168E+01  3.45471082974687996E-02  1.69370461148951906E-01  1.81718725110776826E-04
  488.000000  2.94056446498503356E+04  2.73445891529905457E+04  7.55685858959470949E+01  1.95499411037657705E+03  2.88622606727250330E+00  2.74155384517877074E+01  3.25782547544608003E-02  1.58287789406557605E-01  1.70024041416184728E-04
  490.000000  2.81251846203673231E+04  2.61680351712082338E+04  7.23867670579553248E+01  1.85601665273854815E+03  2.74396538519746169E+00  2.58232460651226248E+01  3.07371937717448862E-02  1.47921546370986340E-01  1.59172124394380715E-04
  492.000000  2.68994652365016082E+04  2.50409813638174746E+04  6.93658495129673582E+01  1.76201703939682625E+03  2.60995433503637120E+00  2.43236254208727658E+01  2.90157239641559359E-02  1.38239194163807283E-01  1.49100307015592872E-04
  494.000000  2.57283410623581949E+04  2.39634006974139447E+04  6.65000114206144701E+01  1.67288667372616169E+03  2.48373905397838612E+00  2.29131890363149715E+01  2.74058766087123748E-02  1.29206081050766697E-01  1.39749518393245993E-04
  496.000000  2.46111199910165742E+04  2.29347539081606883E+04  6.37825814930633044E+01  1.58848373213267678E+03  2.36486510984533327E+00  2.15880865662461012E+01  2.59000222853609727E-02  1.20786467243775147E-01  1.31064525068470681E-04
  498.000000  2.35466838426462818E+04  2.19541005589645465E+04  6.12064374560317148E+01  1.50864215920926836E+03  2.25288729292524037E+00  2.03442414602470478E+01  2.44909319824249093E-02  1.12944337304234713E-01  1.22993980716081186E-04
  500.000000  2.25335909341800543E+04  2.10201937430216058E+04  5.87642848767847212E+01  1.43317913798514337E+03  2.14737591995012078E+00  1.91774610501081213E+01  2.31718070908384748E-02  1.05644029019064181E-01  1.15490352316633489E-04
  502.000000  2.15701621419574003E+04  2.01315597499576470E+04  5.64488497491487138E+01  1.36190120243405772E+03  2.04792068588566201E+00  1.80835236249355624E+01  2.19362884114701652E-02  9.88507075400431590E-02  1.08509769550052792E-04
  504.000000  2.06545522009843990E+04  1.92865642369015441E+04  5.42530089548671128E+01  1.29460916521752165E+03  1.95413280206975903E+00  1.70582459339615049E+01  2.07784512702383385E-02  9.25307113368700890E-02  1.02011829342882709E-04
  506.000000  1.97848080461442187E+04  1.84834665204687262E+04  5.21698760551480447E+01  1.23110202882350927E+03  1.86564594746031087E+00  1.60975343046290362E+01  1.96927916994418806E-02  8.66517936689548129E-02  9.59593771904116566E-05
  508.000000  1.89589159551538105E+04  1.77204635767468280E+04  5.01928550656346744E+01  1.17118003688776025E+03  1.78211640863229581E+00  1.51974222393268033E+01  1.86742071363795274E-02  8.11832802173281382E-02  9.03182797097350134E-05
  510.000000  1.81748391407861491E+04  1.69957252429874316E+04  4.83156713996070408E+01  1.11464700752899807E+03  1.70322267608967026E+00  1.43540970023057284E+01  1.77179740262308379E-02  7.60961604904731720E-02  8.50571979092027748E-05
  512.000000  1.74305472905418719E+04  1.63074219847631775E+04  4.65323866526595822E+01  1.06131207408181922E+03  1.62866468701928402E+00  1.35639173580814205E+01  1.68197239643671156E-02  7.13631277818685961E-02  8.01473672209064781E-05
  514.000000  1.67240393864785074E+04  1.56537464456250636E+04  4.48374020793063792E+01  1.01099094207113433E+03  1.55816284909846314E+00  1.28234242921367816E+01  1.59754194834801147E-02  6.69585798969688506E-02  7.55623879781709587E-05
  516.000000  1.60533609703072107E+04  1.50329298461238141E+04  4.32254542839441882E+01  9.63506755516497719E+02  1.49145694006060991E+00  1.21293462440321829E+01  1.51813302169191821E-02  6.28585906184640081E-02  7.12780284001077635E-05
  518.000000  1.54166168581387374E+04  1.44432541540594484E+04  4.16916056814874736E+01  9.18690651190143171E+02  1.42830494908990735E+00  1.14786001166731744E+01  1.44340099074244665E-02  5.90408599446551260E-02  6.72720410527974079E-05
  520.000000  1.48119801606604924E+04  1.38830608131145727E+04  4.02312315750145046E+01  8.76382066522991295E+02  1.36848190552041848E+00  1.08682890943547861E+01  1.37302745469276150E-02  5.54846495006878215E-02  6.35239930264102140E-05
  522.000000  1.42376983306694256E+04  1.33507566952285579E+04  3.88400051803892552E+01  8.36428855524977166E+02  1.31177872555730013E+00  1.02956981048693077E+01  1.30671818055777423E-02  5.21707081593465807E-02  6.00151095934143002E-05
  524.000000  1.36920968417386994E+04  1.28448178342442025E+04  3.75138815489611233E+01  7.98687257321841003E+02  1.25800109718086928E+00  9.75828759477633589E+00  1.24420118208094007E-02  4.90811917858037863E-02  5.67281308152725171E-05
  526.000000  1.31735809990740199E+04  1.23637914043720339E+04  3.62490810613301662E+01  7.63021753599638714E+02  1.20696841585299253E+00  9.25368614852112259E+00  1.18522493579082209E-02  4.61995801063526321E-02  5.36471803882928141E-05
  528.000000  1.26806362954375527E+04  1.19062963261597306E+04  3.50420729620961851E+01  7.29304844251528948E+02  1.15851277832146438E+00  8.77968236795235768E+00  1.12955673144859280E-02  4.35105929635620226E-02  5.07576459268381958E-05
  530.000000  1.22118276500966767E+04  1.14710228138161510E+04  3.38895592570662316E+01  6.97416764684673240E+02  1.11247803807791490E+00  8.33421633549417429E+00  1.07698115161410195E-02  4.10001076307953405E-02  4.80460698448460598E-05
  532.000000  1.17657978056329594E+04  1.10567311196358933E+04  3.27884591857277954E+01  6.67245163414172112E+02  1.06871892342145847E+00  7.91537090856849535E+00  1.02729867356721131E-02  3.86550783921202207E-02  4.55000499979072440E-05
  534.000000  1.13412651046725023E+04  1.06622496826070656E+04  3.17358944032033357E+01  6.38684754601692134E+02  1.02710021732060275E+00  7.52136303198071854E+00  9.80324385989249196E-03  3.64634592272590277E-02  4.31081492712703945E-05
  536.000000  1.09370208247480368E+04  1.02864728477812841E+04  3.07291749494855857E+01  6.11636956955723690E+02  9.87495997105229395E-01  7.15053520634377460E+00  9.35886812487281630E-03  3.44141301565099658E-02  4.08598133399434125E-05
  538.000000  1.05519262132836229E+04  9.92835828947528717E+03  2.97657860427443062E+01  5.86009527781044994E+02  9.49788931272802617E-01  6.80134721205386139E+00  8.93826834015582633E-03  3.24968275816891819E-02  3.87452958730376680E-05
  540.000000  1.01849093349353261E+04  9.58692424379613112E+03  2.88433757050319208E+01  5.61716198844490805E+02  9.13869630262745036E-01  6.47236815800055787E+00  8.53996702451007353E-03  3.07020787929718868E-02  3.67555905069578623E-05
  542.000000  9.83496181918789262E+03  9.26124663339242943E+03  2.79597432089216689E+01  5.38676319023730116E+02  8.79636047841968804E-01  6.16226890053412468E+00  8.16259137912075938E-03  2.90211406871697178E-02  3.48823689646239520E-05
  544.000000  9.50113557631236836E+03  8.95045614892592675E+03  2.71128283199398048E+01  5.16814507351285670E+02  8.46992929667489847E-01  5.86981485994246466E+00  7.80486502818152853E-03  2.74459426517008331E-02  3.31179247490473179E-05
  546.000000  9.18253953375702440E+03  8.65373533681974004E+03  2.63007013011559181E+01  4.96060318993674912E+02  8.15851305635253210E-01  5.59385924773270737E+00  7.46560046147303272E-03  2.59690335030721454E-02  3.14551218901499741E-05
  548.000000  8.87833643212622701E+03  8.37031573078031943E+03  2.55215536407384391E+01  4.76347925863154103E+02  7.86128022724232656E-01  5.33333670750021316E+00  7.14369211810828800E-03  2.45835323233801022E-02  2.98873482699713983E-05
  550.000000  8.58773970954556717E+03  8.09947505490065123E+03  2.47736894606974438E+01  4.57615812903107553E+02  7.57745315192248525E-01  5.08725736438289022E+00  6.83811005541935454E-03  2.32830830085073021E-02  2.84084730958357372E-05
  552.000000  8.31001049495202096E+03  7.84053451840589423E+03  2.40555175638096053E+01  4.39806490581414380E+02  7.30630409158123273E-01  4.85470127246234284E+00  6.54789415140759074E-03  2.20618123236809051E-02  2.70128081309506179E-05
  554.000000  8.04445472430862446E+03  7.59285621595323755E+03  2.33655440759419335E+01  4.22866223740018768E+02  7.04715158784792295E-01  4.63481324552224994E+00  6.27214879357023032E-03  2.09142912529729393E-02  2.56950723295587653E-05
  556.000000  7.79042038859756758E+03  7.35584064254356235E+03  2.27023656420409523E+01  4.06744776658758838E+02  6.79935711477486548E-01  4.42679805392968895E+00  6.01003801097144737E-03  1.98354994268617989E-02  2.44503595574501907E-05
  558.000000  7.54729491842871175E+03  7.12892432829970221E+03  2.20646631354893188E+01  3.91395173977527634E+02  6.56232199693014273E-01  4.22991596876552478E+00  5.76078101020791825E-03  1.88207924143450472E-02  2.32741091095339327E-05
  560.000000  7.31450270700340661E+03  6.91157759542068925E+03  2.14511958428290264E+01  3.76773476967449938E+02  6.33548457146501653E-01  4.04347863346131575E+00  5.52364807950317567E-03  1.78658716719225057E-02  2.21620787642193955E-05
  562.000000  7.09150277081046715E+03  6.70330243736285411E+03  2.08607960875185050E+01  3.62838574535709881E+02  6.11831757377396479E-01  3.86684524290899390E+00  5.29795682831696313E-03  1.69667569499689606E-02  2.11103201397224128E-05
  564.000000  6.87778654565671513E+03  6.50363051859037751E+03  2.02923642591043105E+01  3.49551988279430645E+02  5.91032572800555656E-01  3.69941901014575025E+00  5.08306873288805108E-03  1.61197609667585035E-02  2.01151561401132287E-05
  566.000000  6.67287581433225023E+03  6.31212129197362083E+03  1.97448642161233927E+01  3.36877690863519945E+02  5.71104352527416981E-01  3.54064390116560279E+00  4.87838596083581787E-03  1.53214661710760740E-02  1.91731602997002317E-05
  568.000000  6.47632076128743938E+03  6.12836023000550540E+03  1.92173190334693444E+01  3.24781936978987801E+02  5.52003317383290337E-01  3.39000161907944042E+00  4.68334845037765048E-03  1.45687034254903119E-02  1.82811378528501541E-05
  570.000000  6.28769814905764542E+03  5.95195716536472992E+03  1.87088070669904312E+01  3.13233106135793264E+02  5.33688270687731059E-01  3.24700881965861043E+00  4.49743122200712848E-03  1.38585324535827805E-02  1.74361083730811801E-05
  572.000000  6.10660961078305627E+03  5.78254473595177842E+03  1.82184583103285682E+01  3.02201556555154809E+02  5.16120423482306356E-01  3.11121454121426888E+00  4.32014190251036028E-03  1.31882239055509266E-02  1.66352898404184870E-05
  574.000000  5.93268005293856640E+03  5.61977692926980853E+03  1.77454510206557821E+01  2.91659489444940050E+02  4.99263233005268703E-01  2.98219783272235572E+00  4.15101844301452635E-03  1.25552429073530012E-02  1.58760840092934506E-05
  576.000000  5.76555616231642216E+03  5.46332772092096093E+03  1.72890085921661658E+01  2.81580822967831978E+02  4.83082253322776323E-01  2.85956556509358117E+00  3.98962701450031321E-03  1.19572339689172340E-02  1.51560629617834159E-05
  578.000000  5.60490501132509235E+03  5.31288980197707042E+03  1.68483966575714348E+01  2.71941075241711360E+02  4.67544997110533378E-01  2.74295041146865382E+00  3.83556006566723381E-03  1.13920071367447223E-02  1.44729567417281390E-05
  580.000000  5.45041275577062970E+03  5.16817339005123813E+03  1.64229203995736768E+01  2.62717255744301497E+02  4.52620807678118187E-01  2.63200898338206146E+00  3.68843452944171268E-03  1.08575252854801897E-02  1.38246419751722798E-05
  582.000000  5.30178341945016564E+03  5.02890511902319486E+03  1.60119220559407367E+01  2.53887764528308395E+02  4.38280740402062885E-01  2.52642011057111171E+00  3.54789016568934999E-03  1.03518924516892014E-02  1.32091313915839008E-05
  584.000000  5.15873776008916320E+03  4.89482700253700023E+03  1.56147786026393565E+01  2.45432298687906183E+02  4.24497452803746067E-01  2.42588325309939501E+00  3.41358802874600640E-03  9.87334312114387241E-03  1.26245641681170420E-05
  586.000000  5.02101221138369419E+03  4.76569546658188392E+03  1.52308996014377040E+01  2.37331765551843830E+02  4.11245102581859867E-01  2.33011703531159231E+00  3.28520904948242671E-03  9.42023238840079130E-03  1.20691970265664478E-05
  588.000000  4.88835789615888552E+03  4.64128044668172060E+03  1.48597251988936954E+01  2.29568202112339691E+02  3.98499252960599293E-01  2.23885789193787987E+00  3.16245272248794496E-03  8.99102691437549811E-03  1.15413960190035806E-05
  590.000000  4.76053970591138568E+03  4.52136454544021944E+03  1.45007242652106179E+01  2.22124700231629987E+02  3.86236784776352760E-01  2.15185881741705742E+00  3.04503588979280560E-03  8.58429661399218169E-03  1.10396289441470145E-05
  592.000000  4.63733544226575395E+03  4.40574224641821002E+03  1.41533926619502672E+01  2.14985337199529710E+02  3.74435814769671305E-01  2.06888821021022196E+00  2.93269161335210464E-03  8.19870701185257400E-03  1.05624583415102243E-05
  594.000000  4.51853501613514800E+03  4.29421918054782236E+03  1.38172516289614080E+01  2.08135111245358843E+02  3.63075619600499000E-01  1.98972880453098222E+00  2.82516812913422097E-03  7.83301220925027887E-03  1.01085350155032667E-05
  596.000000  4.40393970063112101E+03  4.18661144151332974E+03  1.34918462812833706E+01  2.01559881635964842E+02  3.52136565139506530E-01  1.91417668252517070E+00  2.72222787633395356E-03  7.48604841078667760E-03  9.67659204565537022E-06
  598.000000  4.29336143401609479E+03  4.08274494674883681E+03  1.31767442077520069E+01  1.95246313018380590E+02  3.41600040631094948E-01  1.84204036049538744E+00  2.62364659575241689E-03  7.15672796335676663E-03  9.26543924319399892E-06
  600.000000  4.18662216923169308E+03  3.98245484091626531E+03  1.28715341636140881E+01  1.89181823690859687E+02  3.31448397353501512E-01  1.77313994328610924E+00  2.52921249192688278E-03  6.84403386439932405E-03  8.87395801773732920E-06
  602.000000  4.08355326676410505E+03  3.88558493893023842E+03  1.25758248502302443E+01  1.83354537509525642E+02  3.21664891436927447E-01  1.70730634142373017E+00  2.43872545403985182E-03  6.54701470006851822E-03  8.50109662097477974E-06
  604.000000  3.98399492782549805E+03  3.79198720579156497E+03  1.22892437753026869E+01  1.77753239159883435E+02  3.12233630525119987E-01  1.64438054604803496E+00  2.35199633106131061E-03  6.26477997742145611E-03  8.14586573714205920E-06
  606.000000  3.88779566503671094E+03  3.70152127067560650E+03  1.20114361877292275E+01  1.72367332542895838E+02  3.03139523992547566E-01  1.58421295707777099E+00  2.26884625696764436E-03  5.99649581784908719E-03  7.80733439275057539E-06
  608.000000  3.79481180799160029E+03  3.61405397289709481E+03  1.17420640816190787E+01  1.67186802044375298E+02  2.94368236454434107E-01  1.52666276042662230E+00  2.18910602221697274E-03  5.74138098183347729E-03  7.48462616031131797E-06
  610.000000  3.70490704126538230E+03  3.52945893753652035E+03  1.14808052644566541E+01  1.62202176474049054E+02  2.85906144326658451E-01  1.47159735042862039E+00  2.11261548798942879E-03  5.49870319771674117E-03  7.17691563305553075E-06
  612.000000  3.61795197260173063E+03  3.44761617866849974E+03  1.12273524848141637E+01  1.57404495477022465E+02  2.77740295212826782E-01  1.41889179394677134E+00  2.03922303998353835E-03  5.26777576953609428E-03  6.88342514953124010E-06
  614.000000  3.53382372917410794E+03  3.36841172827754599E+03  1.09814126152716280E+01  1.52785278235507349E+02  2.69858369913412555E-01  1.36842833292766630E+00  1.96878507882621923E-03  5.04795444114037109E-03  6.60342174878164102E-06
  616.000000  3.45240557996555981E+03  3.29173728908072235E+03  1.07427058866935869E+01  1.48336494292592818E+02  2.62248646867795643E-01  1.32009592242859775E+00  1.90116554437415081E-03  4.83863449576552116E-03  6.33621433839305349E-06
  618.000000  3.37358658245406968E+03  3.21748990960601031E+03  1.05109651702341083E+01  1.44050536342886289E+02  2.54899968856485970E-01  1.27378980138771514E+00  1.83623547144636358E-03  4.63924807204238367E-03  6.08115105920323616E-06
  620.000000  3.29726125191704841E+03  3.14557167998947352E+03  1.02859353036739911E+01  1.39920194846600083E+02  2.47801711802471208E-01  1.22941109362822187E+00  1.77387257467348318E-03  4.44926167903450000E-03  5.83761683176940448E-06
  622.000000  3.22332925179339918E+03  3.07588944706740222E+03  1.00673724590854103E+01  1.35938634334808057E+02  2.40943755524157338E-01  1.18686643679271508E+00  1.71396086037613475E-03  4.26817389439375448E-03  5.60503107096492295E-06
  624.000000  3.15169510365154838E+03  3.00835454743923856E+03  9.85504354895288515E+00  1.32099371283621991E+02  2.34316456304776155E-01  1.14606763708914605E+00  1.65639026352233307E-03  4.09551323107079472E-03  5.38284555610691846E-06
  626.000000  3.08226791541832335E+03  2.94288255727377464E+03  9.64872566802198861E+00  1.28396253444465884E+02  2.27910621149552267E-01  1.10693134790155501E+00  1.60105630797708937E-03  3.93083615925269008E-03  5.17054244511680797E-06
  628.000000  3.01496112661976940E+03  2.87939305771810859E+03  9.44820556868558015E+00  1.24823440526189827E+02  2.21717483619353062E-01  1.06937877047468732E+00  1.54785978840729014E-03  3.77372527132128740E-03  4.96763242209792184E-06
  630.000000  2.94969226947498873E+03  2.81780941485111634E+03  9.25327916730508626E+00  1.21375386132710830E+02  2.15728681127120403E-01  1.03333537502513528E+00  1.49670647229873679E-03  3.62378757865067366E-03  4.77365296854050718E-06
  632.000000  2.88638274476792094E+03  2.75805857319864617E+03  9.06375107979912897E+00  1.18046820867190661E+02  2.09936233604739508E-01  9.98730640763085487E-01  1.44750682071252668E-03  3.48065292999557435E-03  4.58816674922399950E-06
  634.000000  2.82495761149904911E+03  2.70007086189850952E+03  8.87943418416506525E+00  1.14832736520475549E+02  2.04332523441863756E-01  9.65497813428955687E-01  1.40017572645043564E-03  3.34397254207355809E-03  4.41076010446064308E-06
  636.000000  2.76534538939060121E+03  2.64377981266777306E+03  8.70014920846826634E+00  1.11728371267740258E+02  1.98910276616702852E-01  9.33573679059687578E-01  1.35463226845521892E-03  3.21341763372141789E-03  4.24104164111351713E-06
  638.000000  2.70747787338613671E+03  2.58912198878665777E+03  8.52572434244832422E+00  1.08729195803015358E+02  1.93662544936644671E-01  9.02898352800735937E-01  1.31079948132897480E-03  3.08867815571527236E-03  4.07864091532023741E-06
  640.000000  2.65128995934435034E+03  2.53603682436665758E+03  8.35599487128902219E+00  1.05830900346458122E+02  1.88582689317910612E-01  8.73415081671926385E-01  1.26860413894162361E-03  2.96946160898950082E-03  3.92320720041982410E-06
  642.000000  2.59671948018713238E+03  2.48446647322560830E+03  8.19080283010491250E+00  1.03029382464199514E+02  1.83664364034502037E-01  8.45070060281336133E-01  1.22797655118188744E-03  2.85549194458375576E-03  3.77440833409711590E-06
  644.000000  2.54370705181206040E+03  2.43435566673797030E+03  8.02999667783725180E+00  1.00320735644976679E+02  1.78901501875547847E-01  8.17812258558755723E-01  1.18885037297571301E-03  2.74650853918555725E-03  3.63192963921006582E-06
  646.000000  2.49219592812916426E+03  2.38565158007403534E+03  7.87343098927228269E+00  9.77012385819161437E+01  1.74288300150423375E-01  7.91593260652086017E-01  1.15116242474631587E-03  2.64226524063021842E-03  3.49547291315594568E-06
  648.000000  2.44213186462698286E+03  2.33830370628274295E+03  7.72096616416391868E+00  9.51673451116319029E+01  1.69819207490400831E-01  7.66367114195942056E-01  1.11485252357468529E-03  2.54252947817198592E-03  3.36475548106965039E-06
  650.000000  2.39346298991483718E+03  2.29226373771144245E+03  7.57246815220227898E+00  9.27156747663116647E+01  1.65488911392606325E-01  7.42090189222051388E-01  1.07986332434261301E-03  2.44708143275335121E-03  3.23950930844048165E-06
  652.000000  2.34613968472629540E+03  2.24748545429016440E+03  7.42780819305089590E+00  9.03430038976677139E+01  1.61292326463016944E-01  7.18721046036466471E-01  1.04614017022110206E-03  2.35571326287715424E-03  3.11948016912336686E-06
  654.000000  2.30011446790582477E+03  2.20392461824227848E+03  7.28686257037275897E+00  8.80462573346598560E+01  1.57224583312579796E-01  6.96220311439864070E-01  1.01363095189200485E-03  2.26822838203343717E-03  3.00442686496266821E-06
  656.000000  2.25534188893221881E+03  2.16153887481191123E+03  7.14951237906682469E+00  8.58225005395807301E+01  1.53281018066940389E-01  6.74550562713699620E-01  9.82285974943365031E-04  2.18444078394882096E-03  2.89412049356501255E-06
  658.000000  2.21177842656524808E+03  2.12028765862873979E+03  7.01564330490905608E+00  8.36689322297175124E+01  1.49457162451599956E-01  6.53676218838714629E-01  9.52057834915567857E-04  2.10417441221880585E-03  2.78834376098143799E-06
  660.000000  2.16938239322803975E+03  2.08013210535458256E+03  6.88514541577020722E+00  8.15828774340585738E+01  1.45748734416530940E-01  6.33563438451288152E-01  9.22901299511904270E-04  2.02726257114780933E-03  2.68689033630924934E-06
  662.000000  2.12811384476664534E+03  2.04103496828253697E+03  6.75791296385721818E+00  7.95617809567653609E+01  1.42151629269156782E-01  6.14180024080367537E-01  8.94773197521951994E-04  1.95354737486848080E-03  2.58956424544978969E-06
  664.000000  2.08793449525082269E+03  2.00296053958028165E+03  6.63384419821858007E+00  7.76032012210723963E+01  1.38661911283494282E-01  5.95495332240877584E-01  8.67632314039696391E-04  1.88287923203475302E-03  2.49617930141993745E-06
  666.000000  2.04880763650356857E+03  1.96587457589053884E+03  6.51284118692051006E+00  7.57048044691475752E+01  1.35275805757197387E-01  5.77480188990645016E-01  8.41439291577146683E-04  1.81511636358953335E-03  2.40655856883874898E-06
  668.000000  2.01069806206840144E+03  1.92974422802132653E+03  6.39480964840082944E+00  7.38643592951751486E+01  1.31989691490657035E-01  5.60106810586644022E-01  8.16156536717364410E-04  1.75012435129799399E-03  2.32053386036903072E-06
  670.000000  1.97357199534177107E+03  1.89453797447563329E+03  6.27965879131807725E+00  7.20797314904642121E+01  1.28800093661290527E-01  5.43348728902348976E-01  7.91748131955400595E-04  1.68777571490998307E-03  2.23794526302321058E-06
  672.000000  1.93739702161795344E+03  1.86022555858814576E+03  6.16730116262282646E+00  7.03488791809107141E+01  1.25703677072328796E-01  5.27180721292766608E-01  7.68179752422068029E-04  1.62794951597676897E-03  2.15864069243064403E-06
  674.000000  1.90214202380837582E+03  1.82677792905039109E+03  6.05765250314374892E+00  6.86698482384242226E+01  1.22697239751660095E-01  5.11578744615596714E-01  7.45418587179973884E-04  1.57053098649266414E-03  2.08247547326841102E-06
  676.000000  1.86777712161514069E+03  1.79416718362162806E+03  5.95063161047872935E+00  6.70407679492559652E+01  1.19777706882675625E-01  4.96519873138206225E-01  7.23433264830098711E-04  1.51541118066903261E-03  2.00931194419244217E-06
  678.000000  1.83427361395148750E+03  1.76236651583505954E+03  5.84616020857498597E+00  6.54598469232777660E+01  1.16942125045844794E-01  4.81982240078837720E-01  7.02193783155070461E-04  1.46248664827180260E-03  1.93901908570869137E-06
  680.000000  1.80160392441651015E+03  1.73135016452198579E+03  5.74416282380610888E+00  6.39253692293716895E+01  1.14187656755069492E-01  4.67944982548426758E-01  6.81671442571063252E-04  1.41165912806916617E-03  1.87147216955114289E-06
  682.000000  1.76974154964309014E+03  1.70109336598744903E+03  5.64456666703516508E+00  6.24356907430642707E+01  1.11511575270481084E-01  4.54388189675482335E-01  6.61838783151370564E-04  1.36283526004131201E-03  1.80655242821110857E-06
  684.000000  1.73866101035075962E+03  1.67157230868241186E+03  5.54730152147891964E+00  6.09892356934966031E+01  1.08911259673809727E-01  4.41292853711900412E-01  6.42669525020830531E-04  1.31592631510241403E-03  1.74414674336807160E-06
  686.000000  1.70833780494481880E+03  1.64276409022658754E+03  5.45229963586613309E+00  5.95844933976442448E+01  1.06384190189143343E-01  4.28640823931223547E-01  6.24138511913197372E-04  1.27084794117424149E-03  1.68414735204184780E-06
  688.000000  1.67874836551441535E+03  1.61464667664614535E+03  5.35949562281680336E+00  5.82200151705369251E+01  1.03927943738087045E-01  4.16414763144102140E-01  6.06221657715686054E-04  1.22751992453450998E-03  1.62645156938349182E-06
  690.000000  1.64987001609061394E+03  1.58719886369851224E+03  5.26882636195811038E+00  5.68944114009396174E+01  1.01540189713739945E-01  4.04598106667467317E-01  5.88895895820546519E-04  1.18586596543934536E-03  1.57096152707786982E-06
  692.000000  1.62168093303537739E+03  1.56040024016526104E+03  5.18023090770090100E+00  5.56063487826740754E+01  9.92186859638261032E-02  3.93175023595254025E-01  5.72139131126772897E-04  1.14581346709049137E-03  1.51758392640721936E-06
  694.000000  1.59416010743915126E+03  1.53423115300056111E+03  5.09365040126889301E+00  5.43545476923620541E+01  9.69612749692367187E-02  3.82130380228499988E-01  5.55930194536626552E-04  1.10729333708259759E-03  1.46622980508508854E-06
  696.000000  1.56728730941364756E+03  1.50867267423061821E+03  5.00902798687007778E+00  5.31377797050031759E+01  9.47658802091076724E-02  3.71449705532467089E-01  5.40248799804767888E-04  1.07023980052722715E-03  1.41681431702911007E-06
  698.000000  1.54104305417320256E+03  1.48370656950595344E+03  4.92630873172027073E+00  5.19548652393470860E+01  9.26305027010824317E-02  3.61119158497229642E-01  5.25075502609436773E-04  1.03459022410598480E-03  1.36925652429575808E-06
  700.000000  1.51540856980371950E+03  1.45931526821334660E+03  4.84543954978834090E+00  5.08046713254985676E+01  9.05532177086319084E-02  3.51125497286127020E-01  5.10391661716854609E-04  1.00028495035622183E-03  1.32347920045135045E-06
  702.000000  1.49036576662606240E+03  1.43548183506174837E+03  4.76636912895938014E+00  4.96861094877332050E+01  8.85321716046063856E-02  3.41456050064512351E-01  4.96179402122193095E-04  9.67267141541934376E-04  1.27940864469250131E-06
  704.000000  1.46589720806496553E+03  1.41218994306001809E+03  4.68904786157623299E+00  4.85981337358914871E+01  8.65655788848291446E-02  3.32098687407944959E-01  4.82421580058599916E-04  9.35482632505656967E-04  1.23697450608911002E-06
  706.000000  1.44198608294100313E+03  1.38942384781059923E+03  4.61342777805943616E+00  4.75397386591749083E+01  8.46517193221872633E-02  3.23041796195785824E-01  4.69101749767684333E-04  9.04879791939181043E-04  1.19610961734428747E-06
  708.000000  1.41861617910756331E+03  1.36716836304706840E+03  4.53946248353302995E+00  4.65099576165318069E+01  8.27889352545524704E-02  3.14274254902156491E-01  4.56204131937673770E-04  8.75409391548464502E-04  1.15674983752324668E-06
  710.000000  1.39577185835955902E+03  1.34540883734801309E+03  4.46710709725818234E+00  4.55078610181861762E+01  8.09756289992815959E-02  3.05785410201892538E-01  4.43713583712444901E-04  8.47024482623565176E-04  1.11883390321557332E-06
  712.000000  1.37343803254550812E+03  1.32413113196415657E+03  4.39631819477969987E+00  4.45325546932159142E+01  7.92102603882878925E-02  2.97565054814559693E-01  4.31615570192659141E-04  8.19680279557546206E-04  1.08230328765519709E-06
  714.000000  1.35160014081771828E+03  1.30332159969857321E+03  4.32705375255633928E+00  4.35831783383688744E+01  7.74913444160632153E-02  2.89603406514277351E-01  4.19896137339850653E-04  7.93334049888096506E-04  1.04710206732659143E-06
  716.000000  1.33024412796023171E+03  1.28296706478422857E+03  4.25927309506210694E+00  4.26589040436330862E+01  7.58174489964712900E-02  2.81891088237927134E-01  4.08541886214006101E-04  7.67945010464431426E-04  1.01317679563156417E-06
  718.000000  1.30935642373692735E+03  1.26305480370569353E+03  4.19293684420544022E+00  4.17589348903234381E+01  7.41871928222907207E-02  2.74419109228390912E-01  3.97539948471699973E-04  7.43474229367894839E-04  9.80476383218305759E-07
  720.000000  1.28892392320623981E+03  1.24357252691574172E+03  4.12800687084820961E+00  4.08825036177269965E+01  7.25992433207396509E-02  2.67178847153610399E-01  3.86877963050893307E-04  7.19884533239312902E-04  9.48951984576768379E-07
  722.000000  1.26893396795127410E+03  1.22450836139932176E+03  4.06444624851308678E+00  4.00288713545596835E+01  7.10523147030363844E-02  2.60162031145778405E-01  3.76544053991357207E-04  6.97140419688455711E-04  9.18556890566647342E-07
  724.000000  1.24937432817785088E+03  1.20585083404130319E+03  4.00221920897061167E+00  3.91973264117382811E+01  6.95451661002294275E-02  2.53360725708598911E-01  3.66526809317365288E-04  6.75207974482421773E-04  8.89246426524851106E-07
  726.000000  1.23023318563537714E+03  1.18758885575617342E+03  3.94129109977939374E+00  3.83871831331652018E+01  6.80765997833782388E-02  2.46767315443689045E-01  3.56815260936508909E-04  6.54054793229080669E-04  8.60977855649005881E-07
  728.000000  1.21149911731789871E+03  1.16971170634039663E+03  3.88162834358940412E+00  3.75977808014168744E+01  6.66454594624600050E-02  2.40374490550186892E-01  3.47398865496048538E-04  6.33649907289974613E-04  8.33710287358613316E-07
  730.000000  1.19316107990545947E+03  1.15220902001057584E+03  3.82319839914391446E+00  3.68284825954203967E+01  6.52506286605173125E-02  2.34175233054509185E-01  3.38267486148911280E-04  6.13963713674195075E-04  8.07404590358859396E-07
  732.000000  1.17520839490797607E+03  1.13507077159247365E+03  3.76596972394061735E+00  3.60786745973653709E+01  6.38910291597430402E-02  2.28162803729757335E-01  3.29411375181035918E-04  5.94967908680374825E-04  7.82023310143251748E-07
  734.000000  1.15763073447568331E+03  1.11828726332774681E+03  3.70991173838908006E+00  3.53477648462526943E+01  6.25656195150149641E-02  2.22330729666712051E-01  3.20821157455810540E-04  5.76635425068660430E-04  7.57530590691650633E-07
  736.000000  1.14041810784316226E+03  1.10184911226783379E+03  3.65499479149582962E+00  3.46351824356594804E+01  6.12733936328789808E-02  2.16672792460787245E-01  3.12487814634344104E-04  5.58940372558627027E-04  7.33892100134864384E-07
  738.000000  1.12356084837432354E+03  1.08574723822489977E+03  3.60119012791166249E+00  3.39403766533927680E+01  6.00133794114026467E-02  2.11183016981182609E-01  3.04402670130478890E-04  5.41857981461172831E-04  7.11074960167308668E-07
  740.000000  1.10704960117913424E+03  1.06997285225277028E+03  3.54846985637296886E+00  3.32628161608888533E+01  5.87846374395996421E-02  2.05855660690783482E-01  2.96557374764501197E-04  5.25364549265152844E-04  6.89047679004491012E-07
  742.000000  1.09087531127319562E+03  1.05451744563121906E+03  3.49680691937872190E+00  3.26019882102956871E+01  5.75862597518042307E-02  2.00685203486983377E-01  2.88943893078877779E-04  5.09437390010047215E-04  6.67780087690534147E-07
  744.000000  1.07502921225366435E+03  1.03937277932907136E+03  3.44617506408254393E+00  3.19573978973193498E+01  5.64173686355454729E-02  1.95666338035505177E-01  2.81554490282452002E-04  4.94054786286688926E-04  6.47243279578376543E-07
  746.000000  1.05950281546601605E+03  1.02453087392247244E+03  3.39654881440316725E+00  3.13285674480067122E+01  5.52771154903465983E-02  1.90793960570843718E-01  2.74381719793884843E-04  4.79195943717591454E-04  6.27409552811604888E-07
  748.000000  1.04428789963790678E+03  1.00998399994646843E+03  3.34790344419940356E+00  3.07150355377542823E+01  5.41646797344164446E-02  1.86063162138579430E-01  2.67418411351109757E-04  4.64840947777642990E-04  6.08252355645907121E-07
  750.000000  1.02937650095724121E+03  9.95724668658672044E+02  3.30021495151473676E+00  3.01163566409123256E+01  5.30792677573590360E-02  1.81469220256155361E-01  2.60657659660347310E-04  4.50970722824223626E-04  5.89746234457104553E-07
  752.000000  1.01476090357318014E+03  9.81745623195290818E+02  3.25346003387143767E+00  2.95321004094571506E+01  5.20201119171330786E-02  1.77007590970129747E-01  2.54092813558918292E-04  4.37566993213843870E-04  5.71866784300937233E-07
  754.000000  1.00043363049968275E+03  9.68039830100763766E+02  3.20761606446857872E+00  2.89618510792804749E+01  5.09864695780978122E-02  1.72673901289144782E-01  2.47717465663018887E-04  4.24612246389744158E-04  5.54590601877249525E-07
  756.000000  9.86387434902443488E+02  9.54600471213143464E+02  3.16266106937256852E+00  2.84052069027291267E+01  4.99776221896609113E-02  1.68463941973054282E-01  2.41525442480932349E-04  4.12089697831837594E-04  5.37895240784991765E-07
  758.000000  9.72615291751048858E+02  9.41420935888506847E+02  3.11857370556649016E+00  2.78617796061013543E+01  4.89928744025633217E-02  1.64373660659766468E-01  2.35510794966559757E-04  3.99983257766856222E-04  5.21759168940177701E-07
  760.000000  9.59110389818952513E+02  9.28494813548271395E+02  3.07533323982333284E+00  2.73311938708732285E+01  4.80315532214841828E-02  1.60399155312366704E-01  2.29667789490941421E-04  3.88277499542557082E-04  5.06161728045744645E-07
  762.000000  9.45866124015146283E+02  9.15815886534433275E+02  3.03291952843751167E+00  2.68130868375008724E+01  4.70930071923894786E-02  1.56536667970121945E-01  2.23990899214165885E-04  3.76957629575606305E-04  4.91083095006092951E-07
  764.000000  9.32876088031868676E+02  9.03378123258308847E+02  2.99131299768852266E+00  2.63071076307015375E+01  4.61766056229572647E-02  1.52782578787843931E-01  2.18474795836313919E-04  3.66009458788024700E-04  4.76504245188763786E-07
  766.000000  9.20134067293769021E+02  8.91175671629233193E+02  2.95049462505133997E+00  2.58129169051771967E+01  4.52817378342789331E-02  1.49133400348966827E-01  2.13114341708796166E-04  3.55419375452046833E-04  4.62406917432960371E-07
  768.000000  9.07634032194563247E+02  8.79202852750246961E+02  2.91044592116001866E+00  2.53301864107990689E+01  4.44078124433734192E-02  1.45585772238516431E-01  2.07904582292601120E-04  3.45174319367942206E-04  4.48773580721246626E-07
  770.000000  8.95370131607944018E+02  8.67454154868616683E+02  2.87114891238407521E+00  2.48585985763229544E+01  4.35542566737629061E-02  1.42136455862889699E-01  2.02840738941219604E-04  3.35261757303674903E-04  4.35587402422531054E-07
  772.000000  8.83336686660251189E+02  8.55924227569506002E+02  2.83258612409816068E+00  2.43978461107548910E+01  4.27205156939357567E-02  1.38782329504098273E-01  1.97918201997125350E-04  3.25669659629413213E-04  4.22832218032350551E-07
  774.000000  8.71528184752958396E+02  8.44607876201783029E+02  2.79474056456828368E+00  2.39476316215332510E+01  4.19060519822928787E-02  1.35520383596806737E-01  1.93132524186461673E-04  3.16386478083755082E-04  4.10492502331804235E-07
  776.000000  8.59939273823732947E+02  8.33500056525545119E+02  2.75759570942637211E+00  2.35076672487353484E+01  4.11103447168059272E-02  1.32347716217110167E-01  1.88479414295293814E-04  3.07401124612080427E-04  3.98553341892824476E-07
  778.000000  8.48564756835258095E+02  8.22595869571328876E+02  2.72113548672525951E+00  2.30776743145591574E+01  4.03328891891939351E-02  1.29261528772621842E-01  1.83954731118230797E-04  2.98702951220913642E-04  3.87000408863510023E-07
  780.000000  8.37399586481628262E+02  8.11890556701587343E+02  2.68534426252019065E+00  2.26573829873667236E+01  3.95731962415799554E-02  1.26259121883967484E-01  1.79554477662929076E-04  2.90281730795269332E-04  3.75819935968778702E-07
  782.000000  8.26438860102718422E+02  8.01379494865484617E+02  2.65020682700831944E+00  2.22465319596184194E+01  3.88307917255993687E-02  1.23337891448359660E-01  1.75274795600661770E-04  2.82127638829023498E-04  3.64998692664950052E-07
  784.000000  8.15677814797199403E+02  7.91058192038425091E+02  2.61570838114180537E+00  2.18448681390538795E+01  3.81052159822212813E-02  1.20495324876380275E-01  1.71111959951911739E-04  2.74231236021106411E-04  3.54523962392893956E-07
  786.000000  8.05111822725504794E+02  7.80922282838196907E+02  2.58183452374930855E+00  2.14521463525138962E+01  3.73960233420534693E-02  1.17728997493592447E-01  1.67062373994588764E-04  2.66583451692943064E-04  3.44383520872059251E-07
  788.000000  7.94736386594444525E+02  7.70967524310079966E+02  2.54857123909648653E+00  2.10681290618265962E+01  3.67027816444761706E-02  1.15036569099052036E-01  1.63122564385916394E-04  2.59175567985108163E-04  3.34565615387899148E-07
  790.000000  7.84547135315387436E+02  7.61189791873385843E+02  2.51590488490651421E+00  2.06925860912060742E+01  3.60250717755793842E-02  1.12415780673164989E-01  1.59289176487667917E-04  2.51999204793367957E-04  3.25058945019892527E-07
  792.000000  7.74539819828716190E+02  7.51585075422687964E+02  2.48382218079932837E+00  2.03252943656494978E+01  3.53624872236278850E-02  1.09864451227805207E-01  1.55558969885723713E-04  2.45046305406643021E-04  3.15852641767192850E-07
  794.000000  7.64710309087175347E+02  7.42149475576884015E+02  2.45231019714280807E+00  1.99660376598320219E+01  3.47146336514002896E-02  1.07380474791895483E-01  1.51928814094854313E-04  2.38309122811323175E-04  3.06936252526453559E-07
  796.000000  7.55054586191375620E+02  7.32879200069834269E+02  2.42135634430702984E+00  1.96146063570327236E+01  3.40811284848501692E-02  1.04961817526069229E-01  1.48395684441174775E-04  2.31780206628407560E-04  2.98299721880753075E-07
  798.000000  7.45568744670974752E+02  7.23770560276595461E+02  2.39094836227417229E+00  1.92707972176453524E+01  3.34616005172424513E-02  1.02606514960331047E-01  1.44956658113128839E-04  2.25452390651747559E-04  2.89933375661243751E-07
  800.000000  7.36248984905153293E+02  7.14819967869295169E+02  2.36107431061864981E+00  1.89344131568434442E+01  3.28556895279752195E-02  1.00312669348928643E-01  1.41608910373822107E-04  2.19318780957302437E-04  2.81827905240931164E-07
  802.000000  7.27091610676772575E+02  7.06023931597427918E+02  2.33172255885744617E+00  1.86052630310041245E+01  3.22630459161096991E-02  9.80784471370091393E-02  1.38349710928927638E-04  2.13372744555131148E-04  2.73974352531286826E-07
  804.000000  7.18093025854393431E+02  6.97379054187240399E+02  2.30288177708878372E+00  1.82831614325002434E+01  3.16833303469345462E-02  9.59020765338361864E-02  1.35176420440293971E-04  2.07607898557156043E-04  2.66364095641265711E-07
  806.000000  7.09249731196813514E+02  6.88882029355129134E+02  2.27454092701228294E+00  1.79679284924963554E+01  3.11162134123689135E-02  9.37818451876495096E-02  1.32086487182480239E-04  2.02018099835290035E-04  2.58988835172729262E-07
  808.000000  7.00558321275014350E+02  6.80529638930444548E+02  2.24668925318994894E+00  1.76593896913997703E+01  3.05613753031661016E-02  9.17160979574818264E-02  1.29077443832128911E-04  1.96597435145840383E-04  2.51840581117743509E-07
  810.000000  6.92015481506782407E+02  6.72318750083179111E+02  2.21931627466511916E+00  1.73573756766390446E+01  3.00185054938418225E-02  8.97032347775120475E-02  1.26146904387861497E-04  1.91340211697428624E-04  2.44911640332933560E-07
  812.000000  6.83617985299114366E+02  6.64246312652077563E+02  2.19241177683653232E+00  1.70617220874480395E+01  2.94873024387624187E-02  8.77417086096962812E-02  1.23292561212334984E-04  1.86240948140742628E-04  2.38194604560501013E-07
  814.000000  6.75362691294148249E+02  6.56309356569206557E+02  2.16596580359163937E+00  1.67722693863596213E+01  2.89674732792456237E-02  8.58300234806941426E-02  1.20512182192196362E-04  1.81294365959734931E-04  2.31682338971464633E-07
  816.000000  6.67246540714356797E+02  6.48504989376966137E+02  2.13996864975078527E+00  1.64888626971215970E+01  2.84587335618254403E-02  8.39667325992681235E-02  1.17803608011471381E-04  1.76495381244832182E-04  2.25367971207675496E-07
  818.000000  6.59266554802903556E+02  6.40830393833817425E+02  2.11441085371777282E+00  1.62113516487604308E+01  2.79608069660848592E-02  8.21504365505270617E-02  1.15164749532040069E-04  1.71839096829783984E-04  2.19244880897132184E-07
  820.000000  6.51419832355369067E+02  6.33282825605131620E+02  2.08928319040992516E+00  1.59395902255345465E+01  2.74734250428258081E-02  8.03797815635751284E-02  1.12593585278079715E-04  1.67320794774731261E-04  2.13306689622916555E-07
  822.000000  6.43703547339149281E+02  6.25859611035780858E+02  2.06457666439395959E+00  1.56734366225284134E+01  2.69963269612271857E-02  7.86534578492810166E-02  1.10088159017969237E-04  1.62935929178948150E-04  2.07547251321678400E-07
  824.000000  6.36114946596913001E+02  6.18558145001068624E+02  2.04028250326697780E+00  1.54127531066494434E+01  2.65292592653964265E-02  7.69701980050518098E-02  1.07646577442624376E-04  1.58680119307600466E-04  2.01960643095819881E-07
  826.000000  6.28651347630985470E+02  6.11375888833101271E+02  2.01639215126295435E+00  1.51574058828061879E+01  2.60719756393766634E-02  7.53287754836516193E-02  1.05267007932873387E-04  1.54549143017652734E-04  1.96541156416242892E-07
  828.000000  6.21310136465152482E+02  6.04310368319370241E+02  1.99289726304057080E+00  1.49072649650474656E+01  2.56242366805854542E-02  7.37280031232242644E-02  1.02947676414058176E-04  1.50538930468783810E-04  1.91283288700410398E-07
  830.000000  6.14088765581109101E+02  5.97359171770921876E+02  1.96978969770219403E+00  1.46622040524629575E+01  2.51858096812800948E-02  7.21667317358589550E-02  1.00686865293815391E-04  1.46645558105971421E-04  1.86181735248122219E-07
  832.000000  6.06984751926332706E+02  5.90519948157145222E+02  1.94706151298937002E+00  1.44221004096426704E+01  2.47564684176855600E-02  7.06438487521044850E-02  9.84829114791826814E-05  1.42865242900958457E-04  1.81231381516954474E-07
  834.000000  5.99995674990844577E+02  5.83790405304823594E+02  1.92470495967188882E+00  1.41868347515149882E+01  2.43359929464656601E-02  6.91582769190311614E-02  9.63342044697716835E-05  1.39194336840607554E-04  1.76427295724828705E-07
  836.000000  5.93119174949924968E+02  5.77168308158697641E+02  1.90271247611993433E+00  1.39562911323786754E+01  2.39241694084890606E-02  6.77089730494869618E-02  9.42391845244239018E-05  1.35629321650602053E-04  1.71764721762104868E-07
  838.000000  5.86352950870536006E+02  5.70651477101483806E+02  1.88107668304340914E+00  1.37303568389656405E+01  2.35207898391717463E-02  6.62949268203732595E-02  9.21963408970843067E-05  1.32166803743691903E-04  1.67239072400596797E-07
  840.000000  5.79694758978549430E+02  5.64237786330607378E+02  1.85979037841153305E+00  1.35089222873615640E+01  2.31256519857233160E-02  6.49151596177848650E-02  9.02042101407224829E-05  1.28803509382032953E-04  1.62845922787136636E-07
  842.000000  5.73142410984842968E+02  5.57925162289891205E+02  1.83884653252110009E+00  1.32918809236378479E+01  2.27385591303988534E-02  6.35687234270464058E-02  8.82613744746159085E-05  1.25536280043863138E-04  1.58581004206018977E-07
  844.000000  5.66693772467887698E+02  5.51711582153962581E+02  1.81823828322734515E+00  1.30791291280436202E+01  2.23593199200286114E-02  6.22546997657232037E-02  8.63664602139060120E-05  1.22362067985167672E-04  1.54440198101367055E-07
  846.000000  5.60346761310487750E+02  5.45595072363211443E+02  1.79795893131783813E+00  1.28705661226116845E+01  2.19877482013216517E-02  6.09721986577552305E-02  8.45181362578203136E-05  1.19277931987383186E-04  1.50419530345701021E-07
  848.000000  5.54099346188932486E+02  5.39573707207667553E+02  1.77800193604657597E+00  1.26660938820485018E+01  2.16236628617754167E-02  5.97203576470068179E-02  8.27151126347775323E-05  1.16281033282775563E-04  1.46515165745468802E-07
  850.000000  5.47949545112255464E+02  5.33645607457659708E+02  1.75836091080376944E+00  1.24656170477731436E+01  2.12668876762084381E-02  5.84983408485457643E-02  8.09561391023009555E-05  1.13368631649381227E-04  1.42723402771263471E-07
  852.000000  5.41895424010030183E+02  5.27808939039825191E+02  1.73902961889884966E+00  1.22690428449858864E+01  2.09172511581346213E-02  5.73053380360866935E-02  7.92400037981114635E-05  1.10538081667936863E-04  1.39040668504412773E-07
  854.000000  5.35935095366626228E+02  5.22061911756471659E+02  1.72000196950602646E+00  1.20762810026433574E+01  2.05745864164942893E-02  5.61405637640710262E-02  7.75655319421885737E-05  1.07786829133468549E-04  1.35463513789231215E-07
  856.000000  5.30066716900316237E+02  5.16402778046860249E+02  1.70127201370678471E+00  1.18872436762285343E+01  2.02387310170097888E-02  5.50032565229485529E-02  7.59315845862363269E-05  1.05112407614650508E-04  1.31988608582924010E-07
  858.000000  5.24288490285561920E+02  5.10829831788792035E+02  1.68283394068324088E+00  1.17018453732066110E+01  1.99095268483108732E-02  5.38926779262814612E-02  7.43370574098739501E-05  1.02512435154338775E-04  1.28612737493625246E-07
  860.000000  5.18598659916900715E+02  5.05341407139083515E+02  1.66468207400874069E+00  1.15200028810640447E+01  1.95868199925437088E-02  5.28081119283614550E-02  7.27808795606557857E-05  9.99846111050240165E-05  1.25332795499468038E-07
  862.000000  5.12995511712817006E+02  4.99935877411399815E+02  1.64681086804681898E+00  1.13416351978276690E+01  1.92704606001246302E-02  5.17488640710699402E-02  7.12620125364400085E-05  9.75267130931992365E-05  1.22145783838646204E-07
  864.000000  5.07477371958217304E+02  4.94611653990146806E+02  1.62921490447915107E+00  1.11666634649716467E+01  1.89603027688486810E-02  5.07142607587945174E-02  6.97794491089592203E-05  9.51365941069923807E-05  1.19048806066262402E-07
  866.000000  5.02042606184028671E+02  4.89367185279076978E+02  1.61188888891465720E+00  1.09950109026189065E+01  1.86562044268592277E-02  4.97036485602483785E-02  6.83322122861879864E-05  9.28121797016269158E-05  1.16039064268004022E-07
  868.000000  4.96689618082732125E+02  4.84200955683450161E+02  1.59482764764033669E+00  1.08266027469523767E+01  1.83580272196805540E-02  4.87163935361087791E-02  6.69193543130674253E-05  9.05514653175730006E-05  1.13113855425635928E-07
  870.000000  4.91416848458273307E+02  4.79111484624386208E+02  1.57802612440715473E+00  1.06613661897480192E+01  1.80656364005593387E-02  4.77518805914086963E-02  6.55399557069194299E-05  8.83525137064402846E-05  1.10270567925911911E-07
  872.000000  4.86222774209374506E+02  4.74097325584364398E+02  1.56147937739665377E+00  1.04992303199532522E+01  1.77789007250081267E-02  4.68095128517033651E-02  6.41931243297096950E-05  8.62134524599671262E-05  1.07506678210122544E-07
  874.000000  4.81105907344791206E+02  4.69157065182693202E+02  1.54518257617191601E+00  1.03401260672301412E+01  1.74976923480334411E-02  4.58887110620313718E-02  6.28779944910625539E-05  8.41324716375946205E-05  1.04819747553320134E-07
  876.000000  4.76064794029687505E+02  4.64289322279972453E+02  1.52913099883257941E+00  1.01839861473943181E+01  1.72218867254460180E-02  4.49889130077868946E-02  6.15937260861055110E-05  8.21078214884295323E-05  1.02207418973483456E-07
  878.000000  4.71098013661691596E+02  4.59492747110396465E+02  1.51332002916579711E+00  1.00307450096734652E+01  1.69513625178120408E-02  4.41095729565939981E-02  6.03395037616191024E-05  8.01378102634669532E-05  9.96674142597806056E-08
  880.000000  4.66204177975850484E+02  4.54766020441048283E+02  1.49774515392536034E+00  9.88033878572285040E+00  1.66860014978467662E-02  4.32501611203800554E-02  5.91145361139135136E-05  7.82208021142705997E-05  9.71975311189624958E-08
  882.000000  4.61381930177272693E+02  4.50107852757102080E+02  1.48240196017975934E+00  9.73270524032786177E+00  1.64256884605931651E-02  4.24101631368168780E-02  5.79180549134378887E-05  7.63552150743549422E-05  9.47956404321174199E-08
  884.000000  4.56629944100609123E+02  4.45516983472138065E+02  1.46728613273666841E+00  9.58778372373526722E+00  1.61703111365998596E-02  4.15890795693908896E-02  5.67493143581464354E-05  7.45395191197980369E-05  9.24596836191969898E-08
  886.000000  4.51946923395412114E+02  4.40992180162665704E+02  1.45239345164913214E+00  9.44551512555175243E+00  1.59197601077964712E-02  4.07864254253536562E-02  5.56075903523263956E-05  7.27722343056977421E-05  9.01876701054085989E-08
  888.000000  4.47331600736369126E+02  4.36532237825936704E+02  1.43771978977815373E+00  9.30584183015089295E+00  1.56739287260693992E-02  4.00017296908528053E-02  5.44921798109633323E-05  7.10519289752583531E-05  8.79776748855914395E-08
  890.000000  4.42782737057748193E+02  4.32135978160400668E+02  1.42326111044741288E+00  9.16870767353720417E+00  1.54327130344613806E-02  3.92345348825836951E-02  5.34023999887355347E-05  6.93772180384764442E-05  8.58278361831915146E-08
  892.000000  4.38299120810990132E+02  4.27802248867838443E+02  1.40901346515026749E+00  9.03405790160978128E+00  1.51960116908050058E-02  3.84843966153008213E-02  5.23375878319991454E-05  6.77467613174652313E-05  8.37363531988253138E-08
  894.000000  4.33879567244837233E+02  4.23529922976594833E+02  1.39497299132231412E+00  8.90183912977893321E+00  1.49637258937731013E-02  3.77508831845910289E-02  5.12970993537124117E-05  6.61592619556574031E-05  8.17014839455618876E-08
  896.000000  4.29522917707161639E+02  4.19317898185103559E+02  1.38113591020199622E+00  8.77199930388498572E+00  1.47357593113849033E-02  3.70335751643098218E-02  5.02803090298846488E-05  6.46134648882115849E-05  7.97215431672164541E-08
  898.000000  4.25228038967660439E+02  4.15165096224991487E+02  1.36749852470824029E+00  8.64448766237167199E+00  1.45120180115080582E-02  3.63320650181129523E-02  4.92866092167829257E-05  6.31081553710626880E-05  7.77949003355399763E-08
  900.000000  4.20993822560910701E+02  4.11070462243218969E+02  1.35405721741330498E+00  8.51925469967212301E+00  1.42924103946686677E-02  3.56459567245541939E-02  4.83154095882145623E-05  6.16421575662153822E-05  7.59199777239734498E-08
