# Wavelength || Total || n=1 | n=2 | ...
  300.000000  2.82585342698084696E+03  2.06320348641580540E+03  4.16106214338739164E+02  3.10723817398327299E+02  2.40877596961351230E+01  1.09867528674940882E+01  5.71492757821711606E-01  1.66710725155445744E-01  7.19278136892402640E-03
  302.000000  2.97571867493501986E+03  2.17925478050290940E+03  4.36788131160364912E+02  3.22695393608450900E+02  2.49649359662387162E+01  1.12548548237365935E+01  5.84771233580852146E-01  1.68542487324747914E-01  7.26515241383540820E-03
  304.000000  3.13271633938666355E+03  2.30095944761055716E+03  4.58513991064837001E+02  3.35049336603056361E+02  2.58880577620110408E+01  1.15287902171764198E+01  5.98949819812508943E-01  1.70418247065865502E-01  7.34806214704589438E-03
  306.000000  3.29726809108980615E+03  2.42863578974432085E+03  4.81359197409053877E+02  3.47808567895727606E+02  2.68614299342340317E+01  1.18091933912873230E+01  6.14122622866723034E-01  1.72347633803353051E-01  7.44245851234884986E-03
  308.000000  3.46983091449787753E+03  2.56262637707108206E+03  5.05407392545348500E+02  3.60998156501683980E+02  2.78899347594472822E+01  1.20967656306765061E+01  6.30397329877224633E-01  1.74341219113675588E-01  7.54944064765866989E-03
  310.000000  3.65090078277710199E+03  2.70330016876833133E+03  5.30751647957252430E+02  3.74645569308437643E+02  2.89791321404502327E+01  1.23922858634988948E+01  6.47897732631540935E-01  1.76410718791254362E-01  7.67028770915674247E-03
  312.000000  3.84101685742335394E+03  2.85105485442033114E+03  5.57495884357371324E+02  3.88780969935820849E+02  3.01353820778950130E+01  1.26966240441661231E+01  6.66766843217978189E-01  1.78569249800984459E-01  7.80649475042248953E-03
  314.000000  4.04076631767343042E+03  3.00631944471195538E+03  5.85756578495344911E+02  4.03437578736800617E+02  3.13659954533919993E+01  1.30107580278902333E+01  6.87170770281553156E-01  1.80831660002158029E-01  7.95981776348033548E-03
  316.000000  4.25078995398868756E+03  3.16955714558292129E+03  6.15664830448763951E+02  4.18652110908617317E+02  3.26794211210606633E+01  1.33357950581508842E+01  7.09303582643941555E-01  1.83214955775699628E-01  8.13233075273461607E-03
  318.000000  4.47178869934990507E+03  3.34126855707378627E+03  6.47368888196881812E+02  4.34465315801709721E+02  3.40854800082709488E+01  1.36729994383926083E+01  7.33393468664398473E-01  1.85738863390862735E-01  8.32649881021950422E-03
  320.000000  4.70453132644457037E+03  3.52199524757772133E+03  6.81037257740122413E+02  4.50922649323813346E+02  3.55956607118817701E+01  1.40238286256596680E+01  7.59710616558092466E-01  1.88426576048412703E-01  8.54527276582503145E-03
  322.000000  4.94986361484240388E+03  3.71232376728666031E+03  7.16862570479307465E+02  4.68075124245606162E+02  3.72234964538512259E+01  1.43899809892401134E+01  7.88577411120502170E-01  1.91305763236796988E-01  8.79221338239264544E-03
  324.000000  5.20871940041295147E+03  3.91289018319854722E+03  7.55066440260795275E+02  4.85980402494644181E+02  3.89850510231411462E+01  1.47734600260649760E+01  8.20381795286572402E-01  1.94409957747294526E-01  9.07165672527303520E-03
  326.000000  5.48213407597404148E+03  4.12438524527957452E+03  7.95905628295072574E+02  5.04704222926286604E+02  4.08995527425284493E+01  1.51766622652609158E+01  8.55595029449196520E-01  1.97780497795995380E-01  9.38893807236868688E-03
  328.000000  5.77126134391366395E+03  4.34756033459719674E+03  8.39679957031768936E+02  5.24322303937332663E+02  4.29902326229603915E+01  1.56025000384549362E+01  8.94795681036326229E-01  2.01469303921753912E-01  9.75070099219968803E-03
  330.000000  6.07739437188105057E+03  4.58323440875123288E+03  8.86742592491458936E+02  5.44922933698719930E+02  4.52854491773539110E+01  1.60545768453426199E+01  9.38702639842285635E-01  2.05542943413438789E-01  1.01653336857677398E-02
  332.000000  6.40199304556992865E+03  4.83230226439651778E+03  9.37513577528719907E+02  5.66610581572269780E+02  4.78202239086009868E+01  1.65374442696888124E+01  9.88221555184080724E-01  2.10088737399452719E-01  1.06436015484520502E-02
  334.000000  6.74671987751411598E+03  5.09574461165056073E+03  9.92497892451351731E+02  5.89511069233447870E+02  5.06383792180429637E+01  1.70569892949313591E+01  1.04451185945927172E+00  2.15224212634468642E-01  1.11995936873180886E-02
  336.000000  7.11348855112301590E+03  5.37464075756744569E+03  1.05230992010650311E+03  6.13779199831498090E+02  5.37955851612512035E+01  1.76210374747281548E+01  1.10908655915027476E+00  2.21112228071313394E-01  1.18521943674912925E-02
  338.000000  7.50453148588657677E+03  5.67018522836224383E+03  1.11770712587919115E+03  6.39610399329355232E+02  5.73638245239195967E+01  1.82403276239920373E+01  1.18396656522374832E+00  2.27986123510899669E-01  1.26274791393670253E-02
  340.000000  7.92249698852707570E+03  5.98371057332144119E+03  1.18963723897716000E+03  6.67259170059369467E+02  6.14381645516193799E+01  1.89301545851351598E+01  1.27193080281929349E+00  2.36193387520386822E-01  1.35628420108576432E-02
  342.000000  8.37059370409843541E+03  6.31671982193940858E+03  1.26930556219051527E+03  6.97069637604845298E+02  6.61474740620402173E+01  1.97132731196723476E+01  1.37694527486231144E+00  2.46275318096612988E-01  1.47145889955228940E-02
  344.000000  8.85281001241106969E+03  6.67093097446939737E+03  1.35827245514969718E+03  7.29528727614439731E+02  7.16723058021685659E+01  2.06253086404152661E+01  1.50494736726855893E+00  2.59120435996003318E-01  1.61729316869639733E-02
  346.000000  9.37423549746614117E+03  7.04831500642651463E+03  1.45859393445876844E+03  7.65364808173745814E+02  7.82766534970328678E+01  2.17253875312324425E+01  1.66533774871854923E+00  2.76276447570811545E-01  1.80931825577971307E-02
  348.000000  9.94146793105854522E+03  7.45102490057555042E+03  1.57301669640551700E+03  8.05746506148913227E+02  8.63676126894240639E+01  2.31174990279307622E+01  1.87332237151470249E+00  3.00655745498435656E-01  2.07380941964796749E-02
  350.000000  1.05630948129617009E+04  7.88102894623004886E+03  1.70525009741698364E+03  8.52718955407767680E+02  9.65988800237963545E+01  2.49859608696608930E+01  2.14975810890276042E+00  3.37962145394053004E-01  2.42527591478088611E-02
  352.000000  1.12504206606733133E+04  8.33935796671606477E+03  1.86041934037520696E+03  9.10219569234654500E+02  1.09887295269973933E+02  2.75950933178289155E+01  2.52052839568727149E+00  3.92249339051124579E-01  2.86180248469306980E-02
  354.000000  1.20195738618460655E+04  8.82544163965106782E+03  2.04588198015085345E+03  9.86381720972473545E+02  1.27119450235156805E+02  3.12459417585931689E+01  3.01378260437207457E+00  4.54844197837911413E-01  3.45022757093381288E-02
  356.000000  1.29029587306040357E+04  9.34291811487220912E+03  2.27331399510571782E+03  1.09456220518809778E+03  1.50757290930059838E+02  3.70825093131126238E+01  3.72825867425315538E+00  5.52819284207491934E-01  4.35372363771260595E-02
  358.000000  1.39055627343036540E+04  9.87870558819282633E+03  2.56122062441638718E+03  1.23160714945607810E+03  1.83053580683515747E+02  4.54698992262263673E+01  4.73492633595856649E+00  7.14423906508306894E-01  5.65420861509017894E-02
  360.000000  1.49515964035336474E+04  1.04201933509282208E+04  2.94321998521365458E+03  1.31722620395234594E+03  2.14962674953254009E+02  4.96431120243638588E+01  5.49428288661612907E+00  7.92292264454249717E-01  6.45013107367770622E-02
  362.000000  1.61362281441712912E+04  1.10201824146864055E+04  3.47371455189666494E+03  1.34318753303865105E+03  2.45100480210871098E+02  4.74597927201913663E+01  5.79858390440775118E+00  7.21259863426861658E-01  6.35278506728627068E-02
  364.000000  1.76955468979831276E+04  1.16953054128451658E+04  4.24063945781062739E+03  1.40963178628304536E+03  2.95999419497490237E+02  4.66572518626591801E+01  6.58202191688025096E+00  6.64004661923211614E-01  6.75431053341611215E-02
  366.000000  1.98312764395500017E+04  1.24254515057328736E+04  5.40752526092117751E+03  1.55425834288730698E+03  3.85007062456583583E+02  4.99574043679521012E+01  8.31648600854481934E+00  6.78308826090635919E-01  8.20683494721350798E-02
  368.000000  2.28457876322819502E+04  1.31803380535123051E+04  7.24886082358176373E+03  1.81184066440655170E+03  5.34063812237487923E+02  5.83959601306484046E+01  1.14049864732154003E+01  7.73231719634972059E-01  1.10100220342089314E-01
  370.000000  2.70400159039343380E+04  1.38975228917453423E+04  1.00311647390651997E+04  2.24836674774644689E+03  7.71134260035899956E+02  7.42695727762880580E+01  1.64271325081634991E+01  9.73982144521330584E-01  1.56577912475783260E-01
  372.000000  3.17869608802919029E+04  1.46021100574475095E+04  1.31343410003550580E+04  2.85774849947085386E+03  1.07038693256958913E+03  9.78867088113008919E+01  2.29835287636746166E+01  1.28604556117615765E+00  2.18107312742164855E-01
  374.000000  3.43685361497210033E+04  1.55230130152935308E+04  1.41401697631328097E+04  3.32315359807454251E+03  1.23570851604244967E+03  1.17716831160703833E+02  2.69580872519401815E+01  1.56007722068936805E+00  2.56261544338730163E-01
  376.000000  3.28926624760919804E+04  1.64711162860195072E+04  1.20045859168083371E+04  3.20461366709120057E+03  1.07495747129099050E+03  1.12164600551027334E+02  2.35280082851908006E+01  1.47362554873549856E+00  2.22900496990075608E-01
  378.000000  2.97681166009407207E+04  1.73103500217816181E+04  8.97702281186265100E+03  2.61709076922410850E+03  7.62115376311638215E+02  8.39578750225607564E+01  1.63721901903051439E+01  1.05445388034557830E+00  1.53102667497844402E-01
  380.000000  2.77779098722293566E+04  1.82386064450549857E+04  6.80276496489178953E+03  2.14599986145113644E+03  5.18287846562883942E+02  6.06983396227935259E+01  1.07447019277445825E+01  7.09256977034806169E-01  9.84557409838758280E-02
  382.000000  2.71515045553173331E+04  1.92917662635671768E+04  5.53134651525200661E+03  1.90416173597566694E+03  3.68454024871321735E+02  4.79101599672193572E+01  7.28310091127470027E+00  5.17721740257425345E-01  6.50330324125451692E-02
  384.000000  2.73954738905389459E+04  2.04421212600576800E+04  4.82556295684440829E+03  1.80127291311061867E+03  2.79427664761786616E+02  4.14055160589584546E+01  5.22097816051354524E+00  4.17384180693488926E-01  4.52173642840246609E-02
  386.000000  2.81550769448937535E+04  2.16707134079724783E+04  4.44503508330817203E+03  1.77157214844854593E+03  2.25270522519434166E+02  3.81329226063520466E+01  3.95637978119363787E+00  3.63379722603090649E-01  3.31005349725372183E-02
  388.000000  2.92346186350606913E+04  2.29670340286844912E+04  4.25455100174071140E+03  1.78174139894898440E+03  1.91223990829014980E+02  3.65609681307390133E+01  3.14847525758544844E+00  3.33407847533419843E-01  2.53636216329416811E-02
  390.000000  3.05262319812031637E+04  2.43236115316019386E+04  4.17936740659891348E+03  1.81516404863689036E+03  1.69202867817674957E+02  3.59374210454334886E+01  2.61187240505632756E+00  3.16619420449014977E-01  2.02136768072415131E-02
  392.000000  3.19657364431663736E+04  2.57331007325919818E+04  4.17647433936623202E+03  1.86306166154961102E+03  1.54658102156662153E+02  3.58742911990423110E+01  2.24317752472683107E+00  3.07481344746965812E-01  1.66574333711168136E-02
  394.000000  3.35101979743627380E+04  2.71868500176624402E+04  4.21956475370698899E+03  1.92041090112841948E+03  1.44914701236808241E+02  3.61581974179721612E+01  1.98228543800639812E+00  3.02996162568296645E-01  1.41216095467081131E-02
  396.000000  3.51266567325500000E+04  2.86741640970148001E+04  4.29134185433193852E+03  1.98405914247124974E+03  1.38321621484170322E+02  3.66636338464619271E+01  1.79268325684728369E+00  3.01439283511394152E-01  1.22608610227808237E-02
  398.000000  3.67863546378136307E+04  3.01819489900037661E+04  4.37950354270404296E+03  2.05181793503262679E+03  1.33808760759886212E+02  3.73115605924161784E+01  1.65123046223238967E+00  3.01759662182486732E-01  1.08585964827939852E-02
  400.000000  3.84618035835822666E+04  3.16946422424440643E+04  4.47459948070897917E+03  2.12200878895526466E+03  1.30648689364117729E+02  3.80486543838746556E+01  1.54267323635841280E+00  3.03280572071877808E-01  9.77391752946442545E-03
  402.000000  4.01254645378852656E+04  3.31944155684430661E+04  4.56888540479446419E+03  2.19323145756237636E+03  1.28324580893515304E+02  3.88364762524420541E+01  1.45659468397468461E+00  3.05543095619008331E-01  8.91215981041230607E-03
  404.000000  4.17494509199963941E+04  3.46616589671496185E+04  4.65573926359256166E+03  2.26424950448595155E+03  1.26455425983360726E+02  3.96456643576146703E+01  1.38566540439060581E+00  3.08221061521475825E-01  8.20796136240875031E-03
  406.000000  4.33059447753007626E+04  3.60757425976626182E+04  4.72941099807144838E+03  2.33394172982648706E+03  1.24753346521239052E+02  4.04528005752065596E+01  1.32461396468338988E+00  3.11073452356897318E-01  7.61522671777263311E-03
  408.000000  4.47681134984893069E+04  3.74160179891604857E+04  4.78497504157978710E+03  2.40129167924731109E+03  1.22999414809310821E+02  4.12387471110330779E+01  1.26960838528925657E+00  3.13917184222568590E-01  7.10101186902499862E-03
  410.000000  4.61113305007135932E+04  3.86629739878224136E+04  4.81839951858683617E+03  2.46539788443788484E+03  1.21030191449999208E+02  4.19877886811869061E+01  1.21787688558068208E+00  3.16611153788687982E-01  6.64169590388402013E-03
  412.000000  4.73144874181642517E+04  3.97994180042509252E+04  4.82666707818581654E+03  2.52549219845184234E+03  1.18730220045286202E+02  4.26871822509395287E+01  1.16746804427509465E+00  3.19046427889853101E-01  6.22050727650577846E-03
  414.000000  4.83611733046568406E+04  4.08115243496003095E+04  4.80789439261605639E+03  2.58095623729249928E+03  1.16027408343957816E+02  4.33268611963457460E+01  1.11709018015541250E+00  3.21139571110342747E-01  5.82585640873067075E-03
  416.000000  4.92405114076911414E+04  4.16895916062783290E+04  4.76140873823611764E+03  2.63132835396486871E+03  1.12889303953510179E+02  4.38991345091653073E+01  1.06599324744992940E+00  3.22827354670161493E-01  5.45014703284256875E-03
  418.000000  4.99474972376139922E+04  4.24283860058776700E+04  4.68775431335874691E+03  2.67629652065597520E+03  1.09319079691751881E+02  4.43982955285039651E+01  1.01387171270666232E+00  3.24061915665280253E-01  5.08887297734580100E-03
  420.000000  5.04827682208716142E+04  4.30270131134547919E+04  4.58861797315891363E+03  2.71567598496079609E+03  1.05350707302802022E+02  4.48201187340442502E+01  9.60777340633626631E-01  3.24806027257186658E-01  4.73989237349086139E-03
  422.000000  5.08518374250502602E+04  4.34883410769227194E+04  4.46668118389533993E+03  2.74937409282247245E+03  1.01043325869849667E+02  4.51612761910941742E+01  9.07037965991003503E-01  3.25028557603272483E-01  4.40282518514702875E-03
  424.000000  5.10639171183345316E+04  4.38180754521466370E+04  4.32541827655091674E+03  2.77734753179845848E+03  9.64751543829817706E+01  4.54187419313798557E+01  8.53182526559954524E-01  3.24700446977226331E-01  4.07855062154121109E-03
  426.000000  5.11305203267288380E+04  4.40236405220130400E+04  4.16886683196345894E+03  2.79955886896490483E+03  9.17374008274855015E+01  4.55892686537388840E+01  7.99873891165585715E-01  3.23791622669222123E-01  3.76879237550634041E-03
  428.000000  5.10640483492965650E+04  4.41130458484075134E+04  4.00139202196239876E+03  2.81593941590243139E+03  8.69284521110483439E+01  4.56690165093290830E+01  7.47849407895003537E-01  3.22269221338419842E-01  3.47577461086984304E-03
  430.000000  5.08765505891746434E+04  4.40939103980306681E+04  3.82745310423709270E+03  2.82636431686230890E+03  8.21482130673478110E+01  4.56533926256742504E+01  6.97865097895420727E-01  3.20097339412037940E-01  3.20191424589027791E-03
  432.000000  5.05787915370015107E+04  4.39727867945372855E+04  3.65136112038850024E+03  2.83064373700782608E+03  7.74919335573823247E+01  4.55371290961163169E+01  6.50634586776183799E-01  3.17238333207452150E-01  2.94949441754064658E-03
  434.000000  5.01796943145868790E+04  4.37548790976826931E+04  3.47700338676627507E+03  2.82853153124301252E+03  7.30425783402862692E+01  4.53145927733861527E+01  6.06752035883239560E-01  3.13655484919843186E-01  2.72026042008160400E-03
  436.000000  4.96861658076392632E+04  4.34441727672436682E+04  3.30752292645649231E+03  2.81975000404307639E+03  6.88613957200535935E+01  4.49802864500024171E+01  5.66596132971909805E-01  3.09316666595374767E-01  2.51492640804736219E-03
  438.000000  4.91032558224293534E+04  4.30438862066379515E+04  3.14499857535937417E+03  2.80402642253699833E+03  6.49783814944944567E+01  4.45294703906812686E+01  5.30234819210649855E-01  3.04198488492973762E-01  2.33270215051571304E-03
  440.000000  4.84345678137857540E+04  4.25570326505239354E+04  2.99025703567378196E+03  2.78113434532934480E+03  6.13871307360482064E+01  4.39588106604256410E+01  4.97379433890422884E-01  2.98290333665739205E-01  2.17109465674065723E-03
  442.000000  4.76828230105560506E+04  4.19868363481451670E+04  2.84297737465823275E+03  2.75093198519728821E+03  5.80492802443300846E+01  4.32669566748882133E+01  4.67441689719570896E-01  2.91597697357421637E-01  2.02624905681541385E-03
  444.000000  4.68504802660631394E+04  4.13368692304825818E+04  2.70212880490522957E+03  2.71339202518672437E+03  5.49094953374170203E+01  4.24549730930593441E+01  4.39698834310529030E-01  2.84144393605822554E-01  1.89383021490989976E-03
  446.000000  4.59403247109807780E+04  4.06110061827571990E+04  2.56656448106485186E+03  2.66862144594304482E+03  5.19147704428663630E+01  4.15265906792492032E+01  4.13496621144658072E-01  2.75973413018804237E-01  1.77005941279959359E-03
  448.000000  4.49559545124975921E+04  3.98134225774276638E+04  2.43548525241460311E+03  2.61687258193716161E+03  4.90286398577308873E+01  4.04882714247186684E+01  3.88390634122306455E-01  2.67146406650924761E-01  1.65239493905102353E-03
  450.000000  4.39021159276960607E+04  3.89487575588361578E+04  2.30860454209404315E+03  2.55854608522754506E+03  4.62351908450210729E+01  3.93490926985343421E+01  3.64176489400340864E-01  2.57741879424671971E-01  1.53962593741254383E-03
  452.000000  4.27848622811245659E+04  3.80223769691457492E+04  2.18605514631497090E+03  2.49418485782994458E+03  4.35347326105327426E+01  3.81204578577110738E+01  3.40833580736616237E-01  2.47852252710194509E-01  1.43153220991477318E-03
  454.000000  4.16115390677247851E+04  3.70405833808293391E+04  2.06818834945989056E+03  2.42445801578619285E+03  4.09363203105288704E+01  3.68156532205786888E+01  3.18439649942617309E-01  2.37580052664593394E-01  1.32841565241402873E-03
  456.000000  4.03906197224681237E+04  3.60106670568893896E+04  1.95539108930557427E+03  2.35013567340981172E+03  3.84512478683616266E+01  3.54492914725322947E+01  2.97099221050055096E-01  2.27033579880693559E-01  1.23072153131833714E-03
  458.000000  3.91314311318264517E+04  3.49407813595765620E+04  1.84797242906767383E+03  2.27205722635689563E+03  3.60890577206568466E+01  3.40366970836135891E+01  2.76900737077730053E-01  2.16322466359201965E-01  1.13881760935272375E-03
  460.000000  3.78438140229572891E+04  3.38396872138023391E+04  1.74611639545338630E+03  2.19109677066538961E+03  3.38558449879115386E+01  3.25932928977383085E+01  2.57898739855576153E-01  2.05553505208538018E-01  1.05290546323760065E-03
  462.000000  3.65377621516491417E+04  3.27164305128583364E+04  1.64987842612311420E+03  2.10812922661698713E+03  3.17540347456895766E+01  3.11340395357437636E+01  2.40111697396878015E-01  1.94827059810577324E-01  9.73012073811767015E-04
  464.000000  3.52230776986701749E+04  3.15800096316452618E+04  1.55920353730976490E+03  2.02400002101491168E+03  2.97828829823093777E+01  2.96729651442482982E+01  2.23527304868255339E-01  1.84234250319985832E-01  8.99018476775956732E-04
  466.000000  3.39090706776585648E+04  3.04390739688484682E+04  1.47395167874618710E+03  1.93950021057242338E+03  2.79392168607294629E+01  2.82228068064370383E+01  2.08110122724174312E-01  1.73855002507513512E-01  8.30699088489769938E-04
  468.000000  3.26043195409110704E+04  2.93016777318198583E+04  1.39392257871259812E+03  1.85534796364788531E+03  2.62181632443637476E+01  2.67947698189705505E+01  1.93808962943937513E-01  1.63756945640909451E-01  7.67758812254392764E-04
  470.000000  3.13165002332814402E+04  2.81750994373285139E+04  1.31887686472578616E+03  1.77217650114502726E+03  2.46137632249581486E+01  2.53983989079891934E+01  1.80563013467637756E-01  1.53995072537243205E-01  7.09863161710239956E-04
  472.000000  3.00522828112528769E+04  2.70657275770651286E+04  1.24855266957837944E+03  1.69052799337018610E+03  2.31194489549702098E+01  2.40415470912532250E+01  1.68306503000887009E-01  1.44612029256796892E-01  6.56660702322826298E-04
  474.000000  2.88172889378292712E+04  2.59790063352538564E+04  1.18267803835549307E+03  1.61085252828285866E+03  2.17283939355340046E+01  2.27304232649221305E+01  1.56972055747950062E-01  1.35638882079743645E-01  6.07798778576079473E-04
  476.000000  2.76161001053405016E+04  2.49194315684885660E+04  1.12097984271620567E+03  1.53351108424653808E+03  2.04337596045149716E+01  2.14696981475125810E+01  1.46492992987174830E-01  1.27096210225274148E-01  5.62933954709556907E-04
  478.000000  2.64523050082751834E+04  2.38905858007777024E+04  1.06318995941641811E+03  1.45878141492456689E+03  1.92288620564253137E+01  2.02626491354871483E+01  1.36804838224742736E-01  1.18995387824844132E-01  5.21738535386698839E-04
  480.000000  2.53285745969403833E+04  2.28952010995753335E+04  1.00904938340059539E+03  1.38686583724557545E+03  1.81072795730104907E+01  1.91113270566287916E+01  1.27846243200338272E-01  1.11339941748823071E-01  4.83904293727839151E-04
  482.000000  2.42467544679086859E+04  2.19352398034665821E+04  9.58310820111826615E+02  1.31790006033862392E+03  1.70629174523345277E+01  1.80167309925276200E+01  1.19559504620125129E-01  1.04126897900916240E-01  4.49144270987176337E-04
  484.000000  2.32079659246171323E+04  2.10119846985263175E+04  9.10740179406462630E+02  1.25196236725488166E+03  1.60900426853137191E+01  1.69789806983804610E+01  1.11890798628288948E-01  9.73480538700415704E-02  4.17193282622677541E-04
  486.000000  2.22127089097777134E+04  2.01261320382441045E+04  8.66117289688440906E+02  1.18908263562337970E+03  1.51832977650657863E+01  1.59974792856602139E+01  1.04790225363285860E-01  9.09911381136671166E-02  3.87807584142263202E-04
  488.000000  2.12609618213572612E+04  1.92778825363385768E+04  8.24236068392525226E+02  1.12925084139554565E+03  1.43377003737138455E+01  1.50710615293516721E+01  9.82117294701904259E-02  8.50408340613063307E-02  3.60764014103157353E-04
  490.000000  2.03522748274885125E+04  1.84670269953455645E+04  7.84904321700179366E+02  1.07242482287220400E+03  1.35486337811086024E+01  1.41981253263066733E+01  9.21129428726856908E-02  7.94796614448552152E-02  3.35858832758219501E-04
  492.000000  1.94858546231903820E+04  1.76930245033010397E+04  7.47943298893524002E+02  1.01853718754200690E+03  1.28118313836107713E+01  1.33767454647682964E+01  8.64549819377651851E-02  7.42887170946321534E-02  3.12906404359305915E-04
  494.000000  1.86606396088324764E+04  1.69550721242124891E+04  7.13187091563927993E+02  9.67501323003310290E+02  1.21233577890809308E+01  1.26047700208314417E+01  8.12022210355083512E-02  6.94482839806017244E-02  2.91737821548345767E-04
  496.000000  1.78753652365910566E+04  1.62521657447757116E+04  6.80481942021554005E+02  9.19216528643270181E+02  1.14795881179258146E+01  1.18799004546100040E+01  7.63220573229338867E-02  6.49383211203911626E-02  2.72199535762345987E-04
  498.000000  1.71286198043061704E+04  1.55831522557425269E+04  6.49685506335698392E+02  8.73572320965124959E+02  1.08771866628624405E+01  1.11997569225922025E+01  7.17846765366878525E-02  6.07388487944554578E-02  2.54152033770014022E-04
  500.000000  1.64188913201398973E+04  1.49467735830028760E+04  6.20666103657049689E+02  8.30451986733817421E+02  1.03130856744294768E+01  1.05619305331854534E+01  6.75628260565004357E-02  5.68302438972180107E-02  2.37468584182743396E-04
  502.000000  1.57446062595037238E+04  1.43417032815249222E+04  5.93301973472265217E+02  7.89735468322123666E+02  9.78446477293039152E+00  9.96402431865981164E+00  6.36315990577015073E-02  5.31934596961157122E-02  2.22034066774332397E-04
  504.000000  1.51041611264263738E+04  1.37665765010619252E+04  5.67480555212131321E+02  7.51301668059378471E+02  9.28873129979298895E+00  9.40368463422132805E+00  5.99682318920790464E-02  4.98101831427144939E-02  2.07743890106232569E-04
  506.000000  1.44959477470101247E+04  1.32200141562349399E+04  5.43097799428745020E+02  7.15030255630067700E+02  8.82350178982572508E+00  8.87862456639954267E+00  5.65519156942771023E-02  4.66629414558710695E-02  1.94502998149822577E-04
  508.000000  1.39183731884181489E+04  1.27006421092999281E+04  5.20057516036702395E+02  6.80803056641621197E+02  8.38658465477401904E+00  8.38664076954296434E+00  5.33636224484821745E-02  4.37351681678022491E-02  1.82224963552281348E-04
  510.000000  1.33698751322882126E+04  1.22071061198822808E+04  4.98270762472519721E+02  6.48505092840689031E+02  7.97596410625653185E+00  7.92562497273708289E+00  5.03859452517224291E-02  4.10112373155571072E-02  1.70831163339434620E-04
  512.000000  1.28489334507259973E+04  1.17380832456151729E+04  4.77655272776526658E+02  6.18025336130354049E+02  7.58978530436060961E+00  7.49357122430498013E+00  4.76029521962572852E-02  3.84764730494743940E-02  1.60250031813008247E-04
  514.000000  1.23540786460043382E+04  1.12922903003876545E+04  4.58134927328004949E+02  5.89257230211358888E+02  7.22634069104698984E+00  7.08857977611977752E+00  4.50000531091385436E-02  3.61171406582047605E-02  1.50416384916065633E-04
  516.000000  1.18838977283583008E+04  1.08684898991034224E+04  4.39639262106340993E+02  5.62099025764827729E+02  6.88405745056691654E+00  6.70885836015172377E+00  4.25638782879665875E-02  3.39204238938225627E-02  1.41270810206725936E-04
  518.000000  1.14370380239882943E+04  1.04654945435068785E+04  4.22103015798122044E+02  5.36453967856599320E+02  6.56148602953473148E+00  6.35272147718579294E+00  4.02821683347279053E-02  3.18743925219814109E-02  1.32759116691279504E-04
  520.000000  1.10122093299353746E+04  1.00821691350961082E+04  4.05465712733135035E+02  5.12230367789394904E+02  6.25728964464264159E+00  6.01858820285352980E+00  3.81436741903243559E-02  2.99679632127041913E-02  1.24831839013168374E-04
  522.000000  1.06081847649772953E+04  9.71743223955010762E+03  3.89671279450956547E+02  4.89341585986593941E+02  5.97023470486832508E+00  5.70497891826394099E+00  3.61380664993250361E-02  2.81908562136866832E-02  1.17443790827437858E-04
  524.000000  1.02238006064511173E+04  9.37025637286047095E+03  3.74667692629367366E+02  4.67705947638010002E+02  5.69918207619904127E+00  5.41051129023584743E+00  3.42558534772779075E-02  2.65335496941690833E-02  1.10553662565142328E-04
  526.000000  9.85795535166911941E+03  9.03966753230376162E+03  3.60406656109415053E+02  4.47246608715355251E+02  5.44307911950862078E+00  5.13389575771909179E+00  3.24883065040351207E-02  2.49872331970410651E-02  1.04123659179385385E-04
  528.000000  9.50960819883462136E+03  8.72474415509044957E+03  3.46843304808774349E+02  4.27891386501722138E+02  5.20095243582400713E+00  4.87393072468325528E+00  3.08273927227158233E-02  2.35437612743097345E-02  9.81191738518961498E-05
  530.000000  9.17777710537469284E+03  8.42461565337081083E+03  3.33935933405470621E+02  4.09572565896705328E+02  4.97190125732029031E+00  4.62949761382129665E+00  2.92657139806940456E-02  2.21956080920223120E-02  9.25084940098202906E-05
  532.000000  8.86153655060064557E+03  8.13846064557516365E+03  3.21645747784323760E+02  3.92226690378605269E+02  4.75509142669329332E+00  4.39955589825490456E+00  2.77964515052863403E-02  2.09358235624720820E-02  8.72625363543265452E-05
  534.000000  8.56001510382996821E+03  7.86550498014173809E+03  3.09936637361170767E+02  3.75794344554768372E+02  4.54974991193127565E+00  4.18313819860729375E+00  2.64133157602372791E-02  1.97579913830218841E-02  8.23546079256428683E-05
  536.000000  8.27239287780851191E+03  7.60501962786977219E+03  2.98774966528000562E+02  3.60219933643460251E+02  4.35515980782508993E+00  3.97934550906083562E+00  2.51105009806777794E-02  1.86561892227611638E-02  7.77601905344893235E-05
  538.000000  7.99789892979693559E+03  7.35631850283203585E+03  2.88129383589269594E+02  3.45451463946874298E+02  4.17065577962779699E+00  3.78734259725859168E+00  2.38826439308288813E-02  1.76249511925747823E-02  7.34567461582905594E-05
  540.000000  7.73580865843081028E+03  7.11875625844290334E+03  2.77970645685275940E+02  3.31440327343553747E+02  3.99561990818846580E+00  3.60635360821984463E+00  2.27247864730194017E-02  1.66592326545395401E-02  6.94235411536370950E-05
  542.000000  7.48544123289996969E+03  6.89172609442494831E+03  2.68271458318821146E+02  3.18141092005192775E+02  3.82947789953198425E+00  3.43565789104298380E+00  2.16323415766489537E-02  1.57543773674532102E-02  6.56414873592965457E-05
  544.000000  7.24615708167170487E+03  6.67465760163999948E+03  2.59006328215311214E+02  3.05511300890400435E+02  3.67169562521335147E+00  3.27458605842608197E+00  2.06010624321602415E-02  1.49060869223991976E-02  6.20929983662441557E-05
  546.000000  7.01735546051043639E+03  6.46701466468777744E+03  2.50151428354018378E+02  2.93511279054695081E+02  3.52177596291302430E+00  3.12251628241175672E+00  1.96270143686729792E-02  1.41103923919814970E-02  5.87618594142013458E-05
  548.000000  6.79847211359961057E+03  6.26829343653100386E+03  2.41684474107903299E+02  2.82103950415801592E+02  3.37925590956586097E+00  2.97887082482708232E+00  1.87065493037098761E-02  1.33636280963919715E-02  5.56331095353111403E-05
  550.000000  6.58897703687110243E+03  6.07802039492229324E+03  2.33584609522517979E+02  2.71254664304257915E+02  3.24370394195555578E+00  2.84311279728582456E+00  1.78362824809027674E-02  1.26624073765096747E-02  5.26929347123082011E-05
  552.000000  6.38837234896029531E+03  5.89575048687176240E+03  2.25832302849796633E+02  2.60931031893507679E+02  3.11471760206284287E+00  2.71474314306206788E+00  1.70130712760201488E-02  1.20036002569681530E-02  4.99285709483725582E-05
  554.000000  6.19619027234624355E+03  5.72106536463349221E+03  2.18409250531245760E+02  2.51102772426519635E+02  2.99192128661466095E+00  2.59329783140286718E+00  1.62339958736197991E-02  1.13843128791346771E-02  4.73282162615075132E-05
  556.000000  6.01199122504211391E+03  5.55357171455232765E+03  2.11298288897227650E+02  2.41741569025397752E+02  2.87496422225494142E+00  2.47834525373592562E+00  1.54963416365966732E-02  1.08018685841026855E-02  4.48809507206738624E-05
  558.000000  5.83536202153962950E+03  5.39289967847821936E+03  2.04483312914523708E+02  2.32820933776586628E+02  2.76351860950087502E+00  2.36948381059741475E+00  1.47975830085717904E-02  1.02537905282180427E-02  4.25766637324147195E-05
  560.000000  5.66591418048326886E+03  5.23870136622993687E+03  1.97949201375162346E+02  2.24316081719537124E+02  2.65727792028175269E+00  2.26633967784115153E+00  1.41353688052001988E-02  9.73778571767854040E-03  4.04059878700827841E-05
  562.000000  5.50328233566062499E+03  5.09064945668735982E+03  1.91681747973443748E+02  2.16203813324484742E+02  2.55595533528268914E+00  2.16856474069746952E+00  1.35075087646800030E-02  9.25173035382967184E-03  3.83602386105394135E-05
  564.000000  5.34712274627604620E+03  4.94843588444517081E+03  1.85667597768621334E+02  2.08462405020179602E+02  2.45928230863274466E+00  2.07583468445557173E+00  1.29119612406514272E-02  8.79365638652911466E-03  3.64313594089398762E-05
  566.000000  5.19711190206794981E+03  4.81177060851886563E+03  1.79894188575522605E+02  2.01071507321033408E+02  2.36700724865422973E+00  1.98784723089115056E+00  1.23468219323027133E-02  8.36173917907545063E-03  3.46118716009465865E-05
  568.000000  5.05294521859344695E+03  4.68038045931552460E+03  1.74349696866878844E+02  1.94012050102004906E+02  2.27889430445208196E+00  1.90432051000727287E+00  1.18103135566692639E-02  7.95428619446513982E-03  3.28948286734201129E-05
  570.000000  4.91433581788510037E+03  4.55400805991837296E+03  1.69022987808144165E+02  1.87266154575562297E+02  2.19472224908640534E+00  1.82499155716274775E+00  1.13007763775531001E-02  7.56972661898016718E-03  3.12737744915364457E-05
  572.000000  4.78101338967962602E+03  4.43241081768123604E+03  1.63903569080040626E+02  1.80817051537135342E+02  2.11428345093810366E+00  1.74961492621080139E+00  1.08166595138039969E-02  7.20660184523094424E-03  2.97427051119570332E-05
  574.000000  4.65272312846804471E+03  4.31535998213202674E+03  1.58981548174087038E+02  1.74649005460720190E+02  2.03738292564731971E+00  1.67796140983006858E+00  1.03565129570305486E-02  6.86355674265405006E-03  2.82960338483182436E-05
  576.000000  4.52922474173834235E+03  4.20263976525750422E+03  1.54247592875080386E+02  1.68747244044784310E+02  1.96383746173174489E+00  1.60981685879769065E+00  9.91898023575756710E-03  6.53933164909310458E-03  2.69285592891420110E-05
  578.000000  4.41029152493130186E+03  4.09404652034546189E+03  1.49692894669239905E+02  1.63097892828361267E+02  1.89347481360121073E+00  1.54498109250991811E+00  9.50279166889271380E-03  6.23275502239556325E-03  2.56354359975488598E-05
  580.000000  4.29570949881014894E+03  3.98938797569542476E+03  1.45309134839893886E+02  1.57687914517954056E+02  1.82613295628008099E+00  1.48326689359617037E+00  9.10675815682220405E-03  5.94273669594130947E-03  2.44121476489262573E-05
  582.000000  4.18527660514390664E+03  3.88848251966475436E+03  1.41088453033874089E+02  1.52505052686984612E+02  1.76165939666764060E+00  1.42449907999246927E+00  8.72976546350654782E-03  5.66826168667660356E-03  2.32544823866866033E-05
  584.000000  4.07880195681118585E+03  3.79115853368411854E+03  1.37023418099690616E+02  1.47537779530467219E+02  1.69991053661002445E+00  1.36851364833399169E+00  8.37076894696978970E-03  5.40838450854617091E-03  2.21585101970469537E-05
  586.000000  3.97610513864364157E+03  3.69725377004880283E+03  1.33107001017020877E+02  1.42775247378092672E+02  1.64075108352124288E+00  1.31515698299397998E+00  8.02878869995576720E-03  5.16222394822161371E-03  2.11205621236555398E-05
  588.000000  3.87701555554147853E+03  3.60661477147035203E+03  1.29332549751561231E+02  1.38207243688854220E+02  1.58405350463464534E+00  1.26428512553561223E+00  7.70290506571862446E-03  4.92895826371630118E-03  2.01372111593479590E-05
  590.000000  3.78137182460274880E+03  3.51909632954741664E+03  1.25693765884306103E+02  1.33824149269405382E+02  1.52969752134382886E+00  1.21576309975436647E+00  7.39225449736362165E-03  4.70782076987728837E-03  1.92052546684049148E-05
  592.000000  3.68902120821261587E+03  3.43456097948816478E+03  1.22184682876435673E+02  1.29616899476556654E+02  1.47756964037970739E+00  1.16946428787149648E+00  7.09602573188053594E-03  4.49809577786594757E-03  1.83216982058541823E-05
  594.000000  3.59981908523653374E+03  3.35287852858385941E+03  1.18799645843592117E+02  1.25576948181553306E+02  1.42756271888160180E+00  1.12526985379524769E+00  6.81345625277499870E-03  4.29911485860275198E-03  1.74837406135652046E-05
  596.000000  3.51362845764945450E+03  3.27392561609475752E+03  1.15533292723169779E+02  1.21696234289999794E+02  1.37957556065123610E+00  1.08306820969593631E+00  6.54382901741772365E-03  4.11025340276968600E-03  1.66887602835047692E-05
  598.000000  3.43031949011365487E+03  3.19758530236389879E+03  1.12380536728444383E+02  1.17967150626551074E+02  1.33351254113176498E+00  1.04275452244588451E+00  6.28646942742621794E-03  3.93092745235956546E-03  1.59343024888378992E-05
  600.000000  3.34976908018888980E+03  3.12374668512217841E+03  1.09336549991950434E+02  1.14382515007780555E+02  1.28928325885292705E+00  1.00423025675678512E+00  6.04074252234187460E-03  3.76059078095057142E-03  1.52180676928454009E-05
  602.000000  3.27186045701927287E+03  3.05230454108660388E+03  1.06396748308881655E+02  1.10935543339912513E+02  1.24680221128802327E+00  9.67402752105859909E-01  5.80605037857307923E-03  3.59873220187882431E-03  1.45379007535759026E-05
  604.000000  3.19648280649266326E+03  2.98315899108538770E+03  1.03556776898195054E+02  1.07619824590505402E+02  1.20598849323111490E+00  9.32184830780790952E-01  5.58182969713302054E-03  3.44487308530302136E-03  1.38917809496357541E-05
  606.000000  3.12353092101078119E+03  2.91621518706699089E+03  1.00812497106105909E+02  1.04429297494679389E+02  1.16676551596744082E+00  8.98494434592522540E-01  5.36754956520508596E-03  3.29856506681508281E-03  1.32778127594470432E-05
  608.000000  3.05290487214153882E+03  2.85138301946656838E+03  9.81599739826241375E+01  1.01358228867158644E+02  1.12906074565459491E+00  8.66254288006366502E-01  5.16270937773394799E-03  3.15938793176166527E-03  1.26942173317831063E-05
  610.000000  2.98450970454878507E+03  2.78857684351108128E+03  9.55954646674540385E+01  9.84011934012674061E+01  1.09280545946419272E+00  8.35391585626491406E-01  4.96683690660751267E-03  3.02694766082001968E-03  1.21393245917185498E-05
  612.000000  2.91825514971074881E+03  2.72771522314599315E+03  9.31154075266090189E+01  9.55530548451627197E+01  1.05793451815012940E+00  8.05837702138139877E-01  4.77948650585352953E-03  2.90087462362392150E-03  1.16115659301885332E-05
  614.000000  2.85405535804653937E+03  2.66872069136123719E+03  9.07164119856487616E+01  9.28089484540473251E+01  1.02438615382023390E+00  7.77527922967490293E-01  4.60023744241113298E-03  2.78082190837955273E-03  1.11094674305363361E-05
  616.000000  2.79182864816906567E+03  2.61151952578070996E+03  8.83952490098869674E+01  9.01642646248584612E+01  9.92101771787666675E-01  7.50401194060819732E-01  4.42869234279117188E-03  2.66646377644833227E-03  1.06316435890600653E-05
  618.000000  2.73149727207830847E+03  2.55604153846379586E+03  8.61488421857485349E+01  8.76146336272066009E+01  9.61025765471123172E-01  7.24399889315815115E-01  4.26447574685933067E-03  2.55749423182410245E-03  1.01767914904459908E-05
  620.000000  2.67298719519195856E+03  2.50221987894039739E+03  8.39742593608433907E+01  8.51559113508678962E+01  9.31105343390570717E-01  6.99469594316282084E-01  4.10723276060809533E-03  2.45362569629050276E-03  9.74368540239201084E-06
  622.000000  2.61622789019363245E+03  2.44999084957411196E+03  8.18687048039032135E+01  8.27841659963455072E+01  9.02290367386027303E-01  6.75558905131752097E-01  3.95662780050744234E-03  2.35458778183263292E-03  9.33117175652358595E-06
  624.000000  2.56115214375075584E+03  2.39929373241165104E+03  7.98295118484888064E+01  8.04956656405779114E+01  8.74533201255564219E-01  6.52619241042967313E-01  3.81234342260494252E-03  2.26012615259024588E-03  8.93816448571715067E-06
  626.000000  2.50769587522440997E+03  2.35007062673874634E+03  7.78541359869969369E+01  7.82868666151181714E+01  8.47788569061754260E-01  6.30604670146400981E-01  3.67407923007626860E-03  2.17000146929288446E-03  8.56364069025592725E-06
  628.000000  2.45579796655673590E+03  2.30226629661802872E+03  7.59401483846348668E+01  7.61544026388586417E+01  8.22013422438542585E-01  6.09471746874823528E-01  3.54155085354568864E-03  2.08398840971093548E-03  8.20663660780813279E-06
  630.000000  2.40540010257978020E+03  2.25582802773693311E+03  7.40852297842655503E+01  7.40950746517869447E+01  7.97166816245019283E-01  5.89179360547758879E-01  3.41448899872821929E-03  2.00187475919677647E-03  7.86624386381405768E-06
  632.000000  2.35644662104529925E+03  2.21070549294158945E+03  7.22871647765130803E+01  7.21058413003229646E+01  7.73209792008196728E-01  5.69688594136505633E-01  3.29263855669035578E-03  1.92346056588624335E-03  7.54160598149473535E-06
  634.000000  2.30888437172437170E+03  2.16685062587771699E+03  7.05438364100164961E+01  7.01838100285104076E+01  7.50105268592094698E-01  5.50962592492624470E-01  3.17575777204102223E-03  1.84855735557795772E-03  7.23191513154404174E-06
  636.000000  2.26266258397325555E+03  2.12421750220042713E+03  6.88532211198032229E+01  6.83262287327860776E+01  7.27817939614715304E-01  5.32966439348378951E-01  3.06361746505502512E-03  1.77698740172172712E-03  6.93640910398871686E-06
  638.000000  2.21773274220508847E+03  2.08276222785403843E+03  6.72133839525080816E+01  6.65304779412308278E+01  7.06314177140557109E-01  5.15667042451776636E-01  2.95600030382261233E-03  1.70858304632061950E-03  6.65436848552786850E-06
  640.000000  2.17404846874560735E+03  2.04244283395662819E+03  6.56224740691187094E+01  6.47940634810769041E+01  6.85561941230384053E-01  4.99033026248429434E-01  2.85270012292439127E-03  1.64318606789372063E-03  6.38511402732899461E-06
  642.000000  2.13156541359032326E+03  2.00321917785919777E+03  6.40787205072195434E+01  6.31146096010067765E+01  6.65530694948395563E-01  4.83034631568564632E-01  2.75352128535482016E-03  1.58064709296038973E-03  6.12800418924209163E-06
  644.000000  2.09024115061297789E+03  1.96505284997791409E+03  6.25804281860080138E+01  6.14898525172033459E+01  6.46191324467506600E-01  4.67643621819115507E-01  2.65827808472351166E-03  1.52082504779229829E-03  5.88243284774877462E-06
  646.000000  2.05003507980740733E+03  1.92790708602675386E+03  6.11259741384328237E+01  5.99176343544144316E+01  6.27516063927451961E-01  4.52833195219320028E-01  2.56679418488187875E-03  1.46358664744006511E-03  5.64782715562126128E-06
  648.000000  2.01090833517436727E+03  1.89174668430367592E+03  5.97138039562337397E+01  5.83958974554026824E+01  6.09478424741904390E-01  4.38577902653741525E-01  2.47890209449640577E-03  1.40880591928197645E-03  5.42364554261129211E-06
  650.000000  1.97282369789187464E+03  1.85653792770807559E+03  5.83424284340935984E+01  5.69226790340974347E+01  5.92053129050695071E-01  4.24853570748915610E-01  2.39444267407928121E-03  1.35636375855940666E-03  5.20937584684983270E-06
  652.000000  1.93574551443255632E+03  1.82224851018864661E+03  5.70104204007798216E+01  5.54961061495403953E+01  5.75216047059513125E-01  4.11637229809716010E-01  2.31326467337444538E-03  1.30614751356507015E-03  5.00453356795341055E-06
  654.000000  1.89963961931535209E+03  1.78884746734274654E+03  5.57164117253633790E+01  5.41143909793997793E+01  5.58944138007962610E-01  3.98907046279000088E-01  2.23522429698493714E-03  1.25805059833291851E-03  4.80866023301851473E-06
  656.000000  1.86447326219935508E+03  1.75630511090603886E+03  5.44590904878070674E+01  5.27758263733135209E+01  5.43215394537162388E-01  3.86642259409105793E-01  2.16018479638385328E-03  1.21197213084650655E-03  4.62132186775540170E-06
  658.000000  1.83021503904921019E+03  1.72459296689071061E+03  5.32371983038339209E+01  5.14787816677805949E+01  5.28008790238391756E-01  3.74823121857284614E-01  2.08801608655311477E-03  1.16781659493753469E-03  4.44210756534710184E-06
  660.000000  1.79683482711790862E+03  1.69368371714519026E+03  5.20495277944954040E+01  5.02216987455672097E+01  5.13304230179798315E-01  3.63430843938092774E-01  2.01859438559736813E-03  1.12549352418603765E-03  4.27062814625374784E-06
  662.000000  1.76430372351217920E+03  1.66355114412527701E+03  5.08949201919426812E+01  4.90030883238486794E+01  4.99082504227982893E-01  3.52447541285839994E-01  1.95180187585721962E-03  1.08491720626509324E-03  4.10651490278307734E-06
  664.000000  1.73259398711986682E+03  1.63417007867959796E+03  4.97722630729914783E+01  4.78215264563825144E+01  4.85325242986760885E-01  3.41856185697988146E-01  1.88752638510742668E-03  1.04600640629058379E-03  3.94941842257017171E-06
  666.000000  1.70167898369412501E+03  1.60551635066587414E+03  4.86804882128654555E+01  4.66756512360470737E+01  4.72014876189452703E-01  3.31640558947148834E-01  1.82566108651205003E-03  1.00868410784604734E-03  3.79900748552171841E-06
  668.000000  1.67153313390335757E+03  1.57756674222697416E+03  4.76185695521213574E+01  4.55641596850441601E+01  4.59134593398303592E-01  3.21785209364864599E-01  1.76610421617883254E-03  9.72877270453924910E-04  3.65496802945538282E-06
  670.000000  1.64213186416735812E+03  1.55029894356637215E+03  4.65855212697852963E+01  4.44858048209140406E+01  4.46668306860806552E-01  3.12275411014228788E-01  1.70875880711627930E-03  9.38516602355236244E-04  3.51700217953758886E-06
  672.000000  1.61345156011374934E+03  1.52369151107419134E+03  4.55803959568920760E+01  4.34393928873674042E+01  4.34600616403078566E-01  3.03097125281915014E-01  1.65353243862381791E-03  9.05536347546511832E-04  3.38482733751146489E-06
  674.000000  1.58546952249749438E+03  1.49772382766350620E+03  4.46022828841284422E+01  4.24237807396415008E+01  4.22916776224753488E-01  2.94236964731766193E-01  1.60033700006712736E-03  8.73874086098909973E-04  3.25817532654107370E-06
  676.000000  1.55816392543868301E+03  1.47237606518692292E+03  4.36503063585513260E+01  4.14378733748356609E+01  4.11602663492911969E-01  2.85682159073741004E-01  1.54908846819885805E-03  8.43470546858140612E-04  3.13679158813812329E-06
  678.000000  1.53151377684150816E+03  1.44762914881105462E+03  4.27236241638711860E+01  4.04806215982916342E+01  4.00644748615493429E-01  2.77420523111908623E-01  1.49970669711057408E-03  8.14269431688477993E-04  3.02043442760763345E-06
  680.000000  1.50549888086746023E+03  1.42346472323487546E+03  4.18214260798811921E+01  3.95510198177088199E+01  3.90030067105194223E-01  2.69440426545046685E-01  1.45211522009315412E-03  7.86217250486500436E-04  2.90887430495389057E-06
  682.000000  1.48009980234286786E+03  1.39986512064483986E+03  4.09429324762520395E+01  3.86481039572210889E+01  3.79746192931268156E-01  2.61730765501915208E-01  1.40624106261162045E-03  7.59263166245132499E-04  2.80189316819825527E-06
  684.000000  1.45529783298964117E+03  1.37681333030698147E+03  4.00873929767789718E+01  3.77709494841998890E+01  3.69781213280117815E-01  2.54280935701711619E-01  1.36201456577141338E-03  7.33358849501773756E-04  2.69928382644738218E-06
  686.000000  1.43107495937394401E+03  1.35429296970197788E+03  3.92540851897826144E+01  3.69186695420029167E+01  3.60123704632835495E-01  2.47080807137459890E-01  1.31936921956592916E-03  7.08458341550650635E-04  2.60084936005984378E-06
  688.000000  1.40741383247536373E+03  1.33228825711551599E+03  3.84423135013774484E+01  3.60904131823556611E+01  3.50762710093440677E-01  2.40120700187352154E-01  1.27824150537912923E-03  6.84517925845140509E-04  2.50640256561811227E-06
  690.000000  1.38429773878423066E+03  1.31078398560154938E+03  3.76514079277607294E+01  3.52853636914488860E+01  3.41687717886543674E-01  2.33391363065288904E-01  1.23857074712275129E-03  6.61496007055365647E-04  2.41576543341586151E-06
  692.000000  1.36171057284155359E+03  1.28976549824147651E+03  3.68807230236095052E+01  3.45027370042367068E+01  3.32888640966071847E-01  2.26883950528094430E-01  1.20029897054230628E-03  6.39352997285116834E-04  2.32876865547772357E-06
  694.000000  1.33963681114006067E+03  1.26921866462643106E+03  3.61296368432208581E+01  3.37417802017527961E+01  3.24355797663395895E-01  2.20590003762160286E-01  1.16337077016066695E-03  6.18051208985887402E-04  2.24525116210134622E-06
  696.000000  1.31806148731105668E+03  1.24912985849499114E+03  3.53975499517493475E+01  3.30017700866184356E+01  3.16079893322640582E-01  2.14501431377686069E-01  1.12773318342886618E-03  5.97554754138921915E-04  2.16505968519731760E-06
  698.000000  1.29697016852609045E+03  1.22948593646278732E+03  3.46838844837077005E+01  3.22820118322195739E+01  3.08052002863088870E-01  2.08610491443363216E-01  1.09333557165151125E-03  5.77829449305616990E-04  2.08804834671632686E-06
  700.000000  1.27634893304602019E+03  1.21027421778337180E+03  3.39880832463198743E+01  3.15818377012968163E+01  3.00263554221420370E-01  2.02909774498696793E-01  1.06012950729602999E-03  5.58842726173941116E-04  2.01407827065346270E-06
  702.000000  1.25618434885541024E+03  1.19148246508493366E+03  3.33096088651455560E+01  3.09006058299958184E+01  2.92706312618055908E-01  1.97392187485455728E-01  1.02806866728619856E-03  5.40563547254445192E-04  1.94301721708462871E-06
  704.000000  1.23646345332284704E+03  1.17309886602928373E+03  3.26479429699713819E+01  3.02376990736410569E+01  2.85372365609971590E-01  1.92050938543435773E-01  9.97108731973948273E-04  5.22962326402960946E-04  1.87473923698858131E-06
  706.000000  1.21717373383204585E+03  1.15511201584388914E+03  3.20025854186365066E+01  2.95925239107533322E+01  2.78254108880061246E-01  1.86879522619349786E-01  9.67207289416544100E-04  5.06010853868837170E-04  1.80912434649160096E-06
  708.000000  1.19830310933151304E+03  1.13751090067994073E+03  3.13730535569430060E+01  2.89645094020328635E+01  2.71344232726871082E-01  1.81871707840943059E-01  9.38323744693077516E-04  4.89682225588189803E-04  1.74605821942774301E-06
  710.000000  1.17983991275365815E+03  1.12028488175245275E+03  3.07588815127016773E+01  2.83531062012359634E+01  2.64635709213968229E-01  1.77021522611482768E-01  9.10419233935537918E-04  4.73950776460010275E-04  1.68543189702489109E-06
  712.000000  1.16177287425761574E+03  1.10342368022128335E+03  3.01596195222297325E+01  2.77577856150710609E+01  2.58121779946970886E-01  1.72323243382742214E-01  8.83456542842603137E-04  4.58792017361145475E-04  1.62714151377676667E-06
  714.000000  1.14409110525180085E+03  1.08691736277375094E+03  2.95748332874561051E+01  2.71780387093958922E+01  2.51795944437744224E-01  1.67771383067075869E-01  8.57400029382513374E-04  4.44182575671518102E-04  1.57108803844091950E-06
  716.000000  1.12678408315580805E+03  1.07075632787239260E+03  2.90041033622805955E+01  2.66133754591842688E+01  2.45651949032208106E-01  1.63360680051888280E-01  8.32215550485213159E-04  4.30100139096902011E-04  1.51717702930849645E-06
  718.000000  1.10984163686286593E+03  1.05493129263310107E+03  2.84470245666341484E+01  2.60633239398669048E+01  2.39683776368451479E-01  1.59086087781937863E-01  8.07870392485293535E-04  4.16523402589944586E-04  1.46531840293371684E-06
  720.000000  1.09325393286674421E+03  1.03943328030141902E+03  2.79032054266583778E+01  2.55274295578081798E+01  2.33885635332059916E-01  1.54942764877153222E-01  7.84333205083816154E-04  4.03432018183313480E-04  1.41542621539914516E-06
  722.000000  1.07701146201870120E+03  1.02425360829571287E+03  2.73722676400356910E+01  2.50052543177988369E+01  2.28251951493683186E-01  1.50926065755647515E-01  7.61573938687551931E-04  3.90806547561183188E-04  1.36741845554751464E-06
  724.000000  1.06110502688233100E+03  1.00938387678875881E+03  2.68538455648426542E+01  2.44963761255857797E+01  2.22777357991360891E-01  1.47031531733446574E-01  7.39563784878101687E-04  3.78628417206043958E-04  1.32121684933775140E-06
  726.000000  1.04552572965597915E+03  9.94815957800184492E+02  2.63475857310645587E+01  2.40003881235693619E+01  2.17456686844224367E-01  1.43254882574275710E-01  7.18275119884676937E-04  3.66879875968809284E-04  1.27674667476496742E-06
  728.000000  1.03026496063380409E+03  9.80541984773954027E+02  2.58531463734685154E+01  2.35168980579060509E+01  2.12284960669273381E-01  1.39592008464286210E-01  6.97681450871597995E-04  3.55543954919498775E-04  1.23393658667431880E-06
  730.000000  1.01531438717854928E+03  9.66554342616675513E+02  2.53701969848264106E+01  2.30455276753639886E+01  2.07257384782564086E-01  1.36038962388207146E-01  6.77757364898935797E-04  3.44604429345177286E-04  1.19271845095265885E-06
  732.000000  1.00066594318043599E+03  9.52845658173657739E+02  2.48984178885664207E+01  2.25859121483705891E+01  2.02369339666136433E-01  1.32591952884799524E-01  6.58478480405403710E-04  3.34045782770047827E-04  1.15302718750819675E-06
  734.000000  9.86311818977735584E+02  9.39408791120891237E+02  2.44374998297528343E+01  2.21376995267775811E+01  1.97616373778591592E-01  1.29247337160783654E-01  6.39821401074528893E-04  3.23853172880517388E-04  1.11480062154896071E-06
  736.000000  9.72244451716775416E+02  9.26236825252813105E+02  2.39871435837015632E+01  2.17005502149696703E+01  1.92994196696695403E-01  1.26001614543782919E-01  6.21763671971433144E-04  3.14012399245691481E-04  1.07797934271376197E-06
  738.000000  9.58456516129029069E+02  9.13323060145894942E+02  2.35470595812004078E+01  2.12741364729946767E+01  1.88498672566112829E-01  1.22851420255784466E-01  6.04283737808325558E-04  3.04509872729995972E-04  1.04250657157527618E-06
  740.000000  9.44940915705614429E+02  9.00661003180230750E+02  2.31169675497264109E+01  2.08581419404979123E+01  1.84125813851715864E-01  1.19793519489942241E-01  5.87360903246327221E-04  2.95332586501700705E-04  1.00832803312631346E-06
  742.000000  9.31690774249371884E+02  8.88244361901452294E+02  2.26965961697158534E+01  2.04522611822879092E+01  1.79871775366063524E-01  1.16824801774354212E-01  5.70975295107541310E-04  2.86468088546506779E-04  9.75391836834068728E-07
  744.000000  9.18699427786536717E+02  8.76067036706739145E+02  2.22856827452513464E+01  2.00561992544421486E+01  1.75732848566129446E-01  1.13942275607548368E-01  5.55107826404314334E-04  2.77904455601278480E-04  9.43648362889436843E-07
  746.000000  9.05960416820629916E+02  8.64123113839190751E+02  2.18839728885883176E+01  1.96696712899128947E+01  1.71705456105847643E-01  1.11143063351230656E-01  5.39740162100098677E-04  2.69630268428093099E-04  9.13050154362257690E-07
  748.000000  8.93467478912303591E+02  8.52406858676123875E+02  2.14912202176981069E+01  1.92924021026596293E+01  1.67786146628555677E-01  1.08424396366714096E-01  5.24854686493791880E-04  2.61634588353582009E-04  8.83551814852900566E-07
  750.000000  8.81214541569514267E+02  8.40912709297131414E+02  2.11071860663152009E+01  1.89241258093790172E+01  1.63971589789363492E-01  1.05783610382206655E-01  5.10434472154244452E-04  2.53906935003134031E-04  8.55109911393563092E-07
  752.000000  8.69195715433504006E+02  8.29635270318802668E+02  2.07316392059637131E+01  1.85645854679623845E+01  1.60258571497944702E-01  1.03218141078911682E-01  4.96463250329408508E-04  2.46437265163812686E-04  8.27682882303156992E-07
  754.000000  8.57405287746535123E+02  8.18569306983636466E+02  2.03643555792279685E+01  1.82135327318534053E+01  1.56643989366377717E-01  1.00725519884527381E-01  4.82925382732874028E-04  2.39215952713626718E-04  8.01230949683830964E-07
  756.000000  8.45837716088362185E+02  8.07709739491203436E+02  2.00051180439907199E+01  1.78707275195264224E+01  1.53124848357964832E-01  9.83033699634445757E-02  4.69805834666640605E-04  2.32233769558806013E-04  7.75716036370210130E-07
  758.000000  8.34487622368911275E+02  7.97051637560454765E+02  1.96537161279738477E+01  1.75359376983475244E+01  1.49698256623021775E-01  9.59494023934978069E-02  4.57090149392788290E-04  2.25481867523938569E-04  7.51101687039256987E-07
  760.000000  8.23349787065177566E+02  7.86590215212370254E+02  1.93099457931183380E+01  1.72089387821172721E+01  1.46361421514132534E-01  9.36614125197018643E-02  4.44764423689470822E-04  2.18951761143128964E-04  7.27352993275052313E-07
  762.000000  8.12419143691356112E+02  7.76320825762949880E+02  1.89736092094878472E+01  1.68895136416370626E+01  1.43111645772983992E-01  9.14372764759717738E-02  4.32815284545844212E-04  2.12635311303549371E-04  7.04436522369722162E-07
  764.000000  8.01690773491324194E+02  7.66238957016900599E+02  1.86445145381095259E+01  1.65774522276711096E+01  1.39946323879852341E-01  8.92749478662928919E-02  4.21229866924610456E-04  2.06524709695387720E-04  6.82320249666113580E-07
  766.000000  7.91159900343485333E+02  7.56340226652954811E+02  1.83224757224336656E+01  1.62725513057121951E+01  1.36862938557366920E-01  8.71724545972881737E-02  4.09995792541023390E-04  2.00612464024982389E-04  6.60973494243961997E-07
  768.000000  7.80821885868380491E+02  7.46620377792106524E+02  1.80073122881045542E+01  1.59746142019898762E+01  1.33859057424620148E-01  8.51278958546011488E-02  3.99101149623504842E-04  1.94891383950523191E-04  6.40366857793417022E-07
  770.000000  7.70672224729806317E+02  7.37075274740630221E+02  1.76988491504690693E+01  1.56834505601882750E+01  1.30932329789451019E-01  8.31394392158711776E-02  3.88534473579982471E-04  1.89354567701776190E-04  6.20472166467306666E-07
  772.000000  7.60706540120941895E+02  7.27700898900032939E+02  1.73969164296884387E+01  1.53988761083700965E+01  1.28080483576611309E-01  8.12053178935345649E-02  3.78284728543848512E-04  1.83995389347783780E-04  6.01262415589472460E-07
  774.000000  7.50920579427152461E+02  7.18493344836525239E+02  1.71013492730245034E+01  1.51207124356286400E+01  1.25301322384845260E-01  7.93238281010204133E-02  3.68341289760157819E-04  1.78807486678470078E-04  5.82711717067461187E-07
  776.000000  7.41310210057691961E+02  7.09448816503014541E+02  1.68119876839901217E+01  1.48487867780147145E+01  1.22592722664695689E-01  7.74933265362486162E-02  3.58693926748226272E-04  1.73784749667841031E-04  5.64795249336598399E-07
  778.000000  7.31871415438835470E+02  7.00563623606858300E+02  1.65286763580916336E+01  1.45829318133079564E+01  1.19952631014913158E-01  7.57122279767016709E-02  3.49332787232222602E-04  1.68921309488632954E-04  5.47489209744471210E-07
  780.000000  7.22600291161324662E+02  6.91834178117021111E+02  1.62512645248298924E+01  1.43229854642241321E+01  1.17379061588163858E-01  7.39790029805950516E-02  3.40248381775001558E-04  1.64211528049598341E-04  5.30770769218476708E-07
  782.000000  7.13493041275538417E+02  6.83256990904610575E+02  1.59796057957854032E+01  1.40687907096731895E+01  1.14870093605114451E-01  7.22921756890298889E-02  3.31431569100090544E-04  1.59649988028545009E-04  5.14618029108421047E-07
  784.000000  7.04545974727830639E+02  6.74828668510987654E+02  1.57135580184165899E+01  1.38201954036981416E+01  1.12423868968721336E-01  7.06503217242186038E-02  3.22873542061321173E-04  1.55231483375553646E-04  4.99009980100950975E-07
  786.000000  6.95755501932041625E+02  6.66545910037960084E+02  1.54529831354273721E+01  1.35770521017472205E+01  1.10038589976697701E-01  6.90520661791779872E-02  3.14565814228411414E-04  1.50951010262284971E-04  4.83926463083068416E-07
  788.000000  6.87118131470357071E+02  6.58405504154895084E+02  1.51977470493809133E+01  1.33392178939476214E+01  1.07712517125264792E-01  6.74960816945024550E-02  3.06500207062364186E-04  1.46803758454647703E-04  4.69348131866663572E-07
  790.000000  6.78630466917907711E+02  6.50404326217620564E+02  1.49477194924055095E+01  1.31065542450637817E+01  1.05443967002524411E-01  6.59810866180632061E-02  2.98668837648117136E-04  1.42785103087264022E-04  4.55256417676505033E-07
  792.000000  6.70289203786026974E+02  6.42539335494590432E+02  1.47027739007448872E+01  1.28789268408446720E+01  1.03231310266010040E-01  6.45058432437152218E-02  2.91064106963247616E-04  1.38890596819486647E-04  4.41633495304124523E-07
  794.000000  6.62091126578987769E+02  6.34807572495614636E+02  1.44627872939617319E+01  1.26562054404718740E+01  1.01072969700881046E-01  6.30691561252602756E-02  2.83678688651665847E-04  1.35115962353682091E-04  4.28462250860705934E-07
  796.000000  6.54033105959541331E+02  6.27206156398932762E+02  1.42276401586205203E+01  1.24382637348399605E+01  9.89674183560024789E-02  6.16698704621464477E-02  2.76505518286777668E-04  1.31457085297679834E-04  4.15726251029466725E-07
  798.000000  6.46112096018693933E+02  6.19732282572568465E+02  1.39972163362063213E+01  1.22249792104119681E+01  9.69131777535335720E-02  6.03068705535384636E-02  2.69537783090791517E-04  1.27910007354148229E-04  4.03409713760084964E-07
  800.000000  6.38325131645248348E+02  6.12383220185877462E+02  1.37714029151532831E+01  1.20162330184020796E+01  9.49088161686534870E-02  5.89790783175612246E-02  2.62768912094893837E-04  1.24470919820637550E-04  3.91497480304616443E-07
  802.000000  6.30669325991241521E+02  6.05156309907783566E+02  1.35500901268498044E+01  1.18119098490576793E+01  9.29529469786281037E-02  5.76854518727285687E-02  2.56192566724720296E-04  1.21136157384994469E-04  3.79974988575558433E-07
  804.000000  6.23141868029089437E+02  5.98048961688042027E+02  1.33331712453272537E+01  1.16118978108153073E+01  9.10442270739578868E-02  5.64249841786466644E-02  2.49802631775744165E-04  1.17902192201454361E-04  3.68828247702337004E-07
  806.000000  6.15740020196797786E+02  5.91058652618051838E+02  1.31205424906787034E+01  1.14160883141205076E+01  8.91813553345514182E-02  5.51967017333006224E-02  2.43593206783074154E-04  1.14765628233761674E-04  3.58043813782862164E-07
  808.000000  6.08461116127532932E+02  5.84182924868111854E+02  1.29121029358223716E+01  1.12243759597101729E+01  8.73630711619038380E-02  5.39996633243024979E-02  2.37558597741763738E-04  1.11723195852122051E-04  3.47608766719720981E-07
  810.000000  6.01302558460343334E+02  5.77419383697991066E+02  1.27077544167149199E+01  1.10366584311683535E+01  8.55881530708058474E-02  5.28329588316816742E-02  2.31693309187549416E-04  1.08771746671782190E-04  3.37510688137879616E-07
  812.000000  5.94261816728489634E+02  5.70765695537781312E+02  1.25074014457024401E+01  1.08528363915694026E+01  8.38554173337432152E-02  5.16957080798407589E-02  2.25992036600489242E-04  1.05908248621367420E-04  3.27737640286457765E-07
  814.000000  5.87336425322404921E+02  5.64219586136315797E+02  1.23109511279197363E+01  1.06728133840375108E+01  8.21637166769687843E-02  5.05870597364771191E-02  2.20449659126646929E-04  1.03129781229969518E-04  3.18278145902931784E-07
  816.000000  5.80523981524346254E+02  5.57778838774397855E+02  1.21183130807220181E+01  1.04964957360567368E+01  8.05119390284158576E-02  4.95061902563651290E-02  2.15061232606691944E-04  1.00433531122454359E-04  3.09121168989908618E-07
  818.000000  5.73822143611724641E+02  5.51441292540279392E+02  1.19293993558672717E+01  1.03237924673723285E+01  7.88990063108677697E-02  4.84523028679659379E-02  2.09821982887631157E-04  9.78167877129706704E-05  3.00256096449597772E-07
  820.000000  5.67228629026543103E+02  5.45204840664933727E+02  1.17441243644800828E+01  1.01546152013343409E+01  7.73238732828174236E-02  4.74246266009818937E-02  2.04727299415645794E-04  9.52769390872558344E-05  2.91672720551156170E-07
  822.000000  5.60741212608249043E+02  5.39067428914794618E+02  1.15624048045819787E+01  9.98887807953939344E+00  7.57855264215412244E-02  4.64224153530167702E-02  1.99772729083523369E-04  9.28114680646863102E-05  2.83361222163794523E-07
  824.000000  5.54357724887479321E+02  5.33027054039606924E+02  1.13841595911658757E+01  9.82649767963250120E+00  7.42829828495301797E-02  4.54449469936274442E-02  1.94953970341908293E-04  9.04179484316734603E-05  2.75312154758880720E-07
  826.000000  5.48076050438494690E+02  5.27081762273419258E+02  1.12093097887044202E+01  9.66739293614127781E+00  7.28152893003193441E-02  4.44915225041166568E-02  1.90266867541622278E-04  8.80940413382219221E-05  2.67516429103354662E-07
  828.000000  5.41894126287753238E+02  5.21229647886476414E+02  1.10377785459254305E+01  9.51148506421403539E+00  7.13815211231442481E-02  4.35614651514944773E-02  1.85707405508328159E-04  8.58374918500277590E-05  2.59965298638868308E-07
  830.000000  5.35809940376734744E+02  5.15468851786210394E+02  1.08694910328772121E+01  9.35869748614671515E+00  6.99807813248821686E-02  4.26541196951324697E-02  1.81271704339611557E-04  8.36461256488677668E-05  2.52650345505123555E-07
  832.000000  5.29821530076649196E+02  5.09797560165265566E+02  1.07043743801075077E+01  9.20895576058074461E+00  6.86121996470914763E-02  4.17688516246668071E-02  1.76956014408883027E-04  8.15178458743003308E-05  2.45563467171629746E-07
  834.000000  5.23926980753289513E+02  5.04214003194959218E+02  1.05423576199192475E+01  9.06218751426746572E+00  6.72749316771211192E-02  4.09050464278198148E-02  1.72756711570884989E-04  7.94506301001789356E-05  2.38696863662821588E-07
  836.000000  5.18124424379889092E+02  4.98716453762236256E+02  1.03833716296187806E+01  8.91832237629175673E+00  6.59681579924734918E-02  4.00621088868351946E-02  1.68670292561279289E-04  7.74425274397064206E-05  2.32043025332415956E-07
  838.000000  5.12412038196437493E+02  4.93303226248753276E+02  1.02273490766650692E+01  8.77729191466026037E+00  6.46910833354728126E-02  3.92394624023105210E-02  1.64693370576166748E-04  7.54916557731282769E-05  2.25594721171950411E-07
  840.000000  5.06788043413322271E+02  4.87972675350110705E+02  1.00742243656803847E+01  8.63902957515343672E+00  6.34429358194330689E-02  3.84365483432413599E-02  1.60822671033004715E-04  7.35961990924239619E-05  2.19344987633945969E-07
  842.000000  5.01250703957965186E+02  4.82723194934094067E+02  9.92393358721024654E+00  8.50347062235667472E+00  6.22229661624038102E-02  3.76528254221706535E-02  1.57055027494015954E-04  7.17544049576361137E-05  2.13287117923814654E-07
  844.000000  4.95798325262734295E+02  4.77553216936334422E+02  9.77641446819942672E+00  8.37055208278222729E+00  6.10304469493663446E-02  3.68877690943832173E-02  1.53387377754938143E-04  6.99645820597948899E-05  2.07414651765298807E-07
  846.000000  4.90429253092456179E+02  4.72461210291881173E+02  9.63160632409774209E+00  8.24021268999693390E+00  5.98646719208648023E-02  3.61408709801126216E-02  1.49816760084988131E-04  6.82250978855350367E-05  2.01721365595412398E-07
  848.000000  4.85141872410296344E+02  4.67445679901558549E+02  9.48945001257409615E+00  8.11239283168050207E+00  5.87249552870692457E-02  3.54116383088099243E-02  1.46340309615386374E-04  6.65343764788664435E-05  1.96201263189139703E-07
  850.000000  4.79934606280351375E+02  4.62505165631618809E+02  9.34988788874597532E+00  7.98703449853512115E+00  5.76106310672287944E-02  3.46995933845400326E-02  1.42955254872219334E-04  6.48908962956954425E-05  1.90848566674584773E-07
  852.000000  4.74805914805808015E+02  4.57638241345712174E+02  9.21286376183522115E+00  7.86408123497748157E+00  5.65210524511987472E-02  3.40042730716255542E-02  1.39658914438246502E-04  6.32931881469236648E-05  1.85657707935633920E-07
  854.000000  4.69754294101223763E+02  4.52843513967749800E+02  9.07832285329764410E+00  7.74347809154115563E+00  5.54555911851892444E-02  3.33252282996995899E-02  1.36448693749649177E-04  6.17398332261881189E-05  1.80623320376368699E-07
  856.000000  4.64778275297718949E+02  4.48119622574686275E+02  8.94621175625941234E+00  7.62517157892422759E+00  5.44136369782050738E-02  3.26620235873569392E-02  1.33322082013927667E-04  6.02294612184506948E-05  1.75740231034309653E-07
  858.000000  4.59876423579931327E+02  4.43465237518074218E+02  8.81647839632331021E+00  7.50910962361885836E+00  5.33945969301131765E-02  3.20142365836438084E-02  1.30276649249756385E-04  5.87607484858680996E-05  1.71003453026479006E-07
  860.000000  4.55047337253572550E+02  4.38879059573434915E+02  8.68907199360059401E+00  7.39524152506266841E+00  5.23978949798194760E-02  3.13814576266533973E-02  1.27310043438105569E-04  5.73324163275096570E-05  1.66408178313600900E-07
  862.000000  4.50289646842397588E+02  4.34359819116334052E+02  8.56394302595428236E+00  7.28351791425177453E+00  5.14229713720598600E-02  3.07632893185155430E-02  1.24419987782590006E-04  5.59432293096589987E-05  1.61949770760310541E-07
  864.000000  4.45602014213652183E+02  4.29906275324279193E+02  8.44104319345584209E+00  7.17389071376175291E+00  5.04692821436792047E-02  3.01593461161265355E-02  1.21604278076025744E-04  5.45919936636272437E-05  1.57623759493459592E-07
  866.000000  4.40983131730866944E+02  4.25517215403490923E+02  8.32032538392818388E+00  7.06631309912183170E+00  4.95362986272167571E-02  2.95692539369693495E-02  1.18860780165887307E-04  5.32775557480982012E-05  1.53425832531773094E-07
  868.000000  4.36431721433222265E+02  4.21191453839738358E+02  8.20174363965871400E+00  6.96073946149326517E+00  4.86235069725307750E-02  2.89926497794263070E-02  1.16187427519607773E-04  5.19988005732270679E-05  1.49351830683807467E-07
  870.000000  4.31946534240234485E+02  4.16927831672280092E+02  8.08525312504747973E+00  6.85712537159964608E+00  4.77304076833523980E-02  2.84291813569777230E-02  1.13582218873872813E-04  5.07546503837368523E-05  1.45397741687816564E-07
  872.000000  4.27526349181226010E+02  4.12725215790170239E+02  7.97081009543320640E+00  6.75542754486554031E+00  4.68565151722875883E-02  2.78785067457599858E-02  1.11043215984983059E-04  4.95440632985741716E-05  1.41559694611275944E-07
  874.000000  4.23169972648315479E+02  4.08582498250121375E+02  7.85837186669877408E+00  6.65560380771508431E+00  4.60013573279564741E-02  2.73402940449100906E-02  1.08568541448530930E-04  4.83660320045325122E-05  1.37833954456640895E-07
  876.000000  4.18876237672574689E+02  4.04498595615216743E+02  7.74789678604108811E+00  6.55761306499145480E+00  4.51644751001550812E-02  2.68142210492316978E-02  1.06156376616843253E-04  4.72195825016981992E-05  1.34216917013338737E-07
  878.000000  4.14644003222080187E+02  4.00472448313674477E+02  7.63934420348634280E+00  6.46141526845149627E+00  4.43454220966102292E-02  2.62999749336499042E-02  1.03804959580240772E-04  4.61037728983259090E-05  1.30705103897400208E-07
  880.000000  4.10472153521449911E+02  3.96503020017063704E+02  7.53267444437198019E+00  6.36697138629944792E+00  4.35437641951526774E-02  2.57972519490240297E-02  1.01512583234170662E-04  4.50176922531784452E-05  1.27295157810042691E-07
  882.000000  4.06359597391913212E+02  3.92589297037201504E+02  7.42784878265944748E+00  6.27424337371881613E+00  4.27590791679110030E-02  2.53057571288429796E-02  9.92775934100012232E-05  4.39604594631976174E-05  1.23983837977086093E-07
  884.000000  4.02305267611317277E+02  3.88730287741179268E+02  7.32482941506750240E+00  6.18319414436790016E+00  4.19909563189278801E-02  2.48252040063966159E-02  9.70983870817712289E-05  4.29312221946738873E-05  1.20768015780807294E-07
  886.000000  3.98308120293380398E+02  3.84925021983877116E+02  7.22357943601324948E+00  6.09378754280325285E+00  4.12389961335812086E-02  2.43553143420016140E-02  9.49734106338483494E-05  4.19291558560101025E-05  1.17644670563774197E-07
  888.000000  3.94367134285425436E+02  3.81172550557310956E+02  7.12406281328683999E+00  6.00598831779629538E+00  4.05028099397350336E-02  2.38958178598900686E-02  9.29011581947026822E-05  4.09534626103600591E-05  1.14610885600657717E-07
  890.000000  3.90481310584174196E+02  3.77471944656369885E+02  7.02624436451173118E+00  5.91976209651327334E+00  3.97820195805515808E-02  2.34464519943952954E-02  9.08801700321091986E-05  4.00033704264727289E-05  1.11663844235474633E-07
  892.000000  3.86649671768758594E+02  3.73822295360238456E+02  6.93008973428878150E+00  5.83507535952453260E+00  3.90762570978253343E-02  2.30069616450603656E-02  8.89090310056143615E-05  3.90781321661177387E-05  1.08800826170173578E-07
  894.000000  3.82871261450548275E+02  3.70222713129120166E+02  6.83556537203292081E+00  5.75189541661584602E+00  3.83851644259525157E-02  2.25770989403381826E-02  8.69863690764753383E-05  3.81770247065926852E-05  1.06019203901176722E-07
  896.000000  3.79145143739190758E+02  3.66672327315670714E+02  6.74263851052328977E+00  5.67019038337222359E+00  3.77083930965080999E-02  2.21566230095487197E-02  8.51108538722533024E-05  3.72993480968480820E-05  1.03316439301877236E-07
  898.000000  3.75470402724187977E+02  3.63170285690642572E+02  6.65127714501537870E+00  5.58992915850553196E+00  3.70456039516033619E-02  2.17452997627696903E-02  8.32811953011278541E-05  3.64444247458157341E-05  1.00690080333405227E-07
  900.000000  3.71846141971732834E+02  3.59715753982361946E+02  6.56145001304432984E+00  5.51108140190220741E+00  3.63964668672348141E-02  2.13429016783711692E-02  8.14961422174491281E-05  3.56115986416446126E-05  9.81377578898570474E-08
