# Wavelength || Total || n=1 | n=2 | ...
  300.000000  2.75907731246938010E+03  1.80119111105171646E+03  7.67252399719177333E+02  1.52345741705941833E+02  3.37854696899716131E+01  3.87351516091857118E+00  5.76330924266864830E-01  4.74833853674567624E-02  5.26083202039094762E-03
  302.000000  2.92118781147418258E+03  1.91795944393839522E+03  8.04553902917681739E+02  1.59110807645911052E+02  3.49407699900147151E+01  3.98155341852547817E+00  5.87962756855281432E-01  4.80766227128005888E-02  5.29418408634898911E-03
  304.000000  3.09223258435715798E+03  2.04156949782352694E+03  8.43601616047312291E+02  1.66172670527176820E+02  3.61409857231020197E+01  4.09370982975508824E+00  6.00067838890166572E-01  4.87052822117879786E-02  5.33128518318665579E-03
  306.000000  3.27278374414003065E+03  2.17245705739805862E+03  8.84509857039808026E+02  1.73549553140958324E+02  3.73895380121432979E+01  4.21030192566606054E+00  6.12691555102132801E-01  4.93726097762928681E-02  5.37245851770594678E-03
  308.000000  3.46346168039546001E+03  2.31109287854800641E+03  9.27404147335740731E+02  1.81261348915396695E+02  3.86902349810138659E+01  4.33168523842576647E+00  6.25884971809740565E-01  5.00823303698421027E-02  5.41807469663749090E-03
  310.000000  3.66494006274441517E+03  2.45798598213259402E+03  9.72422645989438138E+02  1.89329830727714040E+02  4.00473306573688248E+01  4.45826008242676863E+00  6.39705845316894006E-01  5.08387485875357453E-02  5.46856096903058919E-03
  312.000000  3.87795150761969353E+03  2.61368730019738268E+03  1.01971783900988078E+03  1.97778900587023770E+02  4.14655965593898159E+01  4.59048010201485823E+00  6.54219873977862076E-01  5.16468771690137829E-02  5.52441285538897257E-03
  314.000000  4.10329403015198750E+03  2.77879371961109155E+03  1.06945854484518941E+03  2.06634891978084340E+02  4.29504094695612650E+01  4.72886316889047187E+00  6.69502267411340002E-01  5.25126028336900669E-02  5.58620892560975774E-03
  316.000000  4.34183843503823482E+03  2.95395257587021115E+03  1.12183231524303915E+03  2.15926941128251627E+02  4.45078600867878649E+01  4.87400544426035154E+00  6.85639733325172696E-01  5.34429025775965058E-02  5.65462978236096984E-03
  318.000000  4.59453684363164757E+03  3.13986665970533886E+03  1.17704833563637931E+03  2.25687449979127848E+02  4.61448889171476750E+01  5.02659976060830171E+00  7.02733021243258427E-01  5.44461290648660598E-02  5.73048273748765023E-03
  320.000000  4.86243261430902021E+03  3.33729981207461879E+03  1.23534096345983107E+03  2.35952673302981822E+02  4.78694581427307426E+01  5.18745998333854796E+00  7.20900219285728117E-01  5.55323919225387541E-02  5.81473431138018835E-03
  322.000000  5.14667199712927322E+03  3.54708320058518802E+03  1.29697409043716630E+03  2.46763476961429916E+02  4.96907716557392760E+01  5.35755377691523282E+00  7.40281085046332943E-01  5.67140741256329586E-02  5.90855366271561110E-03
  324.000000  5.44851798390341992E+03  3.77012239467547488E+03  1.36224658192662446E+03  2.58166336655794737E+02  5.16195605336161023E+01  5.53804737745308273E+00  7.61042821121672874E-01  5.80065417565234082E-02  6.01337157793067120E-03
  326.000000  5.76936699010119537E+03  4.00740539185404305E+03  1.43149914198537044E+03  2.70214681533992746E+02  5.36684588982951496E+01  5.73036782360629804E+00  7.83387908300947733E-01  5.94291355045350120E-02  6.13096208134871531E-03
  328.000000  6.11076926650451969E+03  4.26001179943029183E+03  1.50512309091367206E+03  2.82970743087207950E+02  5.58525069314512450E+01  5.93629106865756206E+00  8.07564934750399588E-01  6.10065807644039407E-02  6.26355772546504947E-03
  330.000000  6.47445433778345705E+03  4.52912345678413476E+03  1.58357174446816089E+03  2.96508161728378752E+02  5.81898365686418373E+01  6.15806928536525433E+00  8.33883898947937907E-01  6.27710334141498710E-02  6.41401641383749967E-03
  332.000000  6.86236339063923333E+03  4.81603691250086558E+03  1.66737538524491629E+03  3.10915758306384703E+02  6.07026260727166260E+01  6.39861893863743703E+00  8.62738391123689663E-01  6.47651150083889265E-02  6.58606958058170072E-03
  334.000000  7.27669154174279902E+03  5.12217838552230660E+03  1.75716127258241204E+03  3.26303146324081411E+02  6.34184617643867341E+01  6.66180559675069794E+00  8.94638717499637526E-01  6.70465318216815348E-02  6.78470354085349784E-03
  336.000000  7.71994458815830058E+03  5.44912220779266227E+03  1.85368083875526168E+03  3.42809341478268152E+02  6.63723375099216639E+01  6.95288739710119952E+00  9.30263144229443673E-01  6.96953127120513577E-02  7.01676814393043316E-03
  338.000000  8.19501770242642851E+03  5.79861438810275104E+03  1.95784731626035864E+03  3.60616417519521519E+02  6.96096947364777492E+01  7.27922768066049652E+00  9.70540590906217249E-01  7.28255431558963023E-02  7.29199259510991769E-03
  340.000000  8.70530852261213113E+03  6.17260401806077152E+03  2.07078877523087749E+03  3.79971979993958314E+02  7.31912460165035412E+01  7.65148238639461020E+00  1.01679098951912050E+00  7.66051623742095567E-02  7.62477173253200708E-03
  342.000000  9.25488556983974195E+03  6.57328660514954572E+03  2.19392425128960804E+03  4.01227702516691124E+02  7.72010415945472914E+01  8.08566271478231613E+00  1.07097815145615494E+00  8.12909249302006254E-02  8.03749818096800850E-03
  344.000000  9.84874423266457052E+03  7.00316156316041361E+03  2.32907434698906172E+03  4.24908539122549655E+02  8.17608381415718526E+01  8.60688856193568874E+00  1.13619659372537796E+00  8.72929460925039175E-02  8.56714922190279782E-03
  346.000000  1.04931801349889138E+04  7.46507973133199721E+03  2.47862023930010309E+03  4.51843938251581392E+02  8.70574823072267634E+01  9.25650508768650937E+00  1.21766739660713519E+00  9.52927900038190029E-02  9.27852370685863619E-03
  348.000000  1.11962634921541194E+04  7.96216354842282908E+03  2.64572396641982141E+03  4.83432191136485756E+02  9.33967387534047475E+01  1.01055610908509834E+01  1.32483929019780744E+00  1.06357544497762788E-01  1.02894960332674586E-02
  350.000000  1.19684583360238848E+04  8.49743945120693934E+03  2.83464565371335902E+03  5.22196582478900609E+02  1.01284268166249831E+02  1.12836272716485073E+01  1.47512597367830778E+00  1.21787197405711686E-01  1.18400157046242693E-02
  352.000000  1.28236620924334329E+04  9.07326199736131639E+03  3.05124173020800845E+03  5.72944282404300111E+02  1.11274805638575131E+02  1.30935154079436700E+01  1.68418004512226482E+00  1.47425672848607719E-01  1.41556953177265892E-02
  354.000000  1.37817472512667682E+04  9.69130107371178383E+03  3.30391714963077584E+03  6.45153403862612322E+02  1.23104488559394753E+02  1.61478436050498928E+01  1.90866136964946143E+00  1.98272387884239065E-01  1.63581396198498943E-02
  356.000000  1.48774966273181781E+04  1.03559996268326850E+04  3.60644546261679579E+03  7.53812518798652377E+02  1.37797458024011860E+02  2.09890539819741164E+01  2.15548928913754523E+00  2.78719968245615013E-01  1.82978066768348969E-02
  358.000000  1.60963399390752129E+04  1.10457973176016785E+04  3.97972460527797239E+03  8.85371717036859536E+02  1.56410062904662681E+02  2.61984679386729624E+01  2.46064459877077280E+00  3.56505315756447672E-01  2.06184008395560829E-02
  360.000000  1.73387418518511986E+04  1.17490290621472614E+04  4.46274839294069716E+03  9.24955616983495815E+02  1.73603912459140957E+02  2.54298882728982463E+01  2.62768434285093777E+00  3.26324226338101986E-01  2.09704785198870508E-02
  362.000000  1.87594168695356602E+04  1.25313438065070568E+04  5.12406459148192425E+03  8.86506340155417888E+02  1.93813298792556935E+02  2.06589842993712516E+01  2.77603864514927157E+00  2.33038210615403585E-01  2.07714435702953081E-02
  364.000000  2.06310855536474955E+04  1.33989703727696742E+04  6.07806811891662892E+03  9.02224046024163044E+02  2.29829930108229320E+02  1.85708898673072653E+01  3.21461778937520437E+00  1.84374531826364652E-01  2.32036402918743938E-02
  366.000000  2.31697860105706241E+04  1.43146275150386191E+04  7.53313903596455748E+03  1.00554490332181251E+03  2.92193349272410330E+02  1.99685802323615569E+01  4.09748830788291141E+00  1.85850319165880296E-01  2.92881138140352985E-02
  368.000000  2.66882279637799547E+04  1.51964602494974806E+04  9.83065378558416160E+03  1.23254250810330404E+03  3.97182521851640558E+02  2.54566413242156955E+01  5.65404810199025487E+00  2.37694534014133402E-01  4.05147831483520515E-02
  370.000000  3.13271897860093923E+04  1.58636594887013889E+04  1.32049988272296287E+04  1.65490591907739736E+03  5.58071428358094977E+02  3.70546026371529322E+01  8.08198434459937687E+00  3.59320415641979696E-01  5.82152454841202843E-02
  372.000000  3.56202837522910195E+04  1.62887687894781593E+04  1.63702466930291357E+04  2.18512024608046704E+03  7.12994726130692015E+02  5.21410992633318671E+01  1.04168934438895402E+01  5.20234708616608033E-01  7.50701567215796839E-02
  374.000000  3.62374724970993266E+04  1.70328523681973056E+04  1.61049345197463845E+04  2.33560417416607515E+03  6.97405258901408160E+02  5.59445198379752142E+01  1.01026380657129096E+01  5.56907981671334262E-01  7.21102027994807437E-02
  376.000000  3.41268714669910623E+04  1.82707915005202849E+04  1.31700157758285131E+04  2.08292602625166273E+03  5.47171777636470438E+02  4.77231649570816145E+01  7.72638223029004756E+00  4.62760844375417701E-01  5.40787223831307243E-02
  378.000000  3.25895600214708284E+04  1.97317264971640143E+04  1.05849692859290572E+04  1.81482361332382516E+03  4.13051013963535638E+02  3.89688062079320332E+01  5.61888251567944597E+00  3.63645078124452847E-01  3.82772886611560809E-02
  380.000000  3.23268828005919895E+04  2.12827661929312599E+04  9.02904867371874752E+03  1.64843972601154610E+03  3.28890082372858501E+02  3.31278835090108785E+01  4.28550323386747412E+00  2.96451659448599913E-01  2.82871552515420073E-02
  382.000000  3.29737401426175420E+04  2.28968761760940833E+04  8.20038009501708257E+03  1.56319592013427405E+03  2.79916705593060669E+02  2.96029504647485595E+01  3.49162667462997467E+00  2.54372161711402200E-01  2.22964779565389196E-02
  384.000000  3.41885278401806936E+04  2.45736572432996181E+04  7.80327424617448378E+03  1.52915317107421993E+03  2.51660085756672316E+02  2.75235595552271697E+01  3.01304417898255883E+00  2.27863970813634492E-01  1.86261706692974482E-02
  386.000000  3.57680388732894207E+04  2.63151460392616391E+04  7.66124232115772611E+03  1.52687775877936224E+03  2.35502228044818906E+02  2.63261372284279673E+01  2.71729923701222065E+00  2.10795821303537939E-01  1.62937591408347550E-02
  388.000000  3.75954924504412556E+04  2.81202035231517002E+04  7.67535833801520948E+03  1.54487043370103856E+03  2.26635159167515752E+02  2.56796962500677708E+01  2.53095301228830660E+00  1.99589053852855219E-01  1.47580895768699115E-02
  390.000000  3.95982088315476431E+04  2.99832375914679978E+04  7.78851462094473118E+03  1.57613780481828576E+03  2.22313926200262415E+02  2.53866406362385533E+01  2.41240561963231492E+00  1.92127191043514722E-01  1.37146694436956970E-02
  392.000000  4.17242618120207044E+04  3.18937873505145726E+04  7.96560549614948832E+03  1.61611838486393299E+03  2.20890628569250310E+02  2.53228686055521983E+01  2.33699586321074326E+00  1.87102862635582873E-01  1.29845920612217513E-02
  394.000000  4.39302230043294694E+04  3.38362533300046052E+04  8.18321381504305100E+03  1.66155225364334297E+03  2.21312971995433458E+02  2.54052079021185797E+01  2.28930416379791923E+00  1.83664099502099498E-01  1.24574776213230449E-02
  396.000000  4.61746645154387588E+04  3.57897083291112795E+04  8.42419896805675489E+03  1.70986939244071255E+03  2.22861597322040609E+02  2.55738106021977138E+01  2.25913276041230127E+00  1.81223367379465983E-01  1.20617779797033385E-02
  398.000000  4.84147615551840281E+04  3.77278794596908556E+04  8.67480252079602906E+03  1.75885749966403273E+03  2.25009119024506077E+02  2.57825064392758492E+01  2.23934817905736683E+00  1.79352534241520284E-01  1.17488560261323691E-02
  400.000000  5.06047681345457095E+04  3.96194270276720126E+04  8.92310301710659951E+03  1.80648746211255275E+03  2.27343215813352913E+02  2.59935090719073933E+01  2.22469434586501968E+00  1.77724228189832995E-01  1.14841952280211150E-02
  402.000000  5.26958178018665276E+04  4.14286409711741508E+04  9.15824369067427870E+03  1.85083497374206604E+03  2.29525087900510130E+02  2.61746238355563392E+01  2.21113286258072206E+00  1.76079233743746205E-01  1.12424436395948367E-02
  404.000000  5.46367941856573016E+04  4.31166432434907329E+04  9.37013789651919069E+03  1.89006589437121170E+03  2.31268484575617833E+02  2.62979710327560277E+01  2.19548197072952966E+00  1.74209097031849197E-01  1.10046000311728766E-02
  406.000000  5.63761059201280805E+04  4.46431240169232624E+04  9.54948717328807288E+03  1.92246596716582076E+03  2.32331171613880599E+02  2.63396568062860972E+01  2.17523008196046952E+00  1.71947817922135954E-01  1.07564308792449694E-02
  408.000000  5.78641778409911494E+04  4.59685529200016754E+04  9.68800264178560610E+03  1.94650026829182002E+03  2.32513885058839350E+02  2.62800182928903645E+01  2.14845112548980444E+00  1.69168838152330914E-01  1.04875966686438400E-02
  410.000000  5.90563907009596805E+04  4.70567047449993042E+04  9.77874023244657110E+03  1.96088850385066621E+03  2.31663312654743322E+02  2.61041563352084189E+01  2.11377479654277067E+00  1.65784709743374836E-01  1.01911668984505065E-02
  412.000000  5.99161114961588901E+04  4.78772434059506631E+04  9.81646549491546648E+03  1.96468170549728393E+03  2.29676388778250015E+02  2.58025115018775217E+01  2.07037871541213070E+00  1.61747486051955991E-01  9.86331388306812933E-03
  414.000000  6.04173992440073489E+04  4.84080458106042934E+04  9.79796800184440872E+03  1.95732592874387865E+03  2.26503697422884983E+02  2.53712753878553308E+01  2.01797859417540426E+00  1.57048364534317059E-01  9.50304532020493711E-03
  416.000000  6.05469812753990409E+04  4.86369435087815655E+04  9.72225687094494242E+03  1.93870046229840932E+03  2.22150325873295145E+02  2.48124796999934496E+01  1.95680031389011821E+00  1.51715598098714821E-01  9.11188885471118405E-03
  418.000000  6.03051878532612973E+04  4.85626259103423508E+04  9.59059083290234594E+03  1.90912220557257820E+03  2.16673199010513144E+02  2.41336760385281934E+01  1.88752567723748155E+00  1.45810229555033588E-01  8.69348818571233882E-03
  420.000000  5.97056962483548850E+04  4.81945751681483598E+04  9.40632655292410527E+03  1.86931373082023947E+03  2.10174710224604411E+02  2.33472020212161837E+01  1.81121135593476978E+00  1.39419749812576155E-01  8.25311061845743384E-03
  422.000000  5.87741323137494401E+04  4.75520599709198941E+04  9.17460153167110548E+03  1.82033885067464939E+03  2.02793217565407275E+02  2.24691083807271852E+01  1.72918719549135602E+00  1.32650245150322144E-01  7.79709701350268271E-03
  424.000000  5.75457587756791108E+04  4.66623634088235412E+04  8.90189530888145237E+03  1.76351474585581173E+03  1.94691538050283583E+02  2.15178794321430189E+01  1.64294444026122055E+00  1.25617892582717078E-01  7.33230303718171179E-03
  426.000000  5.60626013893284398E+04  4.55585226333364481E+04  8.59552879352815398E+03  1.70031268588098146E+03  1.86044840095942362E+02  2.05131042197682767E+01  1.55402594506332203E+00  1.18440738049917144E-01  6.86558403133941640E-03
  428.000000  5.43704041296763244E+04  4.42768954609193243E+04  8.26316392339449703E+03  1.63225965229466465E+03  1.77029282894342799E+02  1.94742460741349852E+01  1.46392916854493671E+00  1.11231564116963902E-01  6.40336670920403639E-03
  430.000000  5.25157660787008135E+04  4.28548426340531878E+04  7.91235618733100910E+03  1.56085111288817166E+03  1.67812449005558079E+02  1.84196221869406997E+01  1.37402951397390294E+00  1.04092387976242096E-01  5.95133399514400068E-03
  432.000000  5.05437194591905209E+04  4.13287423768684821E+04  7.55019537704574395E+03  1.48748171516253910E+03  1.58546181957101396E+02  1.73656555632243013E+01  1.28552754761705756E+00  9.71108154803580342E-02  5.51423033206770424E-03
  434.000000  4.84958927389373930E+04  3.97324619406722268E+04  7.18305067620658247E+03  1.41339683658047875E+03  1.49361998713016618E+02  1.63264129380603968E+01  1.19941985614995383E+00  9.03581924451701962E-02  5.09577843178951866E-03
  436.000000  4.64092940378714193E+04  3.80963227590850584E+04  6.81641929329411687E+03  1.33966461368938940E+03  1.40368889593317704E+02  1.53134037217302694E+01  1.11649050960947060E+00  8.38892907284444350E-02  4.69868747585715750E-03
  438.000000  4.43156669592585095E+04  3.64465272892920621E+04  6.45486584788441087E+03  1.26716575486640841E+03  1.31653089637940269E+02  1.43355911562872969E+01  1.03731853422422726E+00  7.77431593886087485E-02  4.32472778734749493E-03
  440.000000  4.22413202991354920E+04  3.48049727574382778E+04  6.10203323892156732E+03  1.19659722333200943E+03  1.23279306181685541E+02  1.33995572997374364E+01  9.62296365710578083E-01  7.19447494808795607E-02  3.97484703208592256E-03
  442.000000  4.02073124637727815E+04  3.31893584166713335E+04  5.76070398880860284E+03  1.12848559181385008E+03  1.15292890603425391E+02  1.25097649683482626E+01  8.91654641329444719E-01  6.65069595107403572E-02  3.64930637978853325E-03
  444.000000  3.82298733618800106E+04  3.16134928425900325E+04  5.43289264229349101E+03  1.06320622812735883E+03  1.07722510554101703E+02  1.16688681338213698E+01  8.25489541741869726E-01  6.14328194314304743E-02  3.34782003277251479E-03
  446.000000  3.63209622536317765E+04  3.00877192764435749E+04  5.11995321358431374E+03  1.00100517521960785E+03  1.00582977545269941E+02  1.08780336337784664E+01  7.63789907127218726E-01  5.67176113489836070E-02  3.06968675601199809E-03
  448.000000  3.44888818858803788E+04  2.86193939086404898E+04  4.82268971135698939E+03  9.42021402722513812E+02  9.38779875412003975E+01  1.01372485959326202E+01  7.06462317096643422E-01  5.23507994908271254E-02  2.81390666757027133E-03
  450.000000  3.27388917609579621E+04  2.72133697904826877E+04  4.54146162498445574E+03  8.86307874010074329E+02  8.76026233338141793E+01  9.44559803668366627E+00  6.53353127447696247E-01  4.83177026216538366E-02  2.57928017960107423E-03
  452.000000  3.10737833584856671E+04  2.58724550720596053E+04  4.27627949733378045E+03  8.33850511861777818E+02  8.17455398323870526E+01  8.80150496302000107E+00  6.04267059891312353E-01  4.46008866515735028E-02  2.36448855038948798E-03
  454.000000  2.94943961324451520E+04  2.45978272422729278E+04  4.02688819097163378E+03  7.84584630717779760E+02  7.62908057752470228E+01  8.20293091378976591E+00  5.58982351833210656E-01  4.11812848031173351E-02  2.16815713897467767E-03
  456.000000  2.80000649152029473E+04  2.33893947330341580E+04  3.79283720146020323E+03  7.38408741545195312E+02  7.12194099582254836E+01  7.64753850752668374E+00  5.17262724144799013E-01  3.80390701458099764E-02  1.98890334729638109E-03
  458.000000  2.65889974210759829E+04  2.22461039466877664E+04  3.57353849750149993E+03  6.95195850508399189E+02  6.65104604936548611E+01  7.13281964434673110E+00  4.78866554972016023E-01  3.51543137442765496E-02  1.82537160149657228E-03
  460.000000  2.52585855809860295E+04  2.11661940245468904E+04  3.36831301543427662E+03  6.54802493941187549E+02  6.21421156755350097E+01  6.65619397222986908E+00  4.43553694158782041E-01  3.25074640011221092E-02  1.67625774758408384E-03
  462.000000  2.40056572246364194E+04  2.01474040952320611E+04  3.17642724158452165E+03  6.17075806932416867E+02  5.80922880871013518E+01  6.21508244752790251E+00  4.11090346384859529E-01  3.00796813469722812E-02  1.54032505962730455E-03
  464.000000  2.28266758401156185E+04  1.91871388666647435E+04  2.99712139478445124E+03  5.81858933892472123E+02  5.43391622992989625E+01  5.80696058735088272E+00  3.81252414559644148E-01  2.78530589561965629E-02  1.41641378239012973E-03
  466.000000  2.17178963313363784E+04  1.82825986960378468E+04  2.82963066101851973E+03  5.48995074086377599E+02  5.08615628100558936E+01  5.42939553765727467E+00  3.53827644279850195E-01  2.58107558182701959E-02  1.30344582147753451E-03
  468.000000  2.06754842709006407E+04  1.74308800205846310E+04  2.67320079575374803E+03  5.18330425624281929E+02  4.76392040859647778E+01  5.08007050660283266E+00  3.28616855513243489E-01  2.39370640086242169E-02  1.20042589275768156E-03
  470.000000  1.96956053977959418E+04  1.66290514947541487E+04  2.52709923959861499E+03  4.89716256023718984E+02  4.46528495300967947E+01  4.75679952621380409E+00  3.05434495177979770E-01  2.22174278011649795E-02  1.10644017052311449E-03
  472.000000  1.87744912271422363E+04  1.58742105152531331E+04  2.39062271640085419E+03  4.63010291347795885E+02  4.18844014044274218E+01  4.45753495709707792E+00  2.84108697130457721E-01  2.06384285557961941E-02  1.02065323976264317E-03
  474.000000  1.79084857422895984E+04  1.51635241247129034E+04  2.26310211539967941E+03  4.38077582029418977E+02  3.93169394364525218E+01  4.18036966546132760E+00  2.64480995551995723E-01  1.91877461705536809E-02  9.42303963737001356E-04
  476.000000  1.70940772965886717E+04  1.44942576264931722E+04  2.14390530866804147E+03  4.14790973291615217E+02  3.69347221379960331E+01  3.92353538781589606E+00  2.46405804001984141E-01  1.78541053017904072E-02  8.70700721323005417E-04
  478.000000  1.63279190977755370E+04  1.38637936482584100E+04  2.03243842501257814E+03  3.93031282106897379E+02  3.47231617684096108E+01  3.68539845539776012E+00  2.29749745019864782E-01  1.66272124773731572E-02  8.05216344843354376E-04
  480.000000  1.56068409950633977E+04  1.32696438732136648E+04  1.92814599198790415E+03  3.72687260883089323E+02  3.26687813421952313E+01  3.46445377160942414E+00  2.14390893352588818E-01  1.54976885889109069E-02  7.45282993205084905E-04
  482.000000  1.49278547377020186E+04  1.27094552170307416E+04  1.83051026735070218E+03  3.53655410195320030E+02  3.07591600460954027E+01  3.25931771325719533E+00  2.00217978803604146E-01  1.44569999776171850E-02  6.90387122084393798E-04
  484.000000  1.42881544166771837E+04  1.21810118609763322E+04  1.73905000795581054E+03  3.35839688438087819E+02  2.89828718190935426E+01  3.06872045133485871E+00  1.87129581512629289E-01  1.34973903564437527E-02  6.40064658067486872E-04
  486.000000  1.36851134277956917E+04  1.16822342499957849E+04  1.65331886536272100E+03  3.19151154743683719E+02  2.73294205884314110E+01  2.89149805111906133E+00  1.75033342429029209E-01  1.26118150783814977E-02  5.93896443173345901E-04
  488.000000  1.31162789928641723E+04  1.12111759196866915E+04  1.57290355088901265E+03  3.03507572414515153E+02  2.57891746801497987E+01  2.72658460691559501E+00  1.63845204185846194E-01  1.17938787160543398E-02  5.51503986789695917E-04
  490.000000  1.25793650346096510E+04  1.07660188194829352E+04  1.49742187634231595E+03  2.88832993005859976E+02  2.43533021770148039E+01  2.57300458749067040E+00  1.53488691973558328E-01  1.10377765187234089E-02  5.12545541121683370E-04
  492.000000  1.20722440098791321E+04  1.03450676427846520E+04  1.42652074827401157E+03  2.75057335687186992E+02  2.30137084321808025E+01  2.42986550866378570E+00  1.43894239911313254E-01  1.03382400254563404E-02  4.76712501702680226E-04
  494.000000  1.15929381553067415E+04  9.94674355101109177E+03  1.35987417170716867E+03  2.62115972280458266E+02  2.17629765241788675E+01  2.29635100534788750E+00  1.34998565462245146E-01  9.69048691043609967E-03  4.43726124703117976E-04
  496.000000  1.11396104821655099E+04  9.56957758139081488E+03  1.29718130254995344E+03  2.49949325153862873E+02  2.05943111260006830E+01  2.17171434297384591E+00  1.26744092360437099E-01  9.09017499700632767E-03  4.13334546455839627E-04
  498.000000  1.07105557659660080E+04  9.21220395252054186E+03  1.23816457521528810E+03  2.38502482720982698E+02  1.95014860327946842E+01  2.05527238493731756E+00  1.19078421090887149E-01  8.53336028467557677E-03  3.85310086823605958E-04
  500.000000  1.03041917060997057E+04  8.87335342298419891E+03  1.18256792243723362E+03  2.27724835482491073E+02  1.84787954289040464E+01  1.94640001626273507E+00  1.11953845022098583E-01  8.01645877537124005E-03  3.59446816048490094E-04
  502.000000  9.91905037705003087E+03  8.55184681309225198E+03  1.13015509719531224E+03  2.17569734210190006E+02  1.75210088599706673E+01  1.84452501238401756E+00  1.05326909703877869E-01  7.53621185218772589E-03  3.35558363998312518E-04
  504.000000  9.55377005186831593E+03  8.24658876522236278E+03  1.08070810146931217E+03  2.07994170901235321E+02  1.66233297975113850E+01  1.74912333448110435E+00  9.91580125138571966E-02  7.08965494855832556E-03  3.13475950869248536E-04
  506.000000  9.20708744787600699E+03  7.95656179200122369E+03  1.03402572280225013E+03  1.98958482436625332E+02  1.57813576321858537E+01  1.65971482817001892E+00  9.34110396890426437E-02  6.67408924278664432E-03  2.93046619108878516E-04
  508.000000  8.87783042168245447E+03  7.68082064185308082E+03  9.89922177007695268E+02  1.90426076395481857E+02  1.49910529009112850E+01  1.57585929975908812E+00  8.80530377605342474E-02  6.28705611827585966E-03  2.74131647394556741E-04
  510.000000  8.56491112379024526E+03  7.41848699677718469E+03  9.48225853545349537E+02  1.82363178152379987E+02  1.42487055364184005E+01  1.49715294316840830E+00  8.30539164771517679E-02  5.92631414064041188E-03  2.56605128769325146E-04
  512.000000  8.26731961091010635E+03  7.16874450646723017E+03  9.08778158900319568E+02  1.74738598178889021E+02  1.35509059216976748E+01  1.42322509052850465E+00  7.83861804280927554E-02  5.58981831707970091E-03  2.40352696404803445E-04
  514.000000  7.98411790553013270E+03  6.93083415515029810E+03  8.71432452576622723E+02  1.67523518351584329E+02  1.28945185329906788E+01  1.35373526010273748E+00  7.40246867347399001E-02  5.27570141944007972E-03  2.25270381853651987E-04
  516.000000  7.71443448640936822E+03  6.70404995208309356E+03  8.36053069928655191E+02  1.60691296013158421E+02  1.22766579610686080E+01  1.28837047627122891E+00  6.99464263589582025E-02  4.98225716918059697E-03  2.11263592013052892E-04
  518.000000  7.45745918983781758E+03  6.48773493295434491E+03  8.02514425914688445E+02  1.54217284523056776E+02  1.16946671099756649E+01  1.22684283769838109E+00  6.61303267619802460E-02  4.70792509930727330E-03  1.98246192329500483E-04
  520.000000  7.21243849921022775E+03  6.28127745707770191E+03  7.70700193891170443E+02  1.48078669055799026E+02  1.11460973837602388E+01  1.16888731135223267E+00  6.25570738336649751E-02  4.45127692472005367E-03  1.86139684999641524E-04
  522.000000  6.97867119928512057E+03  6.08410778387170194E+03  7.40502553721441586E+02  1.42254316448211483E+02  1.06286906841748277E+01  1.11425973165853520E+00  5.92089511930213239E-02  4.21100426802635194E-03  1.74872472061190555E-04
  524.000000  6.75550437116351532E+03  5.89569491147678855E+03  7.11821503709708509E+02  1.36724637954179741E+02  1.01403630552134469E+01  1.06273498569533875E+00  5.60696951336990684E-02  3.98590760253392674E-03  1.64379194314769902E-04
  526.000000  6.54232970426419706E+03  5.71554366023554394E+03  6.84564231157427457E+02  1.31471463831072498E+02  9.67918982316033372E+00  1.01410536691703346E+00  5.31243636501140676E-02  3.77488628772905876E-03  1.54600137970242372E-04
  528.000000  6.33858010223166730E+03  5.54319198402122311E+03  6.58644536655373599E+02  1.26477928751915584E+02  9.24339209332249645E+00  9.68179081414119125E-01  5.03592181308956735E-02  3.57692958505699456E-03  1.45480701776689491E-04
  530.000000  6.14372656065268984E+03  5.37820849292551156E+03  6.33982307553815986E+02  1.21728367108737999E+02  8.83132447655951403E+00  9.24778892148387488E-01  4.77616164452117214E-02  3.39110855324892572E-03  1.36970918174611603E-04
  532.000000  5.95727529556831087E+03  5.22019017151448497E+03  6.10503036382854134E+02  1.17208217343039067E+02  8.44146392996143469E+00  8.83740887941285025E-01  4.53199162748566461E-02  3.21656873282351189E-03  1.29025022710526851E-04
  534.000000  5.77876510298741232E+03  5.06876027767645792E+03  5.88137380319071667E+02  1.12903934507844752E+02  8.07239960653827637E+00  8.44913365233831759E-01  4.30233876605409099E-02  3.05252353878437748E-03  1.21601066579830777E-04
  536.000000  5.60776493086896699E+03  4.92356640795830117E+03  5.66820758106455514E+02  1.08802910331197424E+02  7.72282361854185240E+00  8.08155811777868993E-01  4.08621338364469344E-02  2.89824828901202348E-03  1.14660567728858069E-04
  538.000000  5.44387164631023370E+03  4.78427871618883091E+03  5.46492981135733544E+02  1.04893400112704086E+02  7.39152262797970661E+00  7.73337982463294105E-01  3.88270195214646952E-02  2.75307480346002062E-03  1.08168196443360383E-04
  540.000000  5.28670798192627262E+03  4.65058827308972195E+03  5.27097915665454479E+02  1.01164455842617016E+02  7.07737018611098723E+00  7.40339058439108855E-01  3.69096059214926858E-02  2.61638651610686607E-03  1.02091491800146054E-04
  542.000000  5.13592064661201493E+03  4.52220555545751631E+03  5.08583173428645011E+02  9.76058649866558312E+01  6.77931975121813224E+00  7.09046881551821051E-01  3.51020917741352301E-02  2.48761404773633526E-03  9.64006057537777303E-05
  544.000000  4.99117858703101956E+03  4.39885905435412405E+03  4.90899828110613043E+02  9.42080944295146310E+01  6.49639832075591617E+00  6.79357256909672969E-01  3.33972598361000073E-02  2.36623119309719524E-03  9.10680719832638349E-05
  546.000000  4.85217138726382655E+03  4.28029399255586122E+03  4.74002155406818190E+02  9.09622391157156045E+01  6.22770062018764392E+00  6.51173317090777082E-01  3.17884282758400180E-02  2.25175128089056707E-03  8.60685969381006784E-05
  548.000000  4.71860779507296957E+03  4.16627114228172741E+03  4.57847394575005751E+02  8.78599749684493361E+01  5.97238379640427741E+00  6.24404942153922948E-01  3.02694064892764826E-02  2.14372386940354020E-03  8.13788708004917248E-05
  550.000000  4.59021436419660677E+03  4.05656573494397480E+03  4.42395529584272197E+02  8.48935157054085607E+01  5.72966256871569701E+00  5.98968230188737127E-01  2.88344549063511042E-02  2.04173174451175192E-03  7.69773963286257121E-05
  552.000000  4.46673420296853783E+03  3.95096645533767241E+03  4.27609088135713819E+02  8.20555732056011209E+01  5.49880479496403041E+00  5.74785013661769262E-01  2.74782484005981452E-02  1.94538819025509243E-03  7.28443337656372621E-05
  554.000000  4.34792582038384262E+03  3.84927451331378825E+03  4.13452956986490619E+02  7.93393211130206311E+01  5.27912741444151035E+00  5.51782417283462778E-01  2.61958429536384048E-02  1.85433450529614262E-03  6.89613601933222774E-05
  556.000000  4.23356206148664023E+03  3.75130278656113887E+03  3.99894212152348189E+02  7.67383613920365946E+01  5.06999273302940612E+00  5.29892453542139985E-01  2.49826452621906663E-02  1.76823774134330682E-03  6.53115418837614667E-05
  558.000000  4.12342912465053178E+03  3.65687502865678607E+03  3.86901962693497296E+02  7.42466935756456934E+01  4.87080501930580834E+00  5.09051652429280965E-01  2.38343850069044072E-02  1.68678864209076038E-03  6.18792183551594829E-05
  560.000000  4.01732565396310656E+03  3.56582513703922086E+03  3.74447206907435259E+02  7.18586864716241678E+01  4.68100738341405265E+00  4.89200722220963891E-01  2.27470895308683092E-02  1.60969976343433531E-03  5.86498969758169188E-05
  562.000000  3.91506190051075873E+03  3.47799647601190281E+03  3.62502699859309303E+02  6.95690521132596160E+01  4.50007891318503450E+00  4.70284238485922101E-01  2.17170607010125430E-02  1.53670375769011654E-03  5.56101570812228641E-05
  564.000000  3.81645894689535271E+03  3.39324125029999868E+03  3.51042831278080087E+02  6.73728217609287725E+01  4.32753204446221229E+00  4.52250358765371119E-01  2.07408537483882091E-02  1.46755180629949624E-03  5.27475626776453778E-05
  566.000000  3.72134798980363439E+03  3.31141992506415136E+03  3.40043512934867010E+02  6.52653237785470424E+01  4.16291014477848176E+00  4.35050560616674853E-01  1.98152579037446756E-02  1.40201218707461405E-03  5.00505829020830370E-05
  568.000000  3.62956967589943315E+03  3.23240068862558337E+03  3.29482074700227997E+02  6.32421632250220966E+01  4.00578529151813800E+00  4.18639400935083117E-01  1.89372786629329777E-02  1.33986896343972635E-03  4.75085194938728119E-05
  570.000000  3.54097348671253621E+03  3.15605895447205512E+03  3.19337168549242165E+02  6.12992030153313863E+01  3.85575622748253188E+00  4.02974294666864685E-01  1.81041215330735132E-02  1.28092078437733788E-03  4.51114406098776735E-05
  572.000000  3.45541716857617030E+03  3.08227689941072822E+03  3.09588679849697371E+02  5.94325465191161371E+01  3.71244647839120168E+00  3.88015311207315472E-01  1.73131771250726110E-02  1.22497978491075896E-03  4.28501203833881586E-05
  574.000000  3.37276620399750755E+03  3.01094303499427679E+03  3.00217645327472667E+02  5.76385214765004790E+01  3.57550261828714655E+00  3.73724986937767290E-01  1.65620074710235710E-02  1.17187057795490441E-03  4.07159836872490464E-05
  576.000000  3.29289332116025207E+03  2.94195180959407571E+03  2.91206177157956802E+02  5.59136651217368552E+01  3.44459267013875081E+00  3.60068152501789029E-01  1.58483334569949133E-02  1.12142932926880055E-03  3.87010556164103496E-05
  578.000000  3.21567803853748546E+03  2.87520323871388882E+03  2.82537392680849621E+02  5.42547104150113668E+01  3.31940463008932918E+00  3.47011773551164859E-01  1.51700232720922978E-02  1.07350290804618192E-03  3.67979152532658225E-05
  580.000000  3.14100624184965000E+03  2.81060256133964458E+03  2.74195349280164521E+02  5.26585732916067499E+01  3.19964510487989617E+00  3.34524803810266058E-01  1.45250817841806722E-02  1.02794810640224280E-03  3.49996533225818468E-05
  582.000000  3.06876979083762262E+03  2.74805992030634889E+03  2.66164984011751471E+02  5.11223408456608936E+01  3.08503805293076727E+00  3.22578049413809353E-01  1.39116407612997414E-02  9.84630921663804965E-04  3.32998333816913956E-05
  584.000000  2.99886615353318939E+03  2.68749006483127278E+03  2.58432057596688480E+02  4.96432603730282977E+01  2.97532362041402276E+00  3.11144043568572948E-01  1.33279498651717575E-02  9.43425895948288773E-04  3.16924562258903122E-05
  586.000000  2.93119806590357211E+03  2.62881207351576131E+03  2.50983102432548350E+02  4.82187292043416491E+01  2.87025706445828588E+00  3.00196930676353113E-01  1.27723683504077749E-02  9.04215508042263845E-04  3.01719272206606670E-05
  588.000000  2.86567321492405154E+03  2.57194909625900755E+03  2.43805374304186756E+02  4.68462852653687989E+01  2.76960775630676226E+00  2.89712359133328823E-01  1.22433574089311804E-02  8.66889613056948984E-04  2.87330262996190928E-05
  590.000000  2.80220394329409146E+03  2.51682811365464931E+03  2.36886807503349161E+02  4.55235983071807837E+01  2.67315825790902473E+00  2.79667382091659589E-01  1.17394731049129120E-02  8.31344925762218215E-04  2.73708803925823368E-05
  592.000000  2.74070697415945278E+03  2.46337971255815182E+03  2.30215973090864566E+02  4.42484617535836477E+01  2.58070346598743638E+00  2.70040365532754900E-01  1.12593598503866240E-02  7.97484543879133784E-04  2.60809380701133659E-05
  594.000000  2.68110315433789719E+03  2.41153787661992874E+03  2.23782040058169770E+02  4.30187851177479175E+01  2.49204981816052795E+00  2.60810903059496668E-01  1.08017443763962651E-02  7.65217507955062454E-04  2.48589462115533558E-05
  596.000000  2.62331721466777299E+03  2.36123979067621576E+03  2.17574739165012829E+02  4.18325869440349649E+01  2.40701455616106408E+00  2.51959736866688433E-01  1.03654301584831868E-02  7.34458394752545004E-04  2.37009285212837628E-05
  598.000000  2.56727754621119539E+03  2.31242565797899533E+03  2.11584329249085926E+02  4.06879882347217645E+01  2.32542504163033481E+00  2.43468684396367513E-01  9.94929225908077787E-03  7.05126941362210335E-04  2.26031657344124138E-05
  600.000000  2.51291599114606242E+03  2.26503852932812197E+03  2.05801565820234060E+02  3.95832063247017203E+01  2.24711812035016134E+00  2.35320570227445180E-01  9.55227255273807287E-03  6.77147697501670693E-04  2.15621773678859030E-05
  602.000000  2.46016764727441887E+03  2.21902414324299843E+03  2.00217671767484859E+02  3.85165491702993918E+01  2.17193953113720450E+00  2.27499162787974885E-01  9.17337530308804869E-03  6.50449703688982511E-04  2.05747048861060882E-05
  604.000000  2.40897068515981482E+03  2.17433077637923725E+03  1.94824310021047978E+02  3.74864100211274476E+01  2.09974335593549277E+00  2.19989115513535893E-01  8.81166306319082840E-03  6.24966193184466490E-04  1.96376961620749627E-05
  606.000000  2.35926617698483233E+03  2.13090910345840075E+03  1.89613558024441033E+02  3.64912624464628621E+01  2.03039150794061918E+00  2.12775912107259824E-01  8.46625287342598482E-03  6.00634315780947136E-04  1.87482911260821655E-05
  608.000000  2.31099793629145961E+03  2.08871206603607379E+03  1.84577883883581535E+02  3.55296556899420395E+01  1.96375325485286423E+00  2.05845815586098518E-01  8.13631273323368182E-03  5.77394881689710345E-04  1.79038085031949841E-05
  610.000000  2.26411236783216918E+03  2.04769474948566994E+03  1.79710124070406351E+02  3.46002103284859075E+01  1.89970477459987319E+00  1.99185820824350407E-01  7.82105832520756626E-03  5.55192123923154541E-04  1.71017335503185149E-05
  612.000000  2.21855832681974880E+03  2.00781426762351634E+03  1.75003462568358316E+02  3.37016142133031309E+01  1.83812874108566326E+00  1.92783610329495203E-01  7.51974997170798756E-03  5.33973477711626962E-04  1.63397067107876149E-05
  614.000000  2.17428698691895215E+03  1.96902965444495976E+03  1.70451411355978138E+02  3.28326186725873939E+01  1.77891393772525497E+00  1.86627513007302043E-01  7.23168980598128553E-03  5.13689375618620633E-04  1.56155131122389319E-05
  616.000000  2.13125171637255698E+03  1.93130176248072667E+03  1.66047792133035557E+02  3.19920349571241864E+01  1.72195489670577340E+00  1.80706465693031448E-01  6.95621914119292934E-03  4.94293057131026505E-04  1.49270728396700302E-05
  618.000000  2.08940796170252725E+03  1.89459316732161278E+03  1.61786719201213828E+02  3.11787309115268947E+01  1.66715156208390480E+00  1.75009977243902215E-01  6.69271602225628842E-03  4.75740391605694319E-04  1.42724319216332774E-05
  620.000000  2.04871313846684689E+03  1.85886807789135628E+03  1.57662583417960036E+02  3.03916278551357486E+01  1.61440897497674118E+00  1.69528095004328222E-01  6.44059294652728556E-03  4.57989713546385344E-04  1.36497539729603893E-05
  622.000000  2.00912652859385003E+03  1.82409225208084808E+03  1.53670037148679768E+02  2.96296976578829536E+01  1.56363697924639666E+00  1.64251373470778506E-01  6.19929474062583339E-03  4.41001669271412109E-04  1.30573124420333023E-05
  624.000000  1.97060918384994420E+03  1.79023291738409375E+03  1.49803980147975977E+02  2.88919599975338599E+01  1.51474994620454573E+00  1.59170844996777056E-01  5.96829658167240783E-03  4.24739074109579571E-04  1.24934834152747889E-05
  626.000000  1.93312383503048318E+03  1.75725869620374374E+03  1.46059546305935100E+02  2.81774797857704655E+01  1.46766651697255757E+00  1.54277992391237045E-01  5.74710215216329805E-03  4.09166779332986090E-04  1.19567389353510288E-05
  628.000000  1.89663480649367852E+03  1.72513953551797886E+03  1.42432091200533392E+02  2.74853647515274986E+01  1.42230936125579799E+00  1.49564723274946187E-01  5.53524191866799301E-03  3.94251548100461641E-04  1.14456407934653762E-05
  630.000000  1.86110793568455733E+03  1.69384664062277739E+03  1.38917180401185817E+02  2.68147631708631344E+01  1.37860495136135031E+00  1.45023346070372067E-01  5.33227152514525148E-03  3.79961939742781750E-04  1.09588347590441647E-05
  632.000000  1.82651049732265687E+03  1.66335241268455798E+03  1.35510578473184097E+02  2.61648617334553109E+01  1.33648335041002908E+00  1.40646547509914704E-01  5.13777029265535812E-03  3.66268201776813517E-04  1.04950452137211612E-05
  634.000000  1.79281113194967861E+03  1.63363038985695289E+03  1.32208238635826604E+02  2.55348835365453191E+01  1.29587801374082079E+00  1.36427371556283095E-01  4.95133981761910515E-03  3.53142169082263193E-04  1.00530701585851777E-05
  636.000000  1.75997977855589420E+03  1.60465519173310781E+03  1.29006293031098437E+02  2.49240861978319508E+01  1.25672560261117017E+00  1.32359199637060276E-01  4.77260266164270149E-03  3.40557169721941754E-04  9.63177656682189445E-06
  638.000000  1.72798761102402318E+03  1.57640246692144456E+03  1.25901043562527121E+02  2.43317600794463864E+01  1.21896580934301602E+00  1.28435732102807426E-01  4.60120112630476880E-03  3.28487936925882934E-04  9.23009605569707733E-06
  640.000000  1.69680697814684572E+03  1.54884884354662427E+03  1.22888953266905247E+02  2.37572266156956573E+01  1.18254119314132633E+00  1.24650970824921936E-01  4.43679610689423892E-03  3.16910526797842219E-04  8.84702085419580671E-06
  642.000000  1.66641134699349800E+03  1.52197188249281362E+03  1.19966638184292933E+02  2.31998367378140564E+01  1.14739702586084991E+00  1.20999202855783222E-01  4.27906601951645333E-03  3.05802241336938264E-04  8.48160004434809071E-06
  644.000000  1.63677524941387833E+03  1.49575003321789063E+03  1.17130859694131459E+02  2.26589693894300801E+01  1.11348114705778212E+00  1.17474985079464439E-01  4.12770579645844321E-03  2.95141556398942990E-04  8.13293605624667041E-06
  646.000000  1.60787423148563880E+03  1.47016259197949830E+03  1.14378517287557329E+02  2.21340301269128048E+01  1.08074382770317223E+00  1.14073129786544908E-01  3.98242594500734359E-03  2.84908054249838349E-04  7.80018139805420074E-06
  648.000000  1.57968480572173667E+03  1.44518966232463436E+03  1.11706641748263849E+02  2.16244497991735010E+01  1.04913764199202997E+00  1.10788691111532139E-01  3.84295166540691560E-03  2.75082360391885178E-04  7.48253560411684811E-06
  650.000000  1.55218440586889346E+03  1.42081211770473237E+03  1.09112388715944292E+02  2.11296833018832295E+01  1.01861734670733473E+00  1.07616952275770117E-01  3.70902202380491005E-03  2.65646084365381459E-04  7.17924238522465911E-06
  652.000000  1.52535134413879950E+03  1.39701156608715564E+03  1.06593032608465563E+02  2.06492084014130661E+01  9.89139767654417912E-01  1.04553413582955265E-01  3.58038917651675977E-03  2.56581764252906378E-04  6.88958696674663118E-06
  654.000000  1.49916477072486259E+03  1.37377031644324006E+03  1.04145960880312217E+02  2.01825246241397878E+01  9.60663692701862248E-01  1.01593781118126392E-01  3.45681764206700118E-03  2.47872814632318689E-04  6.61289360104030247E-06
  656.000000  1.47360463546647634E+03  1.35107134700018378E+03  1.01768668596516704E+02  1.97291522070464005E+01  9.33149771006217543E-01  9.87339561045040004E-02  3.33808361781580626E-03  2.39503477744130159E-04  6.34852324191809075E-06
  658.000000  1.44865165153315775E+03  1.32889827515270485E+03  9.94587533027219450E+01  1.92886311058437201E+01  9.06560418023971248E-01  9.59700248758470209E-02  3.22397433818178217E-03  2.31458777656198502E-04  6.09587136968304499E-06
  660.000000  1.42428726100775998E+03  1.30723532893582342E+03  9.72139101731792294E+01  1.88605200570757745E+01  8.80859725941713023E-01  9.32982494248888183E-02  3.11428747167255505E-03  2.23724477224191494E-04  5.85436595616494863E-06
  662.000000  1.40049360225769647E+03  1.28606731996804274E+03  9.50319274199878805E+01  1.84443956909319873E+01  8.56013379185475709E-01  9.07150584913038877E-02  3.00883055418266774E-03  2.16287037661634673E-04  5.62346556008746635E-06
  664.000000  1.37725347898889254E+03  1.26537961777893906E+03  9.29106819477229067E+01  1.80398516916926006E+01  8.31988574688596216E-01  8.82170391550887167E-02  2.90742045616440396E-03  2.09133580546337232E-04  5.40265754368655387E-06
  666.000000  1.35455033088466826E+03  1.24515812544122741E+03  9.08481352387801451E+01  1.76464980029466361E+01  8.08753946620629049E-01  8.58009289036458234E-02  2.80988288143849910E-03  2.02251852102500293E-04  5.19145640217870977E-06
  668.000000  1.33236820573829823E+03  1.22538925643264724E+03  8.88423294558026271E+01  1.72639600749131077E+01  7.86279495304660792E-01  8.34636081430766424E-02  2.71605189563103519E-03  1.95630189609789616E-04  4.98940219851359310E-06
  670.000000  1.31069173299293175E+03  1.20605991265713624E+03  8.68913837482150200E+01  1.68918781513639011E+01  7.64536520059120095E-01  8.12020931261012852E-02  2.62576948226830257E-03  1.89257489800427939E-04  4.79605909602389605E-06
  672.000000  1.28950609860952636E+03  1.18715746356026420E+03  8.49934907511166671E+01  1.65299065938241156E+01  7.43497555732328674E-01  7.90135292710537201E-02  2.53888512481514330E-03  1.83123179116181131E-04  4.61101398255986812E-06
  674.000000  1.26879702118659725E+03  1.16866972627664245E+03  8.31469132650776714E+01  1.61777132408588002E+01  7.23136312696642136E-01  7.68951848479281497E-02  2.45525541294527166E-03  1.77217185705092574E-04  4.43387517978480216E-06
  676.000000  1.24855072926220964E+03  1.15058494675224165E+03  8.13499811065859149E+01  1.58349788004153247E+01  7.03427620101910955E-01  7.48444450092677488E-02  2.37474367155840905E-03  1.71529913047183233E-04  4.26427123205664683E-06
  678.000000  1.22875393973151245E+03  1.13289178178707198E+03  7.96010881191301536E+01  1.55013962733055219E+01  6.84347372183996883E-01  7.28588061449720187E-02  2.29721961105792917E-03  1.66052215105097961E-04  4.10184976948250286E-06
  680.000000  1.20939383731839325E+03  1.11557928194779151E+03  7.78986893359130903E+01  1.51766704060459627E+01  6.65872477453990474E-01  7.09358705416582025E-02  2.22255899760577871E-03  1.60775372903768267E-04  3.94627644033104578E-06
  682.000000  1.19045805504263171E+03  1.09863687530224956E+03  7.62412982854366135E+01  1.48605171713778716E+01  6.47980810590996548E-01  6.90733413283415448E-02  2.15064334206415634E-03  1.55691072448900053E-04  3.79723390816199591E-06
  684.000000  1.17193465562850997E+03  1.08205435193157473E+03  7.46274844320437865E+01  1.45526632749031908E+01  6.30651166885300651E-01  6.72690176915158866E-02  2.08135960651382491E-03  1.50791383901077161E-04  3.65442090950349337E-06
  686.000000  1.15381211380305763E+03  1.06582184917738823E+03  7.30558707436678816E+01  1.42528456863616420E+01  6.13863219075511890E-01  6.55207903436900163E-02  2.01459992721165528E-03  1.46068741927012405E-04  3.51755136805649941E-06
  688.000000  1.13607929943629711E+03  1.04992983758491096E+03  7.15251313798998183E+01  1.39608111941744184E+01  5.97597476447584208E-01  6.38266372305943547E-02  1.95026135303466618E-03  1.41515927155718481E-04  3.38635356182946663E-06
  690.000000  1.11872546147783419E+03  1.03436910750460879E+03  7.00339894935292619E+01  1.36763159819581812E+01  5.81835246058309941E-01  6.21846194631042529E-02  1.88824559841780965E-03  1.37126048671338554E-04  3.26056933973296346E-06
  692.000000  1.10174021264771909E+03  1.01913075631771494E+03  6.85812151394857779E+01  1.33991252257993363E+01  5.66558595967326384E-01  6.05928774609289233E-02  1.82845880995117821E-03  1.32892527479697630E-04  3.13995338452831806E-06
  694.000000  1.08511351484095781E+03  1.00420617625232012E+03  6.71656232851426580E+01  1.31290127111435684E+01  5.51750320356619084E-01  5.90496272958148868E-02  1.77081134577782798E-03  1.28809080889131730E-04  3.02427251909762472E-06
  696.000000  1.06883566520845216E+03  9.89587042759386691E+02  6.57860719165939827E+01  1.28657604682337059E+01  5.37393906435093882E-01  5.75531572228985197E-02  1.71521756704546527E-03  1.24869707750566432E-04  2.91330505334348343E-06
  698.000000  1.05289728287896560E+03  9.75265303419639054E+02  6.44414602356652324E+01  1.26091584250920548E+01  5.23473503024203368E-01  5.61018243894912325E-02  1.66159564068742009E-03  1.21068674505208130E-04  2.80684016911865564E-06
  700.000000  1.03728929628830565E+03  9.61233167353417571E+02  6.31307269428163380E+01  1.23590040770950491E+01  5.09973890733168234E-01  5.46940517112606064E-02  1.60986735286824598E-03  1.17400501991613582E-04  2.70467734083671787E-06
  702.000000  1.02200293108474125E+03  9.47483095108137718E+02  6.18528486012970049E+01  1.21151021722583891E+01  4.96880453630473173E-01  5.33283249063927350E-02  1.55995793244367940E-03  1.13859952966913330E-04  2.60662578945841424E-06
  704.000000  1.00702969858071242E+03  9.34007788998571300E+02  6.06068380783295027E+01  1.18772644113906054E+01  4.84179152334012208E-01  5.20031896789199602E-02  1.51179588388195311E-03  1.10442020300217112E-04  2.51250396786795061E-06
  706.000000  9.92361384723074366E+02  9.20800183877205086E+02  5.93917430591738125E+01  1.16453091623317171E+01  4.71856498436818816E-01  5.07172490429067813E-02  1.46531282905850314E-03  1.07141915798448031E-04  2.42213907562043516E-06
  708.000000  9.77990039555446742E+02  9.07853438312839444E+02  5.82066446303120131E+01  1.14190611875338739E+01  4.59899530198002726E-01  4.94691607797225347E-02  1.42044335744123695E-03  1.03955059627866870E-04  2.33536660131269617E-06
  710.000000  9.63907967147744216E+02  8.95160926156911046E+02  5.70506559281143524E+01  1.11983513842857647E+01  4.48295789427794966E-01  4.82576350210680849E-02  1.37712488415272518E-03  1.00877070296418063E-04  2.25202989081753672E-06
  712.000000  9.50107715969710853E+02  8.82716228478432413E+02  5.59229208496461894E+01  1.09830165369262343E+01  4.37033299504657358E-01  4.70814319509190379E-02  1.33529751548621040E-03  9.79037551647036792E-05  2.17197973988263120E-06
  714.000000  9.36582069685867054E+02  8.70513125848952313E+02  5.48226128223167137E+01  1.07728990804228690E+01  4.26100544458318853E-01  4.59393596198675036E-02  1.29490392141873236E-03  9.50311014548979144E-05  2.09507400953722780E-06
  716.000000  9.23324038351373929E+02  8.58545590960575510E+02  5.37489336294700877E+01  1.05678468747353982E+01  4.15486449067217489E-01  4.48302718658451227E-02  1.25588921475175831E-03  9.22552677293422531E-05  2.02117726297292123E-06
  718.000000  9.10326849988791309E+02  8.46807781560528724E+02  5.27011122890302772E+01  1.03677129894103413E+01  4.05180359913713151E-01  4.37530663354796998E-02  1.21820083649310613E-03  8.95725758119569692E-05  1.95016042263484588E-06
  720.000000  8.97583942527237241E+02  8.35294033687110641E+02  5.16784039824432497E+01  1.01723554978893773E+01  3.95172027342651777E-01  4.27066826006921238E-02  1.18178844711172332E-03  8.69795031272829002E-05  1.88190044620820754E-06
  722.000000  8.85088956086116241E+02  8.23998855192122960E+02  5.06800890315275581E+01  9.98163728103796899E+00  3.85451588283425406E-01  4.16901003655115732E-02  1.14660382337830884E-03  8.44726754338758087E-05  1.81628002051418566E-06
  724.000000  8.72835725586796912E+02  8.12916919536236605E+02  4.97054719206797557E+01  9.79542583943324274E+00  3.76009549881520466E-01  4.07023377582884302E-02  1.11260076043296729E-03  8.20488599296292112E-05  1.75318727213642122E-06
  726.000000  8.60818273676566264E+02  8.02043059844217055E+02  4.87538803623138222E+01  9.61359311397351846E+00  3.66836773904085200E-01  3.97424497048567554E-02  1.07973497882657920E-03  7.97049587084981221E-05  1.69251549386407427E-06
  728.000000  8.49030803949696065E+02  7.91372263207534843E+02  4.78246644033107060E+01  9.43601531439522745E+00  3.57924461875102073E-01  3.88095263783798453E-02  1.04796403624148483E-03  7.74380025489878623E-05  1.63416288597441220E-06
  730.000000  8.37467694451627949E+02  7.80899665222793146E+02  4.69171955704804091E+01  9.26257275530755919E+00  3.49264140903861819E-01  3.79026917219006595E-02  1.01724724364451666E-03  7.52451450161317954E-05  1.57803231153414000E-06
  732.000000  8.26123491452884537E+02  7.70620544754859111E+02  4.60308660531644165E+01  9.09314969937580564E+00  3.40847650171792915E-01  3.70211020398374113E-02  9.87545585625126563E-04  7.31236568596919348E-05  1.52403106486086305E-06
  734.000000  8.14992903479776373E+02  7.60530318914052373E+02  4.51650879210891603E+01  8.92763420730245016E+00  3.32667128041471194E-01  3.61639446548513571E-02  9.58821644688651639E-04  7.10709206923460207E-05  1.47207065239360129E-06
  736.000000  8.04070795590374701E+02  7.50624538237813340E+02  4.43192923758733386E+01  8.76591799427983531E+00  3.24714999759603884E-01  3.53304366267732789E-02  9.31039529303279959E-04  6.90844259327239236E-05  1.42206658527921057E-06
  738.000000  7.93352183883722773E+02  7.40898882066907845E+02  4.34929290344602535E+01  8.60789629259655520E+00  3.16983965720078087E-01  3.45198235303822640E-02  9.04164805481515958E-04  6.71617639987905719E-05  1.37393818297161890E-06
  740.000000  7.82832230232085180E+02  7.31349154107705999E+02  4.26854652430561501E+01  8.45346772010696590E+00  3.09466990263194019E-01  3.37313782890975647E-02  8.78164431724065856E-04  6.53006237382237919E-05  1.32760838723891034E-06
  742.000000  7.72506237225535187E+02  7.21971278171704398E+02  4.18963854200215522E+01  8.30253415428011188E+00  3.02157290979504833E-01  3.29644000617204322E-02  8.53006697131412613E-04  6.34987870829375296E-05  1.28300358596531667E-06
  744.000000  7.62369643319396118E+02  7.12761294084426595E+02  4.11251904263883787E+01  8.15500061156492251E+00  2.95048328495900736E-01  3.22182131795869797E-02  8.28661162521441576E-04  6.17541249158393287E-05  1.24005344618901614E-06
  746.000000  7.52418018175229690E+02  7.03715353755927367E+02  4.03713969627427574E+01  8.01077513181905054E+00  2.88133796720588586E-01  3.14921661316134652E-02  8.05098604401633094E-04  6.00645931385664265E-05  1.19869075590153770E-06
  748.000000  7.42647058186686195E+02  6.94829717405798078E+02  3.96345369911645662E+01  7.86976866756494609E+00  2.81407613521876820E-01  3.07856305948441093E-02  7.82290961631713867E-04  5.84282289294921610E-05  1.15885127404874325E-06
  750.000000  7.33052582181776984E+02  6.86100749935606132E+02  3.89141571810907436E+01  7.73189497784569291E+00  2.74863911820722284E-01  3.00980005082543307E-02  7.60211284644558578E-04  5.68431471820228062E-05  1.12047358832151001E-06
  752.000000  7.23630527293814794E+02  6.77524917442332708E+02  3.82098183780255383E+01  7.59707052646759706E+00  2.68497031077990445E-01  2.94286911876893847E-02  7.38833687095664157E-04  5.53075371137559961E-05  1.08349898029539320E-06
  754.000000  7.14376944993373513E+02  6.69098783866529175E+02  3.75210950939542727E+01  7.46521438442631702E+00  2.62301509153860857E-01  2.87771384799056854E-02  7.18133299797961010E-04  5.38196590374805475E-05  1.04787129747930240E-06
  756.000000  7.05287997274268832E+02  6.60819007769281825E+02  3.68475750185789934E+01  7.33624813632372952E+00  2.56272074525519700E-01  2.81427979538308864E-02  6.98086226847966082E-04  5.23778412857487034E-05  1.01353683194429393E-06
  758.000000  6.96359952986761073E+02  6.52682339232423374E+02  3.61888585503489111E+01  7.21009579059367578E+00  2.50403638842728760E-01  2.75251441272252907E-02  6.78669503814436584E-04  5.09804772809940878E-05  9.80444205128198559E-07
  760.000000  6.87589184311392501E+02  6.44685616876488211E+02  3.55445583463850241E+01  7.08668369336132109E+00  2.44691289806063861E-01  2.69236697270332538E-02  6.59861057883803087E-04  4.96260227436765597E-05  9.48544258494941504E-07
  762.000000  6.78972163367555140E+02  6.36825764991483652E+02  3.49142988905106293E+01  6.96594044577326077E+00  2.39130284352898848E-01  2.63378849818180286E-02  6.41639669873563358E-04  4.83129930314694667E-05  9.17789949723832841E-07
  764.000000  6.70505458950765728E+02  6.29099790775513384E+02  3.42977160784961725E+01  6.84779682464066664E+00  2.33716042135911323E-01  2.57673169447373875E-02  6.23984938007978752E-04  4.70399606027219002E-05  8.88136254132697585E-07
  766.000000  6.62185733393190731E+02  6.21504781676694961E+02  3.36944568197871916E+01  6.73218570624718193E+00  2.28444139279757125E-01  2.52115088456058879E-02  6.06877243369078169E-04  4.58055525978938617E-05  8.59540071045849760E-07
  768.000000  6.54009739542186594E+02  6.14037902833985413E+02  3.31041786550190409E+01  6.61904199318066944E+00  2.23310302405185929E-01  2.46700194706820121E-02  5.90297716950688206E-04  4.46084485330828172E-05  8.31960134856975476E-07
  770.000000  6.45974317851654291E+02  6.06696394612663653E+02  3.25265493885208201E+01  6.50830254405357955E+00  2.18310402904345197E-01  2.41424225688482534E-02  5.74228208214456180E-04  4.34473780998527161E-05  8.05356930502442885E-07
  772.000000  6.38076393581619755E+02  5.99477570230580568E+02  3.19612467352456768E+01  6.39990610598526111E+00  2.13440451458532188E-01  2.36283062829667247E-02  5.58651255086880833E-04  4.23211190661330485E-05  7.79692613137988250E-07
  774.000000  6.30312974101334476E+02  5.92378813471285866E+02  3.14079579814511227E+01  6.29379324972403875E+00  2.08696592786649010E-01  2.31272726052300856E-02  5.43550055329824772E-04  4.12284952731620672E-05  7.54930931794263681E-07
  776.000000  6.22681146291642222E+02  5.85397576480499879E+02  3.08663796585296595E+01  6.18990630729407521E+00  2.04075100612016308E-01  2.26389368553841820E-02  5.28908439197893899E-04  4.01683747235832573E-05  7.31037156772323020E-07
  778.000000  6.15178074042403637E+02  5.78531377642404891E+02  3.03362172294320089E+01  6.08818931205673497E+00  1.99572372840027989E-01  2.21629271807783253E-02  5.14710843343119551E-04  3.91396677563347163E-05  7.07978010618166020E-07
  780.000000  6.07800995841010149E+02  5.71777799532471818E+02  2.98171847871128897E+01  5.98858794108152903E+00  1.95184926934111269E-01  2.16988840772192847E-02  5.00942285883799912E-04  3.81413253039093858E-05  6.85721602460415204E-07
  782.000000  6.00547222448346361E+02  5.65134486943754837E+02  2.93090047645328013E+01  5.89104945972794170E+00  1.90909395483908645E-01  2.12464599296962771E-02  4.87588342596042093E-04  3.71723372280470643E-05  6.64237365544019558E-07
  784.000000  5.93414134658451076E+02  5.58599144983567953E+02  2.88114076556631993E+01  5.79552266834239926E+00  1.86742521954547908E-01  2.08053185720534772E-02  4.74635124167029304E-04  3.62317307299803016E-05  6.43495997801009673E-07
  786.000000  5.86399181138567428E+02  5.52169537237741338E+02  2.83241317470774092E+01  5.70195785098053864E+00  1.82681156610641188E-01  2.03751348647599195E-02  4.62069254458638144E-04  3.53185688316067460E-05  6.23469405286086353E-07
  788.000000  5.79499876346257679E+02  5.45843483999727937E+02  2.78469228596364431E+01  5.61030672606863767E+00  1.78722252605343773E-01  1.99555942899491898E-02  4.49877849735155885E-04  3.44319489241668873E-05  6.04130648337968335E-07
  790.000000  5.72713798520415253E+02  5.39618860561874726E+02  2.73795340998732932E+01  5.52052239892147423E+00  1.74862862228769428E-01  1.95463925629578358E-02  4.38048498804907932E-04  3.35710013811400628E-05  5.85453890324891842E-07
  792.000000  5.66038587743324115E+02  5.33493595566513136E+02  2.69217256206573232E+01  5.43255931603981956E+00  1.71100133307665686E-01  1.91472352596215416E-02  4.26569244036818058E-04  3.27348882323085142E-05  5.67414348832773485E-07
  794.000000  5.59471944070789164E+02  5.27465669414363560E+02  2.64732643907522380E+01  5.34637322111172075E+00  1.67431305749695503E-01  1.87578374586218587E-02  4.15428563205016120E-04  3.19228018960221021E-05  5.49988249186969677E-07
  796.000000  5.53011625727696810E+02  5.21533112728047399E+02  2.60339239729084930E+01  5.26192111264717877E+00  1.63853708226582573E-01  1.83779233982208808E-02  4.04615352129340106E-04  3.11339639669355050E-05  5.33152780171965746E-07
  798.000000  5.46655447366402086E+02  5.15694004868558409E+02  2.56034843101109502E+01  5.17916120317857054E+00  1.60364754989205188E-01  1.80072261467427407E-02  3.94118908065279813E-04  3.03676240565317711E-05  5.16886051851915550E-07
  800.000000  5.40401278385334081E+02  5.09946472502474876E+02  2.51817315196637956E+01  5.09805287996070700E+00  1.56961942808823751E-01  1.76454872861912630E-02  3.83928913813264222E-04  2.96230586839584029E-05  5.01167055362395838E-07
  802.000000  5.34247041305699440E+02  5.04288688218156608E+02  2.47684576948143622E+01  5.01855666711122428E+00  1.53642848040521252E-01  1.72924566084448304E-02  3.74035422517369771E-04  2.88995702148408081E-05  4.85975624613297987E-07
  804.000000  5.28190710203776234E+02  4.98718869188858093E+02  2.43634607135424766E+01  4.94063418913035068E+00  1.50405123800457036E-01  1.69478918234545056E-02  3.64428843108488380E-04  2.81964858457382023E-05  4.71292399757729841E-07
  806.000000  5.22230309196771032E+02  4.93235275880992447E+02  2.39665440543171613E+01  4.86424813574464032E+00  1.47246497256114606E-01  1.66115582789486994E-02  3.55099926380481761E-04  2.75131566322165140E-05  4.57098792386260307E-07
  808.000000  5.16363910980040941E+02  4.87836210805796100E+02  2.35775166184279037E+01  4.78936222802054612E+00  1.44164767020078216E-01  1.62832286911203696E-02  3.46039751648583895E-04  2.68489565583886722E-05  4.43376952315863190E-07
  810.000000  5.10589635413895223E+02  4.82520017312817799E+02  2.31961925587412630E+01  4.71594118569765186E+00  1.41157800647283421E-01  1.59626828858489347E-02  3.37239713984735512E-04  2.62032816461224632E-05  4.30109735937492859E-07
  812.000000  5.04905648157852738E+02  4.77285078423501773E+02  2.28223911145403555E+01  4.64395069569073637E+00  1.38223532228107210E-01  1.56497075499821385E-02  3.28691511985779172E-04  2.55755491019772713E-05  4.17280676006713006E-07
  814.000000  4.99310159350651304E+02  4.72129815703441807E+02  2.24559364522212306E+01  4.57335738171537898E+00  1.35359960074151492E-01  1.53440959922575611E-02  3.20387136058326220E-04  2.49651965001896234E-05  4.04873952828704254E-07
  816.000000  4.93801422334325196E+02  4.67052688171845489E+02  2.20966575116674484E+01  4.50412877499185793E+00  1.32565144494463688E-01  1.50456479134595325E-02  3.12318857199261023E-04  2.43716810000627046E-05  3.92874366766431944E-07
  818.000000  4.88377732420536177E+02  4.62052191246754774E+02  2.17443878579945462E+01  4.43623328598419775E+00  1.29837205655189303E-01  1.47541691854026318E-02  3.04479216241170989E-04  2.37944785961467557E-05  3.81267311997636317E-07
  820.000000  4.83037425697707874E+02  4.57126855724750840E+02  2.13989655385263973E+01  4.36964017713413000E+00  1.27174321522294131E-01  1.44694716383862373E-02  2.96861013550461089E-04  2.32330833997662353E-05  3.70038751473983404E-07
  822.000000  4.77778877877337663E+02  4.52275246793825715E+02  2.10602329447422427E+01  4.30431953655035393E+00  1.24574725881326773E-01  1.41913728567500310E-02  2.89457299146398750E-04  2.26870069504107718E-05  3.59175193000816907E-07
  824.000000  4.72600503178035353E+02  4.47495963078160912E+02  2.07280366790391035E+01  4.24024225261554655E+00  1.22036706433115372E-01  1.39196959822004279E-02  2.82261363238603652E-04  2.21557775557330271E-05  3.48663666416667111E-07
  826.000000  4.67500753245993053E+02  4.42787635713753559E+02  2.04022274261193139E+01  4.17737998947635880E+00  1.19558602960682214E-01  1.36542695245789290E-02  2.75266727147549289E-04  2.16389396587766395E-05  3.38491701785011751E-07
  828.000000  4.62478116110343706E+02  4.38148927453597878E+02  2.00826598287851148E+01  4.11570516338060344E+00  1.17138805565170021E-01  1.33949271797622511E-02  2.68467134599974060E-04  2.11360532312584402E-05  3.28647308572229992E-07
  830.000000  4.57531115172350326E+02  4.33578531801513634E+02  1.97691923680283068E+01  4.05519091983046742E+00  1.14775752967994582E-01  1.31415076544037657E-02  2.61856543383020364E-04  2.06466931917520344E-05  3.19118955757020486E-07
  832.000000  4.52658308226956024E+02  4.29075172173401086E+02  1.94616872472011941E+01  3.99581111151880064E+00  1.12467930875987443E-01  1.28938544972267092E-02  2.55429117336217670E-04  2.01704488476302754E-05  3.09895552821848488E-07
  834.000000  4.47858286515723705E+02  4.24637601085110305E+02  1.91600102801411865E+01  3.93754027701992726E+00  1.10213870407288583E-01  1.26518159366062147E-02  2.49179218669747491E-04  1.97069233597391166E-05  3.00966431596300288E-07
  836.000000  4.43129673809841790E+02  4.20264599365792265E+02  1.88640307830894969E+01  3.88035362020482566E+00  1.08012146575877530E-01  1.24152447241807334E-02  2.43101400595533053E-04  1.92557332287979338E-05  2.92321328897353229E-07
  838.000000  4.38471125522327441E+02  4.15954975396038947E+02  1.85736214702597096E+01  3.82422699035485625E+00  1.05861376831238266E-01  1.21839979842453209E-02  2.37190400252823449E-04  1.88165078025524970E-05  2.83950369938657732E-07
  840.000000  4.33881327848084936E+02  4.11707564369629381E+02  1.82886583529241236E+01  3.76913686294530192E+00  1.03760219652634503E-01  1.19579370686955806E-02  2.31441131922870477E-04  1.83888888028029704E-05  2.75844052476150672E-07
  842.000000  4.29358996931076319E+02  4.07521227578311823E+02  1.80090206418742085E+01  3.71506032107548823E+00  1.01707373193908004E-01  1.17369274172925593E-02  2.25848680511153731E-04  1.79725298713978267E-05  2.67993231637354521E-07
  844.000000  4.24902878057569751E+02  4.03394851718724738E+02  1.77345906531424689E+01  3.66197503752080600E+00  9.97015739781823840E-02  1.15208384230408994E-02  2.20408295293620049E-04  1.75670961344106463E-05  2.60389105424448687E-07
  846.000000  4.20511744874412500E+02  3.99327348220568581E+02  1.74652537168486361E+01  3.60985925738216729E+00  9.77415956398388769E-02  1.13095433024674574E-02  2.15115383909583610E-04  1.71722637836742089E-05  2.53023200840737096E-07
  848.000000  4.16184398631651675E+02  3.95317652595464040E+02  1.72008980890789864E+01  3.55869178131250008E+00  9.58262477119045802E-02  1.11029189706109681E-02  2.09965506593981011E-04  1.67877196749475387E-05  2.45887360628625706E-07
  850.000000  4.11919667448437849E+02  3.91364723805591439E+02  1.69414148666656956E+01  3.50845194929709159E+00  9.39543744577747836E-02  1.09008459205321376E-02  2.04954370640217658E-04  1.64131609420004225E-05  2.38973730573887910E-07
  852.000000  4.07716405601576412E+02  3.87467543651613084E+02  1.66866979047488257E+01  3.45911962496907455E+00  9.21248537438065229E-02  1.07032081071623819E-02  2.00077825076358068E-04  1.60482946259007158E-05  2.32274747362698094E-07
  854.000000  4.03573492835809873E+02  3.83625116179045278E+02  1.64366437370609120E+01  3.41067518043892459E+00  9.03365959533718177E-02  1.05098928353258136E-02  1.95331855554732505E-04  1.56928373188962404E-05  2.25783126959053436E-07
  856.000000  3.99489833695109894E+02  3.79836467102528729E+02  1.61911514987845209E+01  3.36309948161990535E+00  8.85885429388699047E-02  1.03207906517629368E-02  1.90712579439377962E-04  1.53465148222401213E-05  2.19491853481439088E-07
  858.000000  3.95464356874291411E+02  3.76100643247370726E+02  1.59501228519399536E+01  3.31637387403108930E+00  8.68796670114735797E-02  1.01357952410041918E-02  1.86216241087711271E-04  1.50090618173882357E-05  2.13394168555965572E-07
  860.000000  3.91496014590234893E+02  3.72416712007800641E+02  1.57134619131689739E+01  3.27048016906128147E+00  8.52089699666451345E-02  9.95480332494338288E-03  1.81839207313639419E-04  1.46802215499861477E-05  2.07483561124135540E-07
  862.000000  3.87583781971968904E+02  3.68783760821282613E+02  1.54810751838385094E+01  3.22540063067587246E+00  8.35754821435236023E-02  9.77771456595907980E-03  1.77577963026668363E-04  1.43597455261089641E-05  2.01753757678028235E-07
  864.000000  3.83726656469075692E+02  3.65200896658428348E+02  1.52528714824050642E+01  3.18111796255183865E+00  8.19782615179905916E-02  9.60443147345628988E-03  1.73429107040795833E-04  1.40473932202512646E-05  1.96198712916520628E-07
  866.000000  3.79923657277696293E+02  3.61667245527919135E+02  1.50287618789190862E+01  3.13761529562475427E+00  8.04163928271399431E-02  9.43485931368847827E-03  1.69389348043761902E-04  1.37429317945609231E-05  1.90812600792056705E-07
  868.000000  3.76173824783701434E+02  3.58181951996042244E+02  1.48086596316511176E+01  3.09487617603414567E+00  7.88889867248864091E-02  9.26890602274169258E-03  1.65455500724028058E-04  1.34461358288712181E-05  1.85589805937965313E-07
  870.000000  3.72476220022188727E+02  3.54744178720183868E+02  1.45924801256712140E+01  3.05288455345127474E+00  7.73951789658140349E-02  9.10648212254530631E-03  1.61624482039431479E-04  1.31567870610269978E-05  1.80524915446907281E-07
  872.000000  3.68829924153066941E+02  3.51353105995990745E+02  1.43801408134449780E+01  3.01162476977780269E+00  7.59341296191257120E-02  8.94750063981467926E-03  1.57893307638329837E-04  1.28746741371721944E-05  1.75612711008927181E-07
  874.000000  3.65234037951831169E+02  3.48007931317562964E+02  1.41715611572039890E+01  2.97108154820000658E+00  7.45050223074829460E-02  8.79187702778706608E-03  1.54259088404423228E-04  1.25995923714630179E-05  1.70848161357266160E-07
  876.000000  3.61687681315453517E+02  3.44707868950475415E+02  1.39666625732273779E+01  2.93123998258859553E+00  7.31070634744086512E-02  8.63952909067456851E-03  1.50719027145680050E-04  1.23313435149581180E-05  1.66226415050005271E-07
  878.000000  3.58189992782459058E+02  3.41452149516967154E+02  1.37653683777830356E+01  2.89208552722950785E+00  7.17394816749694908E-02  8.49037691070392113E-03  1.47270415397068432E-04  1.20697355331765944E-05  1.61742793531899539E-07
  880.000000  3.54740129067039163E+02  3.38240019593094303E+02  1.35676037347936997E+01  2.85360398687602634E+00  7.04015268919949977E-02  8.34434277766606981E-03  1.43910630352356788E-04  1.18145823920767683E-05  1.57392784497601095E-07
  882.000000  3.51337264606543442E+02  3.35070741317316163E+02  1.33732956051140803E+01  2.81578150710975139E+00  6.90924698747848315E-02  8.20135112086720942E-03  1.40637131904745063E-04  1.15657038520320696E-05  1.53172035518695407E-07
  884.000000  3.47980591122016051E+02  3.31943592010233942E+02  1.31823726973759339E+01  2.77860456500052200E+00  6.78116015008409651E-02  8.06132844340063347E-03  1.37447459803672175E-04  1.13229252695419432E-05  1.49076347939439920E-07
  886.000000  3.44669317191338678E+02  3.28857863805103307E+02  1.29947654203530583E+01  2.74205996005473684E+00  6.65582321589317516E-02  7.92420325864771381E-03  1.34339230913583694E-04  1.10860774063143839E-05  1.45101671019019168E-07
  888.000000  3.41402667834471970E+02  3.25812863288700726E+02  1.28104058367708742E+01  2.70613480544167828E+00  6.53316911529670113E-02  7.78990602892550184E-03  1.31310136576658960E-04  1.08549962454537370E-05  1.41244096312619103E-07
  890.000000  3.38179884110589796E+02  3.22807911152354734E+02  1.26292276185505958E+01  2.67081651948933096E+00  6.41313261261821921E-02  7.65836910620494669E-03  1.28357940073620759E-04  1.06295228144606551E-05  1.37499852284631975E-07
  892.000000  3.35000222726515801E+02  3.19842341852655011E+02  1.24511660033998517E+01  2.63609281743926616E+00  6.29565025043588578E-02  7.52952667481788900E-03  1.25480474177387267E-04  1.04095030147620334E-05  1.33865299138233567E-07
  894.000000  3.31862955656250392E+02  3.16915503281658175E+02  1.22761577527224528E+01  2.60195170345275928E+00  6.18066029577430259E-02  7.40331469608372823E-03  1.22675638797748110E-04  1.01947874575213097E-05  1.30336923854210833E-07
  896.000000  3.28767369771210895E+02  3.14026756446251682E+02  1.21041411108222885E+01  2.56838146285944458E+00  6.06810268812544365E-02  7.27967085478607983E-03  1.19941398713143348E-04  9.98523130547804684E-06  1.26911335434044949E-07
  898.000000  3.25712766480704886E+02  3.11175475156309858E+02  1.19350557652961520E+01  2.53537065463937195E+00  5.95791898912393786E-02  7.15853450742450891E-03  1.17275781383632620E-04  9.78069412056063000E-06  1.23585260328310733E-07
  900.000000  3.22698461382543940E+02  3.08361045721521123E+02  1.17688428086489107E+01  2.50290810413228337E+00  5.85005233393209173E-02  7.03984663218616170E-03  1.14676874844850139E-04  9.58103971706578928E-06  1.20355538052596128E-07
