# Wavelength | Total | n= 1 | ...
  300.000000  2.48657646601580200E+03  1.87794873591574583E+03  5.18025403618809150E+02  8.47031598509607875E+01  5.62702874919701568E+00  2.62622715844050836E-01  9.27735289363059920E-03  2.32969406026329717E-04  4.84294577586463468E-06
  302.000000  2.61156908331160093E+03  1.98145624248177069E+03  5.36828615843707780E+02  8.72824341987327585E+01  5.72659724438523110E+00  2.65655537129978137E-01  9.30145653608827581E-03  2.31777442592665439E-04  4.77189568678451919E-06
  304.000000  2.74263866406641409E+03  2.09021098127673804E+03  5.56349724969977842E+02  8.99649757577635967E+01  5.83425741831762856E+00  2.69142590095766965E-01  9.34612535508141939E-03  2.31211889178937612E-04  4.71627723183380414E-06
  306.000000  2.88018177055472825E+03  2.20453533275736390E+03  5.76651341379429255E+02  9.27612237388258620E+01  5.95108578106486519E+00  2.73137641222778227E-01  9.41326765273178996E-03  2.31312598890585463E-04  4.67656990389966929E-06
  308.000000  3.02462898145792178E+03  2.32477706460176933E+03  5.97803184525421102E+02  9.56829714412337324E+01  6.07831512336717417E+00  2.77703800113948462E-01  9.50518179948233420E-03  2.32130713317209677E-04  4.65350292400380870E-06
  310.000000  3.17644858275284014E+03  2.45131169738640892E+03  6.19883128942528742E+02  9.87436097809771240E+01  6.21736795109902296E+00  2.82915664022287350E-01  9.62464848215755127E-03  2.33731215679155215E-04  4.64810573274930023E-06
  312.000000  3.33615081058422493E+03  2.58454514408775049E+03  6.42978461358059803E+02  1.01958428585433154E+02  6.36989857607916310E+00  2.88862068445858489E-01  9.77505037839050336E-03  2.36196301652712886E-04  4.66177612159975785E-06
  314.000000  3.50429275787818688E+03  2.72491666373792532E+03  6.67187400697701491E+02  1.05344992328769152E+02  6.53784660558220931E+00  2.95649652747566605E-01  9.96052921175680228E-03  2.39629876074197527E-04  4.69637278669805913E-06
  316.000000  3.68148408750002545E+03  2.87290217820187763E+03  6.92620948248601849E+02  1.08923612781519509E+02  6.72350561960644022E+00  3.03407535988159449E-01  1.01861944654498635E-02  2.44163623828320693E-04  4.75434229311221191E-06
  318.000000  3.86839373686195540E+03  3.02901801242366309E+03  7.19405156135728475E+02  1.12717949223071102E+02  6.92961234426599226E+00  3.12293526435457769E-01  1.04584045769475255E-02  2.49965318578993694E-04  4.83889542530229016E-06
  320.000000  4.06575785686346899E+03  3.19382513381401122E+03  7.47683930781811341E+02  1.16755778556612185E+02  7.15946387231326931E+00  3.22502482553737813E-01  1.07851515402373234E-02  2.57250371015906574E-04  4.95425583602293218E-06
  322.000000  4.27438930918406277E+03  3.36793398756280249E+03  7.77622527376633570E+02  1.21069994647689256E+02  7.41707385330482971E+00  3.34277743671163974E-01  1.11765957832376511E-02  2.66298161222544853E-04  5.10601684538196011E-06
  324.000000  4.49518916151873600E+03  3.55201005448330716E+03  8.09411946360465322E+02  1.25699921303050687E+02  7.70738374749734501E+00  3.47927023210512554E-01  1.16458239470851391E-02  2.77475594386674817E-04  5.30166391492452350E-06
  326.000000  4.72916078813521199E+03  3.74678030125227133E+03  8.43274520735059468E+02  1.30693061105729157E+02  8.03655334799301357E+00  3.63844926028381699E-01  1.22099449372876818E-02  2.91271835567682004E-04  5.55135772763229949E-06
  328.000000  4.97742743192010130E+03  3.95304075747065372E+03  8.79471094700243725E+02  1.36107460475203169E+02  8.41236781097668462E+00  3.82545530379128473E-01  1.28917126735311974E-02  3.08350832587259485E-04  5.86913956234669016E-06
  330.000000  5.24125446166730035E+03  4.17166555328746836E+03  9.18310356915633292E+02  1.42014962930416260E+02  8.84481996415103389E+00  4.04710668700267395E-01  1.37219930412230164E-02  3.29633046225321171E-04  6.27484434358367184E-06
  332.000000  5.52207814661453722E+03  4.40361790917581675E+03  9.60161133090328235E+02  1.48505770735033195E+02  9.34696332550391418E+00  4.31263434472173579E-01  1.47436292552949287E-02  3.56426881430563539E-04  6.79724577258656135E-06
  334.000000  5.82154371404843096E+03  4.64996382907872521E+03  1.00546880748162039E+03  1.55694982160669838E+02  9.93619586539888822E+00  4.63483621834918591E-01  1.60177125251633606E-02  3.90648215476753198E-04  7.47944201760961572E-06
  336.000000  6.14155702074786950E+03  4.91188969023348909E+03  1.05477760658852776E+03  1.63732197685888792E+02  1.06362528447666129E+01  5.03195630853763398E-01  1.76341722864476434E-02  4.35203533151576327E-04  8.38852240305186243E-06
  338.000000  6.48435685727618511E+03  5.19072569799304074E+03  1.10876137163255567E+03  1.72816052181273534E+02  1.14804133036019387E+01  5.53087322777552681E-01  1.97305157373948090E-02  4.94693324668298148E-04  9.63387485963229290E-06
  340.000000  6.85261967218777772E+03  5.48797853538973322E+03  1.16826690454299819E+03  1.83216960382553452E+02  1.25168789782713290E+01  6.17277897851497892E-01  2.25268134109962159E-02  5.76779021126819507E-04  1.14039357558400538E-05
  342.000000  7.24961699567534924E+03  5.80537865532680371E+03  1.23437642643669233E+03  1.95314177242310819E+02  1.38182458078771315E+01  7.02386856816848093E-01  2.63949646551047273E-02  6.94996395929118943E-04  1.40437979964809852E-05
  344.000000  7.67945907638370409E+03  6.14494841548623572E+03  1.30849984432267411E+03  2.09659120158272572E+02  1.54991318686182389E+01  8.19668453485784210E-01  3.20031538465649287E-02  8.74723499428268591E-04  1.82170723794728836E-05
  346.000000  8.14746541381650786E+03  6.50907978839179668E+03  1.39251373548196375E+03  2.27089672585703511E+02  1.77509502411811297E+01  9.89463688543847364E-01  4.06139980985351021E-02  1.16429363500964215E-03  2.51355859321236234E-05
  348.000000  8.66066985796879453E+03  6.90053106052130170E+03  1.48897053398863477E+03  2.48948966139103533E+02  2.09131438249951032E+01  1.24996376371065776E+00  5.45146476603917268E-02  1.63894552390490464E-03  3.61378657679779487E-05
  350.000000  9.22846568298211969E+03  7.32217392374587507E+03  1.60141363398838325E+03  2.77526137772757409E+02  2.56060144910319138E+01  1.66702037475710685E+00  7.65716291599139592E-02  2.33105221237274321E-03  4.99279414084826000E-05
  352.000000  9.86351024717455039E+03  7.77643885532719924E+03  1.73488875426331310E+03  3.16956415271325170E+02  3.28154027575599514E+01  2.30061305847192310E+00  1.07008715469255944E-01  3.13552138679009957E-03  6.22598236604571281E-05
  354.000000  1.05834331717997684E+04  8.26480372075450941E+03  1.89676215665706309E+03  3.74964275113689666E+02  4.37179113527520542E+01  3.04877580196335662E+00  1.32704632844112241E-01  3.56274436607351185E-03  6.47425827887005291E-05
  356.000000  1.14223886901916630E+04  8.79384638383996571E+03  2.09862594385431885E+03  4.64362518971139423E+02  6.13200059475663721E+01  4.07212084299858557E+00  1.57962530886971070E-01  3.69475538230863015E-03  5.94494064965203427E-05
  358.000000  1.23822113368378450E+04  9.35293542228784463E+03  2.35543906007748183E+03  5.83476377516781099E+02  8.47051187803374290E+01  5.45379731457609651E+00  1.97320684890550241E-01  4.17947008279466719E-03  6.07058505235881792E-05
  360.000000  1.33618268889321571E+04  9.91998577374037632E+03  2.68310878994454515E+03  6.61708931007506067E+02  9.13464512976977971E+01  5.48252445574028702E+00  1.90564733078844833E-01  3.80101780737420163E-03  5.27354035727460385E-05
  362.000000  1.44602814393273657E+04  1.05451958421196196E+04  3.12923629490740313E+03  7.01832722262749940E+02  7.97491639104194689E+01  4.12899283213628543E+00  1.35850370850088248E-01  2.53839619636351274E-03  3.45279940888811008E-05
  364.000000  1.59530700834773706E+04  1.12732483284593163E+04  3.78445993104122908E+03  8.14787340976500900E+02  7.71829445804178249E+01  3.29011815616655667E+00  9.97247743231211015E-02  1.67319772334853772E-03  2.22916937045767163E-05
  366.000000  1.80412232104433242E+04  1.21002997857107785E+04  4.78444564216516028E+03  1.06237815631593116E+03  9.07161009353024781E+01  3.29081836112594539E+00  9.13686263925265058E-02  1.32124920889485891E-03  1.70794249740363831E-05
  368.000000  2.09362398595404084E+04  1.29883702602365156E+04  6.30703592243606909E+03  1.51815940733930188E+03  1.18520899652212449E+02  4.05087393534173845E+00  1.01169289510162838E-01  1.31078106798155833E-03  1.58703890537255749E-05
  370.000000  2.45496472495533017E+04  1.37570476502208312E+04  8.40729406015091081E+03  2.23367625372575003E+03  1.46049204716646557E+02  5.46758969002840445E+00  1.10954601057806856E-01  1.52111667673024658E-03  1.53314003275626030E-05
  372.000000  2.77639883499158095E+04  1.41023730575165864E+04  1.05678499684087728E+04  2.92617913656237215E+03  1.60813713179702859E+02  6.66101516423596429E+00  1.09757329065170425E-01  1.68797947825289046E-03  1.37755960076914892E-05
  374.000000  2.85543564698829250E+04  1.43237614267607696E+04  1.10376946895932269E+04  3.02870200012808118E+03  1.57617823309307511E+02  6.47851041396969851E+00  1.00458430848558711E-01  1.54945262112128482E-03  1.17940969543888356E-05
  376.000000  2.66950517672297719E+04  1.49004803093513437E+04  9.16131748942236300E+03  2.50234215003965664E+03  1.25692452538354686E+02  5.14039137026289961E+00  7.77735814521947066E-02  1.19204249822155053E-03  8.88384183178021664E-06
  378.000000  2.44572998399609569E+04  1.57740057712933358E+04  6.82534575109433445E+03  1.76919382109408502E+03  8.52363416613238201E+01  3.46543002761135766E+00  5.19273912260385315E-02  7.91463899510132457E-04  5.93513979638138260E-06
  380.000000  2.33541065731390809E+04  1.68140786979650693E+04  5.25444520510711027E+03  1.22715425153741353E+03  5.61531850848274203E+01  2.24105986757300535E+00  3.36637896038692250E-02  5.05892676295116779E-04  3.89480876511126359E-06
  382.000000  2.32998677638954723E+04  1.79533733085947242E+04  4.39824647119455767E+03  9.08050774845754290E+02  3.86574477741104801E+01  1.51679177848271296E+00  2.26299545222738568E-02  3.37101897667416606E-04  2.65142063300472594E-06
  384.000000  2.39023890011139883E+04  1.91675585191044374E+04  3.98109563097789260E+03  7.24304255374371451E+02  2.83213895826523263E+01  1.09296356367612790E+00  1.60050228422616951E-02  2.37488116345703607E-04 -0.00000000000000000E+00
  386.000000  2.49096912682191396E+04  2.04490596093709610E+04  3.82283008916846848E+03  6.14896007308102412E+02  2.20604664312587531E+01  8.33041856957429161E-01  1.18784564821759007E-02  1.75626910709385714E-04 -0.00000000000000000E+00
  388.000000  2.61891224642415254E+04  2.17948260220121956E+04  3.82806411941439364E+03  5.47386726631505098E+02  1.81712445339613211E+01  6.65016750487380626E-01  9.19983896019118189E-03  1.35060017330312205E-04 -0.00000000000000000E+00
  390.000000  2.76718622049662772E+04  2.32020456853764845E+04  3.94881577871204900E+03  5.04706504608653461E+02  1.57354914983803500E+01  5.51237478084528498E-01  7.40011656643594067E-03  1.07176061614469500E-04 -0.00000000000000000E+00
  392.000000  2.93212279192804817E+04  2.46665505419473375E+04  4.16249878662561150E+03  4.77454153218604688E+02  1.42470630663923892E+01  4.71126020816058311E-01  6.16115185146650941E-03  8.72498692076055136E-05 -0.00000000000000000E+00
  394.000000  3.11170790456741124E+04  2.61821085501985617E+04  4.46098286860535336E+03  4.60149693069404691E+02  1.34197371428550216E+01  4.12826215842505173E-01  5.29789722371475178E-03  7.25448602740021560E-05 -0.00000000000000000E+00
  396.000000  3.30482766045384560E+04  2.77400724939841675E+04  4.84532932210748368E+03  4.49410782576490533E+02  1.30900884384121383E+01  3.69157205486428608E-01  4.69883123802218149E-03  6.13951768182454608E-05 -0.00000000000000000E+00
  398.000000  3.51090386179176057E+04  2.93292535444317327E+04  5.32324714437408511E+03  4.43030922099667066E+02  1.31670880831955817E+01  3.35571254402572572E-01  4.29493284086141132E-03  5.27416825149968190E-05 -0.00000000000000000E+00
  400.000000  3.72971124999688254E+04  3.09360165464108832E+04  5.90768516589493356E+03  4.39493101926265751E+02  1.36045236278304529E+01  3.09073454340284048E-01  4.04276912976280368E-03  4.58854538639393432E-05 -0.00000000000000000E+00
  402.000000  3.96124431268834742E+04  3.25446336799628007E+04  6.61543009839171191E+03  4.37703796817967202E+02  1.43839724243295812E+01  2.87624303646718704E-01  3.91463251152040798E-03  4.03505041746180616E-05 -0.00000000000000000E+00
  404.000000  4.20549601160071325E+04  3.41379334258149829E+04  7.46440801200345868E+03  4.36844107352527544E+02  1.55008469032745300E+01  2.69796134752146366E-01  3.89199409816628344E-03  3.58040288610825825E-05 -0.00000000000000000E+00
  406.000000  4.46194657009824950E+04  3.56982565903464783E+04  8.46771723797577761E+03  4.36286009130128264E+02  1.69473028103954277E+01  2.54568743588363011E-01  3.95996783313730914E-03  3.20082918338094333E-05 -0.00000000000000000E+00
  408.000000  4.72847678100803096E+04  3.72086863030113527E+04  9.62160452571200949E+03  4.35545875545372326E+02  1.86857718003836233E+01  2.41204106665409063E-01  4.10111392721259141E-03  2.87905996834855209E-05 -0.00000000000000000E+00
  410.000000  4.99947219360150557E+04  3.86544613276645105E+04  1.08851585983530604E+04  4.34259293846260960E+02  2.06092351866521710E+01  2.29167209396201277E-01  4.28773122524503565E-03  2.60239608768891112E-05 -0.00000000000000000E+00
  412.000000  5.26347776590431968E+04  4.00244224201278776E+04  1.21554685456142906E+04  4.32167263782720568E+02  2.24968575279610370E+01  2.18074125537155661E-01  4.47425057562770428E-03  2.36142319064312375E-05 -0.00000000000000000E+00
  414.000000  5.50234693539850850E+04  4.13122926707938532E+04  1.32578537458761257E+04  4.29107249832651519E+02  2.40034132884192069E+01  2.07656203174499787E-01  4.59649956835711266E-03  2.14912943417158784E-05 -0.00000000000000000E+00
  416.000000  5.69541524940639138E+04  4.25175650185310660E+04  1.39866338672386682E+04  4.25004751337076016E+02  2.47465153916534426E+01  1.97733683466818994E-01  4.58827918932084786E-03  1.96027936732357750E-05 -0.00000000000000000E+00
  418.000000  5.82975097018716842E+04  4.36457650212532753E+04  1.42071880062729288E+04  4.19862745120694342E+02  2.45013014454610314E+01  1.88194833989296734E-01  4.41503577501341574E-03  1.79095515411229476E-05 -0.00000000000000000E+00
  420.000000  5.90942882147805576E+04  4.47078638433966989E+04  1.39491323615846450E+04  4.13747770906562323E+02  2.33611453183394211E+01  1.78978452667784255E-01  4.09873953633850801E-03  1.63821139447973909E-05 -0.00000000000000000E+00
  422.000000  5.95399012121999549E+04  4.57186152632136582E+04  1.33926504473273035E+04  4.06772554364168570E+02  2.16891680524243284E+01  1.70058734255235017E-01  3.70551003075469260E-03  1.49981113615543700E-05 -0.00000000000000000E+00
  424.000000  5.98733622918920664E+04  4.66935658649524266E+04  1.27606508692411153E+04  3.99075804965113377E+02  1.99049996742085291E+01  1.61432159158521465E-01  3.30715981012119544E-03  1.37402331290045676E-05 -0.00000000000000000E+00
  426.000000  6.02755494233811696E+04  4.76444577882265876E+04  1.22218254914665213E+04  3.90800175164563484E+02  1.83098971844965099E+01  1.53106381806132147E-01  2.95236250104711617E-03  1.25946891199731806E-05 -0.00000000000000000E+00
  428.000000  6.08321418999191592E+04  4.85728083085268881E+04  1.18600728884470336E+04  3.82069522307365901E+02  1.70434164566459998E+01  1.45091188557554041E-01  2.66144260423245137E-03  1.15500685161752650E-05 -0.00000000000000000E+00
  430.000000  6.15392900477181247E+04  4.94618470553169318E+04  1.16882154438294692E+04  3.72967056063910263E+02  1.61206559039308068E+01  1.37391614790408761E-01  2.43439258541195596E-03  1.05965250573348497E-05 -0.00000000000000000E+00
  432.000000  6.23177608553207319E+04  5.02680896458497591E+04  1.16705399131583781E+04  3.63517356614462358E+02  1.54816664289269017E+01  1.30003410675880948E-01  2.26013329331817801E-03  9.72523270980259891E-06 -0.00000000000000000E+00
  434.000000  6.30241314510757147E+04  5.09158725406106969E+04  1.17394296870539310E+04  3.53677954512289602E+02  1.50262259719216882E+01  1.22911296850912413E-01  2.12270195129276836E-03  8.92807128909559492E-06 -0.00000000000000000E+00
  436.000000  6.34663402413499498E+04  5.13005282770484118E+04  1.18077086119633332E+04  3.43348923376780817E+02  1.46363251881580609E+01  1.16090682229299871E-01  2.00489351358436188E-03  8.19751437736280605E-06 -0.00000000000000000E+00
  438.000000  6.34358985090039860E+04  5.13060331249741284E+04  1.17831501961774138E+04  3.32407608038767592E+02  1.41961681583371178E+01  1.09513185802285820E-01  1.89094284971464723E-03  7.52668688845500424E-06 -0.00000000000000000E+00
  440.000000  6.27600640935692718E+04  5.08372553406337320E+04  1.15883241206107232E+04  3.20764988414988977E+02  1.36147130872637838E+01  1.03154828295806147E-01  1.76908474946535607E-03  6.90952290106116726E-06 -0.00000000000000000E+00
  442.000000  6.13580660170113115E+04  4.98554437506680479E+04  1.11812551767606110E+04  3.08422086803878472E+02  1.28463592603806696E+01  9.70035755331149080E-02  1.63360195245458215E-03  6.34090381104656827E-06 -0.00000000000000000E+00
  444.000000  5.92714118421694584E+04  4.83973710852879594E+04  1.05665539705549309E+04  2.95494910100005370E+02  1.18993229773608942E+01  9.10621388409703914E-02  1.48529369033241682E-03  5.81665439191327429E-06 -0.00000000000000000E+00
  446.000000  5.66481082633763872E+04  4.65652761058544129E+04  9.78972861794533674E+03  2.82191384063394878E+02  1.08254759055890393E+01  8.53444151793367883E-02  1.32985911231759085E-03  5.33336282273341837E-06 -0.00000000000000000E+00
  448.000000  5.36903817418859908E+04  4.44938314111715881E+04  8.91801694220020545E+03  2.68755268209785697E+02  9.69707232176611811E+00  7.98680962635151120E-02  1.17499827608387951E-03  4.88811119826908120E-06 -0.00000000000000000E+00
  450.000000  5.05967200516696903E+04  4.23137453584121467E+04  8.01890569032271287E+03  2.55410190187465531E+02  8.58313267049258322E+00  7.46478752201910623E-02  1.02772340716555206E-03  4.47824460291881006E-06 -0.00000000000000000E+00
  452.000000  4.75239269484446631E+04  4.01281862990531299E+04  7.14580742471412850E+03  2.42327556585052605E+02  7.53507911047983114E+00  6.96920082918284084E-02  8.92872349743659990E-04  4.10124727505193612E-06 -0.00000000000000000E+00
  454.000000  4.45752670315840442E+04  3.80057216316042977E+04  6.33327560268467550E+03  2.29620929555514579E+02  6.58308895180809550E+00  6.50021710003353126E-02  7.72862045794375048E-04  3.75471308396190284E-06 -0.00000000000000000E+00
  456.000000  4.18065522016787436E+04  3.59845038629494447E+04  5.59889135800874283E+03  2.17356414552882342E+02  5.73931949658087071E+00  6.05750643598140237E-02  6.68170379769044386E-04  3.43636159479612887E-06 -0.00000000000000000E+00
  458.000000  3.92392960967255131E+04  3.40807926142019714E+04  4.94787527819744810E+03  2.05567690752290275E+02  5.00352808085130363E+00  5.64043238711200712E-02  5.78025007592604953E-04  3.14405964588468371E-06 -0.00000000000000000E+00
  460.000000  3.68737169641441069E+04  3.22972676884262219E+04  4.37775892929692327E+03  1.94269046926848603E+02  4.36831362276347335E+00  5.24819930807236545E-02  5.01002429361565031E-04  2.87583077845984159E-06 -0.00000000000000000E+00
  462.000000  3.46986430188124286E+04  3.06293092268245236E+04  3.88199728425371859E+03  1.83464313631401978E+02  3.82295662079076370E+00  4.87994081730846394E-02  4.35443969574745508E-04  2.62985101763831438E-06 -0.00000000000000000E+00
  464.000000  3.26979920675892317E+04  2.90690727575289493E+04  3.45236570795966963E+03  1.73152035269952620E+02  3.35583710616119735E+00  4.53476174664906445E-02  3.79702593741478229E-04  2.40443602464528752E-06 -0.00000000000000000E+00
  466.000000  3.08545407419603362E+04  2.76078362972267532E+04  3.08037820855106702E+03  1.63328010457761849E+02  2.95577373804289634E+00  4.21175205195029045E-02  3.32268167258333090E-04  2.19802515203811578E-06 -0.00000000000000000E+00
  468.000000  2.91518676903033156E+04  2.62371935431562160E+04  2.75803580929669215E+03  1.53986285817676702E+02  2.61265832912439233E+00  3.90998773745607348E-02  2.91817066007954028E-04  2.00916620920843352E-06 -0.00000000000000000E+00
  470.000000  2.75751903619990917E+04  2.49495557400101134E+04  2.47816101873629987E+03  1.45119385117827392E+02  2.31767563220103279E+00  3.62852829702756188E-02  2.57219677008114383E-04 -0.00000000000000000E+00 -0.00000000000000000E+00
  472.000000  2.61115894708272463E+04  2.37382774727369579E+04  2.23449655357049596E+03  1.36718251830786699E+02  2.06330100684391571E+00  3.36641550560777200E-02  2.27527106783387598E-04 -0.00000000000000000E+00 -0.00000000000000000E+00
  474.000000  2.47499279640996901E+04  2.25976004648460075E+04  2.02168071990418866E+03  1.28772158111831232E+02  1.84319253530275118E+00  3.12267529163550855E-02  2.01949437266668472E-04 -0.00000000000000000E+00 -0.00000000000000000E+00
  476.000000  2.34806412658923073E+04  2.15225256898077860E+04  1.83516569991445022E+03  1.21268689892080914E+02  1.65204321909264884E+00  2.89632267890846222E-02  1.79832111370812253E-04 -0.00000000000000000E+00 -0.00000000000000000E+00
  478.000000  2.22954933545161766E+04  2.05086715085922806E+04  1.67111555741994971E+03  1.14193836541660886E+02  1.48542763875880213E+00  2.68636898919282843E-02  1.60633633917331393E-04 -0.00000000000000000E+00 -0.00000000000000000E+00
  480.000000  2.11873447348519076E+04  1.95521447163355915E+04  1.52630312367118836E+03  1.07532173212560110E+02  1.33965942395143767E+00  2.49183027239837998E-02  1.43905894737651643E-04 -0.00000000000000000E+00 -0.00000000000000000E+00
  482.000000  2.01499512531967812E+04  1.86494344102843279E+04  1.39801482215056149E+03  1.01267108120935362E+02  1.21166600340604647E+00  2.31173601058075294E-02  1.29277445412964178E-04 -0.00000000000000000E+00 -0.00000000000000000E+00
  484.000000  1.91777985009339136E+04  1.77973299281839936E+04  1.28396695838415962E+03  9.53811645549076133E+01  1.09888199773384954E+00  2.14513735266157086E-02  1.16439595304317073E-04 -0.00000000000000000E+00 -0.00000000000000000E+00
  486.000000  1.82659697539621011E+04  1.69928601807416198E+04  1.18223412540896015E+03  8.98562713462285387E+01  9.99160186512523474E-01  1.99111437786216802E-02  1.05135000811397569E-04 -0.00000000000000000E+00 -0.00000000000000000E+00
  488.000000  1.74100426554392398E+04  1.62332503379301943E+04  1.09118899468211112E+03  8.46740418666482242E+01  9.10697990862878504E-01  1.84878210517641292E-02  9.51483699572827223E-05 -0.00000000000000000E+00 -0.00000000000000000E+00
  490.000000  1.66060092122240130E+04  1.55158917542018316E+04  1.00945219348980538E+03  7.98160281199592845E+01  8.31977162082828903E-01  1.71729514176172174E-02  8.62989187811888858E-05 -0.00000000000000000E+00 -0.00000000000000000E+00
  492.000000  1.58502140337968904E+04  1.48383215165077763E+04  9.35850823712575220E+02  7.52639421629973953E+01  7.61714469377994696E-01  1.59585099033943134E-02  7.84342576787540818E-05 -0.00000000000000000E+00 -0.00000000000000000E+00
  494.000000  1.51393064952628920E+04  1.41982086877590846E+04  8.69384236195520771E+02  7.09998415326567454E+01  6.98821429005141326E-01  1.48369211899934961E-02  7.14254351006182964E-05 -0.00000000000000000E+00 -0.00000000000000000E+00
  496.000000  1.44702033439351908E+04  1.35933450052563185E+04  8.09195822471688530E+02  6.70062785671161407E+01  6.42371407711153530E-01  1.38010694434886391E-02  6.51629136515888984E-05 -0.00000000000000000E+00 -0.00000000000000000E+00
  498.000000  1.38400590464000707E+04  1.30216383942909033E+04  7.54549759899047558E+02  6.32664156431568827E+01  5.91572714669715394E-01  1.28442989967848826E-02  5.95532958165829912E-05 -0.00000000000000000E+00 -0.00000000000000000E+00
  500.000000  1.32462418328716103E+04  1.24811081445553409E+04  7.04811817222047125E+02  5.97641096231114801E+01  5.45746546837404645E-01  1.19604076187169971E-02  5.45166521965157787E-05 -0.00000000000000000E+00 -0.00000000000000000E+00
  502.000000  1.26863139265522004E+04  1.19698809728076503E+04  6.59433481828072331E+02  5.64839694318050576E+01  5.04308866330151262E-01  1.11436340085101383E-02  4.99843344698622827E-05 -0.00000000000000000E+00 -0.00000000000000000E+00
  504.000000  1.21580148574708346E+04  1.14861874735774836E+04  6.17938803032423266E+02  5.34113908569692697E+01  4.66755465793256052E-01  1.03886409856409710E-02  4.58971790310179340E-05 -0.00000000000000000E+00 -0.00000000000000000E+00
  506.000000  1.16592470709759255E+04  1.10283586586401816E+04  5.79913457472707478E+02  5.05325725407639226E+01  4.32649622602171713E-01  9.69049564567575801E-03  4.22040262681170670E-05 -0.00000000000000000E+00 -0.00000000000000000E+00
  508.000000  1.11880632704670552E+04  1.05948224232783850E+04  5.44995634997148386E+02  4.78345168236163474E+01  4.01611859864072995E-01  9.04464754646301314E-03  3.88604955837052962E-05 -0.00000000000000000E+00 -0.00000000000000000E+00
  510.000000  1.07426551002034212E+04  1.01840998684626556E+04  5.12868418880384866E+02  4.53050187002979570E+01  3.73311426324975437E-01  8.44690579211551489E-03  3.58279682779687582E-05 -0.00000000000000000E+00 -0.00000000000000000E+00
  512.000000  1.03213428925465159E+04  9.79480146568668715E+03  4.83253395477344327E+02  4.29326457113576794E+01  3.47459182683925671E-01  7.89341570327907471E-03  3.30727399424020395E-05 -0.00000000000000000E+00 -0.00000000000000000E+00
  514.000000  9.92256628720622757E+03  9.42562308519927137E+03  4.55905278004372519E+02  4.07067111595550415E+01  3.23801642110984778E-01  7.38063560570676683E-03  3.05653115637953825E-05 -0.00000000000000000E+00 -0.00000000000000000E+00
  516.000000  9.54487558760621687E+03  9.07534192624301795E+03  4.30607369174012661E+02  3.86172426342843025E+01  3.02115960973429742E-01  6.90531413601442028E-03  2.82797945346000573E-05 -0.00000000000000000E+00 -0.00000000000000000E+00
  518.000000  9.18692375870567594E+03  8.74281239514636218E+03  4.07167719723174855E+02  3.66549474600289571E+01  2.82205714345862557E-01  6.46446835311168064E-03  2.61934095305462832E-05 -0.00000000000000000E+00 -0.00000000000000000E+00
  520.000000  8.84745899695666049E+03  8.42696197765870238E+03  3.85415865964150441E+02  3.48111763631044582E+01  2.63897321784791028E-01  6.05536285396884606E-03  2.42860630151119791E-05 -0.00000000000000000E+00 -0.00000000000000000E+00
  522.000000  8.52531782048403693E+03  8.12678714849055632E+03  3.65200050574893851E+02  3.30778863749204604E+01  2.47037013657531640E-01  5.67549002084129922E-03  2.25399881637653550E-05 -0.00000000000000000E+00 -0.00000000000000000E+00
  524.000000  8.21941863893430309E+03  7.84134935552075694E+03  3.46384847916730280E+02  3.14476037576277072E+01  2.31488248277234826E-01  5.32255147107393335E-03  2.09394394321497670E-05 -0.00000000000000000E+00 -0.00000000000000000E+00
  526.000000  7.92875576973546322E+03  7.56977110975760843E+03  3.28849129015148890E+02  2.99133875453381570E+01  2.17129506197773187E-01  4.99444073773379869E-03  1.94704319458614047E-05 -0.00000000000000000E+00 -0.00000000000000000E+00
  528.000000  7.65239387216421073E+03  7.31123220568138640E+03  3.12484312597474400E+02  2.84687941366086079E+01  2.03852401046479281E-01  4.68922717712871168E-03  1.81205184641030429E-05 -0.00000000000000000E+00 -0.00000000000000000E+00
  530.000000  7.38946277359207033E+03  7.06496609051217820E+03  2.97192857756598642E+02  2.71078432467841388E+01  1.91560056837438236E-01  4.40514107580711276E-03  1.68785979431182876E-05 -0.00000000000000000E+00 -0.00000000000000000E+00
  532.000000  7.13915266421831529E+03  6.83025639547878200E+03  2.82886961307046818E+02  2.58249854275183992E+01  1.80165710302877868E-01  4.14055991309799590E-03  1.57347507592364885E-05 -0.00000000000000000E+00 -0.00000000000000000E+00
  534.000000  6.90070963793524243E+03  6.60643363743197187E+03  2.69487429042519466E+02  2.46150712811368564E+01  1.69591503793503962E-01  3.89399572413268429E-03  1.46800964921992067E-05 -0.00000000000000000E+00 -0.00000000000000000E+00
  536.000000  6.67343155797374766E+03  6.39287209515725499E+03  2.56922695150574953E+02  2.34733224357067023E+01  1.59767440038561359E-01  3.66408350141554694E-03  1.37066708567033564E-05 -0.00000000000000000E+00 -0.00000000000000000E+00
  538.000000  6.45666422682281245E+03  6.18898686147261105E+03  2.45127968198056806E+02  2.23953042994883091E+01  1.50630474768263439E-01  3.44957056932407649E-03  1.28073189333517839E-05 -0.00000000000000000E+00 -0.00000000000000000E+00
  540.000000  6.24979784070372807E+03  5.99423106958004792E+03  2.34044485536063007E+02  2.13769005780701669E+01  1.42123727080951473E-01  3.24930686465048748E-03  1.19756023127728753E-05 -0.00000000000000000E+00 -0.00000000000000000E+00
  542.000000  6.05226370966063587E+03  5.80809329009734574E+03  2.23618860819294582E+02  2.04142895115790104E+01  1.34195790641202933E-01  3.06223605678298443E-03  1.12057181483695108E-05 -0.00000000000000000E+00 -0.00000000000000000E+00
  544.000000  5.86353122513453854E+03  5.63009509365291524E+03  2.13802511699327425E+02  1.95039217709769126E+01  1.26800131448719267E-01  2.88738744288231583E-03  1.04924284289797799E-05 -0.00000000000000000E+00 -0.00000000000000000E+00
  546.000000  5.68310505771971020E+03  5.45978877279885819E+03  2.04551156721199050E+02  1.86424999399771387E+01  1.19894560121977356E-01  2.72386855601134108E-03  9.83099804445068217E-06 -0.00000000000000000E+00 -0.00000000000000000E+00
  548.000000  5.51052256866316930E+03  5.29675521621929693E+03  1.95824372098587730E+02  1.78269595012399868E+01  1.13440768476813003E-01  2.57085842736198399E-03  9.21714043527046657E-06 -0.00000000000000000E+00 -0.00000000000000000E+00
  550.000000  5.34535141954683513E+03  5.14060192771425045E+03  1.87585200421284355E+02  1.70544512411707458E+01  1.07403921713757136E-01  2.42760144722507960E-03  8.64696979917630122E-06 -0.00000000000000000E+00 -0.00000000000000000E+00
  552.000000  5.18718736547862500E+03  4.99096118216858667E+03  1.79799804506510441E+02  1.63223249859835171E+01  1.01752298812782693E-01  2.29340177303035634E-03  8.11695898001034928E-06 -0.00000000000000000E+00 -0.00000000000000000E+00
  554.000000  5.03565221800602922E+03  4.84748831062656336E+03  1.72437160580471186E+02  1.56281145820430556E+01  9.64569748129840560E-02  2.16761823647364628E-03  7.62390229183225891E-06 -0.00000000000000000E+00 -0.00000000000000000E+00
  556.000000  4.89039196484045715E+03  4.70986010664131209E+03  1.65468785799684014E+02  1.49695240353092114E+01  9.14915395634493672E-02  2.04965970542229491E-03  7.16488263880833171E-06 -0.00000000000000000E+00 -0.00000000000000000E+00
  558.000000  4.75107503433282363E+03  4.57777334622089620E+03  1.58868495817980744E+02  1.43444147275462281E+01  8.68318482985158957E-02  1.93898085980166897E-03  6.73724238225159023E-06 -0.00000000000000000E+00 -0.00000000000000000E+00
  560.000000  4.61739069346950509E+03  4.45094341392590741E+03  1.52612188696136997E+02  1.37507936305184710E+01  8.24558000398876306E-02  1.83507834404417701E-03  6.33855748285481665E-06 -0.00000000000000000E+00 -0.00000000000000000E+00
  562.000000  4.48904756895239916E+03  4.32910302796116230E+03  1.46677651953581545E+02  1.31868024433994524E+01  7.83431403789030950E-02  1.73748726187064346E-03  5.96661451127359798E-06 -0.00000000000000000E+00 -0.00000000000000000E+00
  564.000000  4.36577228168398960E+03  4.21200105742812138E+03  1.41044389989958034E+02  1.26507075828775140E+01  7.44752856606075153E-02  1.64577798213927980E-03  5.61939017564609087E-06 -0.00000000000000000E+00 -0.00000000000000000E+00
  566.000000  4.24730818569724943E+03  4.09940142525287501E+03  1.35693469470311754E+02  1.21408909598119106E+01  7.08351659906386322E-02  1.55955322728643510E-03  5.29503306175751648E-06 -0.00000000000000000E+00 -0.00000000000000000E+00
  568.000000  4.13341420325142190E+03  3.99108209066754898E+03  1.30607380581112380E+02  1.16558414806668313E+01  6.74070848271056539E-02  1.47844541843416156E-03  4.99184732183381016E-06 -0.00000000000000000E+00 -0.00000000000000000E+00
  570.000000  4.02386374844699503E+03  3.88683410548194342E+03  1.25769912333083894E+02  1.11941472162237137E+01  6.41765932116716842E-02  1.40211425360623550E-03  4.70827808252972360E-06 -0.00000000000000000E+00 -0.00000000000000000E+00
  572.000000  3.91844373231688269E+03  3.78646073874995363E+03  1.21166040318347356E+02  1.07544881842401843E+01  6.11303769448835327E-02  1.33024449766130904E-03  4.44289837212071985E-06 -0.00000000000000000E+00 -0.00000000000000000E+00
  574.000000  3.81695364289938425E+03  3.68977666478077208E+03  1.16781825528349600E+02  1.03356296966740704E+01  5.82561552261530655E-02  1.26254396453213784E-03  4.19439739260965354E-06 -0.00000000000000000E+00 -0.00000000000000000E+00
  576.000000  3.71920469432187247E+03  3.59660720979181770E+03  1.12604323011468210E+02  9.93641622587804640E+00  5.55425894647348928E-02  1.19874167416509649E-03  3.96156998408394082E-06 -0.00000000000000000E+00 -0.00000000000000000E+00
  578.000000  3.62501903940127568E+03  3.50678765282505947E+03  1.08621499297896648E+02  9.55576574771639820E+00  5.29792011283134676E-02  1.13858616821029728E-03  3.74330714785730830E-06 -0.00000000000000000E+00 -0.00000000000000000E+00
  580.000000  3.53422904071142466E+03  3.42016257685976097E+03  1.04822157648583556E+02  9.19266452288820624E+00  5.05562976346008372E-02  1.08184396999666467E-03  3.53858751115825498E-06 -0.00000000000000000E+00 -0.00000000000000000E+00
  582.000000  3.44667659547862377E+03  3.33658526635058161E+03  1.01195870297132089E+02  8.84616228085247336E+00  4.82649054116289847E-02  1.02829817569686653E-03  3.34646963036058553E-06 -0.00000000000000000E+00 -0.00000000000000000E+00
  584.000000  3.36221251004490432E+03  3.25591714769752025E+03  9.77329169511356071E+01  8.51536777364194997E+00  4.60967093568422429E-02  9.77747164810097375E-04  3.16608504208550989E-06 -0.00000000000000000E+00 -0.00000000000000000E+00
  586.000000  3.28069591998608576E+03  3.17802726941403898E+03  9.44242289044519651E+01  8.19944466952813400E+00  4.40439980159467587E-02  9.30003419213243647E-04  2.99663198224793078E-06 -0.00000000000000000E+00 -0.00000000000000000E+00
  588.000000  3.20199375229356156E+03  3.10279181900461208E+03  9.12613381862759923E+01  7.89760775898125100E+00  4.20996138816945378E-02  8.84892441036607379E-04  2.83736970240806546E-06 -0.00000000000000000E+00 -0.00000000000000000E+00
  590.000000  3.12598022632239599E+03  3.03009367378931438E+03  8.82363312377778328E+01  7.60911944764878356E+00  4.02569082818760443E-02  8.42251760541099306E-04  2.68761332102477809E-06 -0.00000000000000000E+00 -0.00000000000000000E+00
  592.000000  3.05253639047932438E+03  2.95982198312494211E+03  8.53418066640585806E+01  7.33328651318222047E+00  3.85097003862664919E-02  8.01930025989916776E-04  2.54672915426426008E-06 -0.00000000000000000E+00 -0.00000000000000000E+00
  594.000000  2.98154969187268398E+03  2.89187177966862328E+03  8.25708366591732954E+01  7.06945710467352129E+00  3.68522399152330024E-02  7.63786168266465454E-04  2.41413047731346891E-06 -0.00000000000000000E+00 -0.00000000000000000E+00
  596.000000  2.91291357637331976E+03  2.82614361751113893E+03  7.99169317458565871E+01  6.81701796523734416E+00  3.52791731791502264E-02  7.27688633661091144E-04  2.28927367266257547E-06 -0.00000000000000000E+00 -0.00000000000000000E+00
  598.000000  2.84652711674450848E+03  2.76254323517582498E+03  7.73740085103284230E+01  6.57539185990284469E+00  3.37855121186234203E-02  6.93514678857275950E-04  2.17165472649607775E-06 -0.00000000000000000E+00 -0.00000000000000000E+00
  600.000000  2.78229466669058638E+03  2.70098124163489410E+03  7.49363600466398054E+01  6.34403519247196979E+00  3.23666060514161830E-02  6.61149722705830709E-04  2.06080603881200762E-06 -0.00000000000000000E+00 -0.00000000000000000E+00
  602.000000  2.72012553884862791E+03  2.64137282363816439E+03  7.25986288551914640E+01  6.12243579636532775E+00  3.10181158636894869E-02  6.30486749868788029E-04  1.95629351633547544E-06 -0.00000000000000000E+00 -0.00000000000000000E+00
  604.000000  2.65993370490808866E+03  2.58363747278181336E+03  7.03557819666611692E+01  5.91011088572791365E+00  2.97359904110727144E-02  6.01425761873814087E-04  1.85771392083806955E-06 -0.00000000000000000E+00 -0.00000000000000000E+00
  606.000000  2.60163751619040204E+03  2.52769873086707594E+03  6.82030880862325120E+01  5.70660515421042547E+00  2.85164449198230287E-02  5.73873271516136532E-04  1.76469244826049434E-06 -0.00000000000000000E+00 -0.00000000000000000E+00
  608.000000  2.54515944315529077E+03  2.47348395221156261E+03  6.61360965739216766E+01  5.51148900988885870E+00  2.73559412001881802E-02  5.47741836926456767E-04  1.67688051660896442E-06 -0.00000000000000000E+00 -0.00000000000000000E+00
  610.000000  2.49042583242338242E+03  2.42092408167913209E+03  6.41506180954211516E+01  5.32435693574045210E+00  2.62511695034858723E-02  5.22949631949647868E-04  1.59395374296509645E-06 -0.00000000000000000E+00 -0.00000000000000000E+00
  612.000000  2.43736668001795351E+03  2.36995344729004591E+03  6.22427067944060326E+01  5.14482596596941377E+00  2.51990318716057080E-02  4.99420049780695719E-04  1.51561009188413915E-06 -0.00000000000000000E+00 -0.00000000000000000E+00
  614.000000  2.38591541963218742E+03  2.32050956636115689E+03  6.04086438520061790E+01  4.97253426927615472E+00  2.41966268429591042E-02  4.77081337084211314E-04  1.44156817932143584E-06 -0.00000000000000000E+00 -0.00000000000000000E+00
  616.000000  2.33600872482206159E+03  2.27253296420573406E+03  5.86449223122220147E+01  4.80713983089176189E+00  2.32412353924646535E-02  4.55866256063778663E-04  1.37156571778806460E-06 -0.00000000000000000E+00 -0.00000000000000000E+00
  618.000000  2.28758632411387680E+03  2.22596700449897708E+03  5.69482330639012133E+01  4.64831922587343538E+00  2.23303079953523741E-02  4.35711772176655763E-04  1.30535808990822275E-06 -0.00000000000000000E+00 -0.00000000000000000E+00
  620.000000  2.24059082809234906E+03  2.18075773048114434E+03  5.53154518802455044E+01  4.49576647676097529E+00  2.14614527153025904E-02  4.16558765391798476E-04  1.24271703877000457E-06 -0.00000000000000000E+00 -0.00000000000000000E+00
  622.000000  2.19496756761054621E+03  2.13685371623554647E+03  5.37436274263209839E+01  4.34919198925928097E+00  2.06324242271762569E-02  3.98351763072853028E-04  1.18342946464634492E-06 -0.00000000000000000E+00 -0.00000000000000000E+00
  624.000000  2.15066444232801723E+03  2.09420592733485319E+03  5.22299701533627427E+01  4.20832156011873781E+00  1.98411136931638497E-02  3.81038692734112796E-04  1.12729631864912516E-06 -0.00000000000000000E+00 -0.00000000000000000E+00
  626.000000  2.10763177884612287E+03  2.05276759020379313E+03  5.07718420062698712E+01  4.07289545185645974E+00  1.90855394189627589E-02  3.64570653072849205E-04  1.07413158479614556E-06 -0.00000000000000000E+00 -0.00000000000000000E+00
  628.000000  2.06582219776518923E+03  2.01249406959467751E+03  4.93667468774374782E+01  3.94266752938724974E+00  1.83638382234977554E-02  3.48901701814803306E-04  1.02376134278220126E-06 -0.00000000000000000E+00 -0.00000000000000000E+00
  630.000000  2.02519048903989255E+03  1.97334275361757136E+03  4.80123217461513292E+01  3.81740445402612405E+00  1.76742574619161777E-02  3.33988659038407954E-04  9.76022904492558262E-07 -0.00000000000000000E+00 -0.00000000000000000E+00
  632.000000  1.98569349505686910E+03  1.93527294580856324E+03  4.67063284482874508E+01  3.69688493068266810E+00  1.70151476471882765E-02  3.19790924754876867E-04  9.30764017911143671E-07 -0.00000000000000000E+00 -0.00000000000000000E+00
  634.000000  1.94729000090205318E+03  1.89824576375792140E+03  4.54466460259627141E+01  3.58089900439677722E+00  1.63849556206477620E-02  3.06270309626144419E-04  8.87842132723268562E-07 -0.00000000000000000E+00 -0.00000000000000000E+00
  636.000000  1.90994063132524934E+03  1.86222404385508617E+03  4.42312636112694193E+01  3.46924740266585063E+00  1.57822182263392848E-02  2.93390877796628606E-04  8.47123722373741833E-07 -0.00000000000000000E+00 -0.00000000000000000E+00
  638.000000  1.87360775394686334E+03  1.82717225174060604E+03  4.30582738022337281E+01  3.36174092029128024E+00  1.52055564481005205E-02  2.81118800899684423E-04  8.08483657883281274E-07 -0.00000000000000000E+00 -0.00000000000000000E+00
  640.000000  1.83825538828410117E+03  1.79305639808360661E+03  4.19258664927731459E+01  3.25819984372233673E+00  1.46536699719825355E-02  2.69422222378981179E-04  7.71804629107270713E-07 -0.00000000000000000E+00 -0.00000000000000000E+00
  642.000000  1.80384912020707293E+03  1.75984395933298674E+03  4.08323231217269367E+01  3.15845341211171826E+00  1.41253321399252563E-02  2.58271131335255843E-04  7.36976609526735333E-07 -0.00000000000000000E+00 -0.00000000000000000E+00
  644.000000  1.77035602146249289E+03  1.72750380311456752E+03  3.97760113090127589E+01  3.06233931250740055E+00  1.36193852635988627E-02  2.47637245174381273E-04  7.03896361022413105E-07 -0.00000000000000000E+00 -0.00000000000000000E+00
  646.000000  1.73774457392958038E+03  1.69600611797048714E+03  3.87553798496531599E+01  2.96970320680242761E+00  1.31347362700289152E-02  2.37493900391963459E-04  6.72466975367817040E-07 -0.00000000000000000E+00 -0.00000000000000000E+00
  648.000000  1.70598459829705075E+03  1.66532234715872755E+03  3.77689540388776663E+01  2.88039828824404465E+00  1.26703526530761931E-02  2.27815950882002098E-04  6.42597449499679302E-07 -0.00000000000000000E+00 -0.00000000000000000E+00
  650.000000  1.67504718687277568E+03  1.63542512625100289E+03  3.68153313037210879E+01  2.79428486546901000E+00  1.22252587070580988E-02  2.18579673210553705E-04  6.14202291844535715E-07 -0.00000000000000000E+00 -0.00000000000000000E+00
  652.000000  1.64490464025776168E+03  1.60628822428511035E+03  3.58931771185676567E+01  2.71122997218324135E+00  1.17985320208177334E-02  2.09762678334750297E-04  5.87201157250492979E-07 -0.00000000000000000E+00 -0.00000000000000000E+00
  654.000000  1.61553040763608192E+03  1.57788648824583970E+03  3.50012211839369698E+01  2.63110700074507076E+00  1.13893002123762188E-02  2.01343829295179687E-04  5.61518508261156936E-07 -0.00000000000000000E+00 -0.00000000000000000E+00
  656.000000  1.58689903044883272E+03  1.55019579066320716E+03  3.41382538494538323E+01  2.55379535803805346E+00  1.09967378859481858E-02  1.93303164440288618E-04  5.37083300663806376E-07 -0.00000000000000000E+00 -0.00000000000000000E+00
  658.000000  1.55898608923794495E+03  1.52319298013283560E+03  3.33031227635201219E+01  2.47918014214015914E+00  1.06200637946367634E-02  1.85621825783678326E-04  5.13828691433135332E-07 -0.00000000000000000E+00 -0.00000000000000000E+00
  660.000000  1.53176815345898331E+03  1.49685583457516714E+03  3.24947297335363245E+01  2.40715183840264269E+00  1.02585381934655086E-02  1.78281992119215771E-04  4.91691767335055405E-07 -0.00000000000000000E+00 -0.00000000000000000E+00
  662.000000  1.50522273407767511E+03  1.47116301706436570E+03  3.17120277818562499E+01  2.33760603365476882E+00  9.91146036868569176E-03  1.71266816553996074E-04  4.70613292605450291E-07 -0.00000000000000000E+00 -0.00000000000000000E+00
  664.000000  1.47932823877645455E+03  1.44609403406810770E+03  3.09540183837694478E+01  2.27044314734168973E+00  9.57816633041484733E-03  1.64560368142018779E-04  4.50537474252143873E-07 -0.00000000000000000E+00 -0.00000000000000000E+00
  666.000000  1.45406392960971607E+03  1.42162919595069593E+03  3.02197488748855996E+01  2.20556817848853726E+00  9.25802665670795964E-03  1.58147577326832312E-04  4.31411743647404903E-07 -0.00000000000000000E+00 -0.00000000000000000E+00
  668.000000  1.42940988295768511E+03  1.39774957960209440E+03  2.95083100162775622E+01  2.14289046746343770E+00  8.95044447811917283E-03  1.52014184924702164E-04  4.13186553176582069E-07 -0.00000000000000000E+00 -0.00000000000000000E+00
  670.000000  1.40534695163828997E+03  1.37443699306400663E+03  2.88188337065974132E+01  2.08232347158361053E+00  8.65485359266075262E-03  1.46146694398165291E-04  3.95815186837853242E-07 -0.00000000000000000E+00 -0.00000000000000000E+00
  672.000000  1.38185672904693729E+03  1.35167394203373692E+03  2.81504908312403650E+01  2.02378455367769483E+00  8.37071670188067364E-03  1.40532327191671667E-04  3.79253583732371882E-07 -0.00000000000000000E+00 -0.00000000000000000E+00
  674.000000  1.35892151520146763E+03  1.32944359813316646E+03  2.75024892393230971E+01  1.96719478277745519E+00  8.09752375947860904E-03  1.35158980915081416E-04  3.63460173512148511E-07 -0.00000000000000000E+00 -0.00000000000000000E+00
  676.000000  1.33652428457899191E+03  1.30772976883882984E+03  2.68740718399802923E+01  1.91247874617163238E+00  7.83479042456483761E-03  1.30015190179100584E-04  3.48395722906156763E-07 -0.00000000000000000E+00 -0.00000000000000000E+00
  678.000000  1.31464865563787180E+03  1.28651686897496666E+03  2.62645148100733827E+01  1.85956437210611591E+00  7.58205661226006057E-03  1.25090089900525700E-04  3.34023192509138966E-07 -0.00000000000000000E+00 -0.00000000000000000E+00
  680.000000  1.29327886192573988E+03  1.26578989367843837E+03  2.56731259060130270E+01  1.80838276246492047E+00  7.33888513489745070E-03  1.20373380908242361E-04  3.20307603101058205E-07 -0.00000000000000000E+00 -0.00000000000000000E+00
  682.000000  1.27239972468035262E+03  1.24553439274969674E+03  2.50992428729036163E+01  1.75886803481108478E+00  7.10486042759348423E-03  1.15855297694489890E-04  3.07215910806059483E-07 -0.00000000000000000E+00 -0.00000000000000000E+00
  684.000000  1.25199662683672614E+03  1.22573644631013940E+03  2.45422319447295365E+01  1.71095717320962160E+00  6.87958735242738973E-03  1.11526578165338009E-04  2.94716890456304725E-07 -0.00000000000000000E+00 -0.00000000000000000E+00
  686.000000  1.23205548835894206E+03  1.20638264169062109E+03  2.40014864297360759E+01  1.66458988729276802E+00  6.66269007589526899E-03  1.07378435257520551E-04  2.82781026584956306E-07 -0.00000000000000000E+00 -0.00000000000000000E+00
  688.000000  1.21256274282076652E+03  1.18746005148119275E+03  2.34764253755834851E+01  1.61970847906480375E+00  6.45381101470178953E-03  1.03402530296015091E-04  2.71380411503321742E-07 -0.00000000000000000E+00 -0.00000000000000000E+00
  690.000000  1.19350531516365550E+03  1.16895621267616502E+03  2.29664923092319029E+01  1.57625771697667161E+00  6.25260984531536904E-03  9.95909479771838802E-05  2.60488649964781957E-07 -0.00000000000000000E+00 -0.00000000000000000E+00
  692.000000  1.17487060056570294E+03  1.15085910685317049E+03  2.24711540468732274E+01  1.53418471683236990E+00  6.05876257305045830E-03  9.59361728702092610E-05  2.50080769958836013E-07 -0.00000000000000000E+00 -0.00000000000000000E+00
  694.000000  1.15664644435850801E+03  1.13315714132799803E+03  2.19898995695355595E+01  1.49343882911713832E+00  5.87196065673828600E-03  9.24310673367091082E-05  2.40133139208128937E-07 -0.00000000000000000E+00 -0.00000000000000000E+00
  696.000000  1.13882112293363775E+03  1.11583913123130401E+03  2.15222389603089894E+01  1.45397153236510990E+00  5.69191018534510266E-03  8.90688507764007673E-05  2.30623386972066800E-07 -0.00000000000000000E+00 -0.00000000000000000E+00
  698.000000  1.12138332558382353E+03  1.09889428245649128E+03  2.10677023994094696E+01  1.41573633220901818E+00  5.51833110314860556E-03  8.58430801123116663E-05  2.21530330796297161E-07 -0.00000000000000000E+00 -0.00000000000000000E+00
  700.000000  1.10432213722668462E+03  1.08231217543041612E+03  2.06258392135460795E+01  1.37868866577666394E+00  5.35095648032375519E-03  8.27476314352818410E-05  2.12833907871616959E-07 -0.00000000000000000E+00 -0.00000000000000000E+00
  702.000000  1.08762702196320834E+03  1.06608274966274803E+03  2.01962169763144956E+01  1.34278581112200923E+00  5.18953182602014014E-03  7.97766827339582387E-05  2.04515110682145256E-07 -0.00000000000000000E+00 -0.00000000000000000E+00
  704.000000  1.07128780742492586E+03  1.05019628903129251E+03  1.97784206565413783E+01  1.30798680139732304E+00  5.03381444120888991E-03  7.69246976400434558E-05  1.96555926662376376E-07 -0.00000000000000000E+00 -0.00000000000000000E+00
  706.000000  1.05529466986740454E+03  1.03464340776403242E+03  1.93720518117215015E+01  1.27425234349255589E+00  4.88357280877193059E-03  7.41864101245664126E-05  1.88939281587764456E-07 -0.00000000000000000E+00 -0.00000000000000000E+00
  708.000000  1.03963811996969343E+03  1.01941503708045809E+03  1.89767278238731620E+01  1.24154474088474198E+00  4.73858601848178244E-03  7.15568100851664995E-05  1.81648986451550342E-07 -0.00000000000000000E+00 -0.00000000000000000E+00
  710.000000  1.02430898930188891E+03  1.00450241245709765E+03  1.85920811753104545E+01  1.20982782045676740E+00  4.59864322467923650E-03  6.90311297680231740E-05  1.74669687597967638E-07 -0.00000000000000000E+00 -0.00000000000000000E+00
  712.000000  1.00929841742556505E+03  9.89897061484548431E+02  1.82177587620043049E+01  1.17906686305996589E+00  4.46354313461006305E-03  6.66048309723051544E-05  1.67986819891515927E-07 -0.00000000000000000E+00 -0.00000000000000000E+00
  714.000000  9.94597839593265689E+02  9.75590792284610302E+02  1.78534212423418879E+01  1.14922853760866595E+00  4.33309352551780255E-03  6.42735929882601520E-05  1.61586562730780324E-07 -0.00000000000000000E+00 -0.00000000000000000E+00
  716.000000  9.80198975015876613E+02  9.61575682458578854E+02  1.74987424192436478E+01  1.12028083850839089E+00  4.20711078871936241E-03  6.20333012237348055E-05  1.55455798711674033E-07 -0.00000000000000000E+00 -0.00000000000000000E+00
  718.000000  9.66093815668018919E+02  9.47844068538945066E+02  1.71534086537249806E+01  1.09219302623112791E+00  4.08541949900909952E-03  5.98800364763600550E-05  1.49582074777126418E-07 -0.00000000000000000E+00 -0.00000000000000000E+00
  720.000000  9.52274615603884286E+02  9.34388535918878461E+02  1.68171183081163420E+01  1.06493557086323065E+00  3.96785200785070881E-03  5.78100648117657197E-05  1.43953565684385181E-07 -0.00000000000000000E+00 -0.00000000000000000E+00
  722.000000  9.38733880756731082E+02  9.21201909234571076E+02  1.64895812172530576E+01  1.03848009846100009E+00  3.85424805891119689E-03  5.58198280112864840E-05  1.38559039644930409E-07 -0.00000000000000000E+00 -0.00000000000000000E+00
  724.000000  9.25464359197636099E+02  9.08277243177757327E+02  1.61705181860714653E+01  1.01279934006022798E+00  3.74445442459516668E-03  5.39059345539598064E-05  1.33387825998535911E-07 -0.00000000000000000E+00 -0.00000000000000000E+00
  726.000000  9.12459031829986316E+02  8.95607813716517285E+02  1.58596605121317076E+01  9.87867083194349682E-01  3.63832456231950960E-03  5.20651511007852420E-05  1.28429784788798509E-07 -0.00000000000000000E+00 -0.00000000000000000E+00
  728.000000  8.99711103497582144E+02  8.83187109703752753E+02  1.55567495316855329E+01  9.63658125784859210E-01  3.53571828935480290E-03  5.02943944511812348E-05  1.23675278121606485E-07 -0.00000000000000000E+00 -0.00000000000000000E+00
  730.000000  8.87213994485651369E+02  8.71008824854073282E+02  1.52615361879880620E+01  9.40148232275878848E-01  3.43650147513270034E-03  4.85907239430163340E-05  1.19115143194939439E-07 -0.00000000000000000E+00 -0.00000000000000000E+00
  732.000000  8.74961332395080831E+02  8.59066850070728037E+02  1.49737806206357025E+01  9.17314091892106886E-01  3.34054574999126126E-03  4.69513342700089622E-05  1.14740666891874502E-07 -0.00000000000000000E+00 -0.00000000000000000E+00
  734.000000  8.62946944371164591E+02  8.47355266105153191E+02  1.46932517747830538E+01  8.95133278906506291E-01  3.24772822939663241E-03  4.53735486917426699E-05  1.10543561842888014E-07 -0.00000000000000000E+00 -0.00000000000000000E+00
  736.000000  8.51164849669731552E+02  8.35868336533172737E+02  1.44197270291664523E+01  8.73584214811238491E-01  3.15793125273970817E-03  4.38548126131807896E-05  1.06515943863286759E-07 -0.00000000000000000E+00 -0.00000000000000000E+00
  738.000000  8.39609252543542993E+02  8.24600501031863132E+02  1.41529918419155276E+01  8.52646132290575398E-01  3.07104213586247747E-03  4.23926875114760096E-05  1.02650310682796643E-07 -0.00000000000000000E+00 -0.00000000000000000E+00
  740.000000  8.28274535433801134E+02  8.13546368942968911E+02  1.38928394132093267E+01  8.32299040901484988E-01  2.98695293652635448E-03  4.09848451907350120E-05  9.89395218856211419E-08 -0.00000000000000000E+00 -0.00000000000000000E+00
  742.000000  8.17155252451639399E+02  8.02700713108722198E+02  1.36390703638738255E+01  8.12523694372166205E-01  2.90556023207759256E-03  3.96290623445703390E-05  9.53767799890509249E-08 -0.00000000000000000E+00 -0.00000000000000000E+00
  744.000000  8.06246123135762673E+02  7.92058463967164585E+02  1.33914924290840371E+01  7.93301559434493764E-01  2.82676490861817360E-03  3.83232154095066710E-05  9.19556125892295379E-08 -0.00000000000000000E+00 -0.00000000000000000E+00
  746.000000  7.95542026472828070E+02  7.81614703894437639E+02  1.31499201663732030E+01  7.74614786110731757E-01  2.75047196102765719E-03  3.70652756918179042E-05  8.86698555113369317E-08 -0.00000000000000000E+00 -0.00000000000000000E+00
  748.000000  7.85037995168244947E+02  7.71364661782535677E+02  1.29141746772076917E+01  7.56446179379796524E-01  2.67659030322709053E-03  3.58533047526001056E-05  8.55136369002968642E-08 -0.00000000000000000E+00 -0.00000000000000000E+00
  750.000000  7.74729210155289820E+02  7.61303707841203959E+02  1.26840833414142722E+01  7.38779172152154828E-01  2.60503258810727790E-03  3.46854500359483511E-05  8.24813622000420097E-08 -0.00000000000000000E+00 -0.00000000000000000E+00
  752.000000  7.64610995331427375E+02  7.51427348613588833E+02  1.24594795638067239E+01  7.21597799486745406E-01  2.53571503658630085E-03  3.35599407266106049E-05  7.95676999631908980E-08 -0.00000000000000000E+00 -0.00000000000000000E+00
  754.000000  7.54678812511132833E+02  7.41731222195642658E+02  1.22402025323767294E+01  7.04886673986841572E-01  2.46855727528593263E-03  3.24750838241877134E-05  7.67675684462070412E-08 -0.00000000000000000E+00 -0.00000000000000000E+00
  756.000000  7.44928256585116856E+02  7.32211093649817258E+02  1.20260969874652766E+01  6.88630962315353812E-01  2.40348218235428464E-03  3.14292604213412232E-05  7.40761229392993067E-08 -0.00000000000000000E+00 -0.00000000000000000E+00
  758.000000  7.35355050876436053E+02  7.22862850604154232E+02  1.18170130013566119E+01  6.72816362773420606E-01  2.34041574098597504E-03  3.04209221750810552E-05  7.14887437912513608E-08 -0.00000000000000000E+00 -0.00000000000000000E+00
  760.000000  7.25955042684288856E+02  7.13682499028147049E+02  1.16128057677635965E+01  6.57429083888996790E-01  2.27928690021844118E-03  2.94485879598216953E-05  6.90010250855847599E-08 -0.00000000000000000E+00 -0.00000000000000000E+00
  762.000000  7.16724199007017774E+02  7.04666159177443319E+02  1.14133354007170826E+01  6.42455823965381922E-01  2.22002744261062465E-03  2.85108406924584647E-05  6.66087639314896478E-08 -0.00000000000000000E+00 -0.00000000000000000E+00
  764.000000  7.07658602436057322E+02  6.95810061699640869E+02  1.12184667423836331E+01  6.27883751542103186E-01  2.16257185843077640E-03  2.76063243197633936E-05  6.43079503343448946E-08 -0.00000000000000000E+00 -0.00000000000000000E+00
  766.000000  6.98754447213117260E+02  6.87110543893963154E+02  1.10280691793692540E+01  6.13700486723251060E-01  2.10685722600250074E-03  2.67337409592331377E-05  6.20947576083806399E-08 -0.00000000000000000E+00 -0.00000000000000000E+00
  768.000000  6.90008035443224571E+02  6.78564046117885482E+02  1.08420164670967143E+01  5.99894083330786532E-01  2.05282309788124180E-03  2.58918481848911069E-05  5.99655333062524077E-08 -0.00000000000000000E+00 -0.00000000000000000E+00
  770.000000  6.81415773456619831E+02  6.70167108334160844E+02  1.06601865618504945E+01  5.86453011842594796E-01  2.00041139254756618E-03  2.50794564502621647E-05  5.79167906299886964E-08 -0.00000000000000000E+00 -0.00000000000000000E+00
  772.000000  6.72974168312900360E+02  6.61916366792034751E+02  1.04824614601251369E+01  5.73366143077210788E-01  1.94956629132780369E-03  2.42954266407479619E-05  5.59452002992451332E-08 -0.00000000000000000E+00 -0.00000000000000000E+00
  774.000000  6.64679824441045412E+02  6.53808550836685299E+02  1.03087270449153525E+01  5.60622732589167949E-01  1.90023414026393458E-03  2.35386677488390691E-05  5.40475828496951199E-08 -0.00000000000000000E+00 -0.00000000000000000E+00
  776.000000  6.56529440409405652E+02  6.45840479841335764E+02  1.01388729386168510E+01  5.48212405740855946E-01  1.85236335667383748E-03  2.28081346651510252E-05  5.22209013367999997E-08 -0.00000000000000000E+00 -0.00000000000000000E+00
  778.000000  6.48519805819868566E+02  6.38009060256601856E+02  9.97279236221974408E+00  5.36125143418486383E-01  1.80590434015651005E-03  2.21028260791904509E-05  5.04622544230330564E-08 -0.00000000000000000E+00 -0.00000000000000000E+00
  780.000000  6.40647798320805350E+02  6.30311282772013328E+02  9.81038200049130893E+00  5.24351268361527567E-01  1.76080938781088422E-03  2.14217824840525830E-05  4.87688698257250653E-08 -0.00000000000000000E+00 -0.00000000000000000E+00
  782.000000  6.32910380733683041E+02  6.22744219584901202E+02  9.65154187286946197E+00  5.12881432076616073E-01  1.71703261345086200E-03  2.07640842794151963E-05  4.71380981060519328E-08 -0.00000000000000000E+00 -0.00000000000000000E+00
  784.000000  6.25304598288377292E+02  6.15305021771990141E+02  9.49617520979079366E+00  5.01706602308286564E-01  1.67452987060946160E-03  2.01288499676188753E-05  4.55674067806158339E-08 -0.00000000000000000E+00 -0.00000000000000000E+00
  786.000000  6.17827575962533160E+02  6.07990916759322317E+02  9.34418833420249584E+00  4.90818051040472103E-01  1.63325867913888126E-03  1.95152344379814776E-05  4.40543747359865560E-08 -0.00000000000000000E+00 -0.00000000000000000E+00
  788.000000  6.10476515920566840E+02  6.00799205886371624E+02  9.19549054801197130E+00  4.80207343003972109E-01  1.59317815522212291E-03  1.89224273346196416E-05  4.25966869316124362E-08 -0.00000000000000000E+00 -0.00000000000000000E+00
  790.000000  6.03248695047948104E+02  5.93727262060245266E+02  9.04999402324830093E+00  4.69866324666295798E-01  1.55424894462352138E-03  1.83496515034156524E-05  4.11921293730174949E-08 -0.00000000000000000E+00 -0.00000000000000000E+00
  792.000000  5.96141462576913682E+02  5.86772527496358521E+02  8.90761369771425038E+00  4.59787113681689896E-01  1.51643315901375288E-03  1.77961615141276681E-05  3.98385843419661499E-08 -0.00000000000000000E+00 -0.00000000000000000E+00
  794.000000  5.89152237799611044E+02  5.79932511541815870E+02  8.76826717492369490E+00  4.49962088780033520E-01  1.47969431521493200E-03  1.72612422534212107E-05  3.85340258697521353E-08 -0.00000000000000000E+00 -0.00000000000000000E+00
  796.000000  5.82278507865083725E+02  5.73204788578120088E+02  8.63187462812767592E+00  4.40383880074523504E-01  1.44399727721939070E-03  1.67442075855947446E-05  3.72765154379567024E-08 -0.00000000000000000E+00 -0.00000000000000000E+00
  798.000000  5.75517825656639047E+02  5.66586995999961573E+02  8.49835870824418649E+00  4.31045359769095637E-01  1.40930820084383328E-03  1.62443990770211739E-05  3.60641978978569071E-08 -0.00000000000000000E+00 -0.00000000000000000E+00
  800.000000  5.68867807746108156E+02  5.60076832266790007E+02  8.36764445550996783E+00  4.21939633247240098E-01  1.37559448088754241E-03  1.57611847814565107E-05  3.48952975934562185E-08 -0.00000000000000000E+00 -0.00000000000000000E+00
  802.000000  5.62326132422051160E+02  5.53672055024405722E+02  8.23965921469329565E+00  4.13060030525177035E-01  1.34282470067152498E-03  1.52939580828033809E-05  3.37681146792578144E-08 -0.00000000000000000E+00 -0.00000000000000000E+00
  804.000000  5.55890537788742790E+02  5.47370479293586186E+02  8.11433255370236850E+00  4.04400098052850487E-01  1.31096858384104260E-03  1.48421365925608920E-05  3.26810216214991324E-08 -0.00000000000000000E+00 -0.00000000000000000E+00
  806.000000  5.49558819933034101E+02  5.41169975723005336E+02  7.99159618543965689E+00  3.95953590847150205E-01  1.27999694832038060E-03  1.44051610990854201E-05  3.16324598729916209E-08 -0.00000000000000000E+00 -0.00000000000000000E+00
  808.000000  5.43328831156384013E+02  5.35068468903906478E+02  7.87138389275722794E+00  3.87714464942572778E-01  1.24988166231534731E-03  1.39824945661361855E-05  3.06209367126222250E-08 -0.00000000000000000E+00 -0.00000000000000000E+00
  810.000000  5.37198478269467728E+02  5.29063935744076730E+02  7.75363145637724660E+00  3.79676870145213008E-01  1.22059560226380663E-03  1.35736211781575942E-05  2.96450222405516748E-08 -0.00000000000000000E+00 -0.00000000000000000E+00
  812.000000  5.31165720946725173E+02  5.23154403898641363E+02  7.63827658564577039E+00  3.71835143076617747E-01  1.19211261263983985E-03  1.31780454299185736E-05  2.87033465213094484E-08 -0.00000000000000000E+00 -0.00000000000000000E+00
  814.000000  5.25228570138559235E+02  5.17337950255517057E+02  7.52525885199398914E+00  3.64183800494769505E-01  1.16440746752257546E-03  1.27952912583902361E-05  2.77945968659846331E-08 -0.00000000000000000E+00 -0.00000000000000000E+00
  816.000000  5.19385086538854125E+02  5.11612699473326813E+02  7.41451962499460748E+00  3.56717532880053534E-01  1.13745583384504433E-03  1.24249012146901411E-05  2.69175152476679711E-08 -0.00000000000000000E+00 -0.00000000000000000E+00
  818.000000  5.13633379105603581E+02  5.05976822569693468E+02  7.30600201089260715E+00  3.49431198274582189E-01  1.11123423624256501E-03  1.20664356740915361E-05  2.60708958421228812E-08 -0.00000000000000000E+00 -0.00000000000000000E+00
  820.000000  5.07971603632585754E+02  5.00428535557962164E+02  7.19965079351054893E+00  3.42319816363909180E-01  1.08572002342502243E-03  1.17194720822702403E-05  2.52535826871610948E-08 -0.00000000000000000E+00 -0.00000000000000000E+00
  822.000000  5.02397961370088012E+02  4.94966098130469163E+02  7.09541237742347608E+00  3.35378562790631884E-01  1.06089133600071792E-03  1.13836042359314355E-05  2.44644674554392792E-08 -0.00000000000000000E+00 -0.00000000000000000E+00
  824.000000  4.96910697692676194E+02  4.89587812386462929E+02  6.99323473330371481E+00  3.28602763689803401E-01  1.03672707568311958E-03  1.10584415962286714E-05  2.37024873338698574E-08 -0.00000000000000000E+00 -0.00000000000000000E+00
  826.000000  4.91508100812357895E+02  4.84292021603121441E+02  6.89306734534861576E+00  3.21987890436763735E-01  1.01320687581609565E-03  1.07436086332462463E-05  2.29666230046674150E-08 -0.00000000000000000E+00 -0.00000000000000000E+00
  828.000000  4.86188500535184573E+02  4.79077109047814815E+02  6.79486116069821744E+00  3.15529554598178996E-01  9.90311073155680528E-04  1.04387442001461309E-05  2.22558967228039825E-08 -0.00000000000000000E+00 -0.00000000000000000E+00
  830.000000  4.80950267059808709E+02  4.73941496830218398E+02  6.69856854076134844E+00  3.09223503077732276E-01  9.68020680849904225E-04  1.01435009354623572E-05  2.15693704844612038E-08 -0.00000000000000000E+00 -0.00000000000000000E+00
  832.000000  4.75791809816198850E+02  4.68883644792568646E+02  6.60414321436868867E+00  3.03065613448112448E-01  9.46317362561231593E-04  9.85754469218261435E-06  2.09061442827846014E-08 -0.00000000000000000E+00 -0.00000000000000000E+00
  834.000000  4.70711576343179161E+02  4.63902049436813456E+02  6.51154023267718340E+00  2.97051889461540153E-01  9.25183407678801520E-04  9.58055399242825582E-06  2.02653544455616114E-08 -0.00000000000000000E+00 -0.00000000000000000E+00
  836.000000  4.65708051203118487E+02  4.58995242887062147E+02  6.42071592575188266E+00  2.91178456731199964E-01  9.04601707570277754E-04  9.31221950634837851E-06  1.96461720511483670E-08 -0.00000000000000000E+00 -0.00000000000000000E+00
  838.000000  4.60779754932632159E+02  4.54161791886273079E+02  6.33162786075827810E+00  2.85441558576596588E-01  8.84555732826248554E-04  9.05224355417307651E-06  1.90478014187556280E-08 -0.00000000000000000E+00 -0.00000000000000000E+00
  840.000000  4.55925243027582326E+02  4.49400296825541886E+02  6.24423480169416045E+00  2.79837552025743841E-01  8.65029511450779963E-04  8.80033963029771199E-06  1.84694786690481524E-08 -0.00000000000000000E+00 -0.00000000000000000E+00
  842.000000  4.51143104961421500E+02  4.44709390805101918E+02  6.15849667060138906E+00  2.74362903967895588E-01  8.46007607956353411E-04  8.55623194833251356E-06  1.79104703519845483E-08 -0.00000000000000000E+00 -0.00000000000000000E+00
  844.000000  4.46431963235529849E+02  4.40087738725754377E+02  6.07437451019658692E+00  2.69014187450510311E-01  8.27475103321513605E-04  8.31965500614541162E-06  1.73700721380054990E-08 -0.00000000000000000E+00 -0.00000000000000000E+00
  846.000000  4.41790472460245098E+02  4.35534036409491932E+02  5.99183044786211294E+00  2.63788078114443603E-01  8.09417575772895608E-04  8.09035316997466845E-06  1.68476075699082152E-08 -0.00000000000000000E+00 -0.00000000000000000E+00
  848.000000  4.37217318465648304E+02  4.31047009748440189E+02  5.91082766094129841E+00  2.58681350761782614E-01  7.91821082353880070E-04  7.86808027661526877E-06  1.63424268723556872E-08 -0.00000000000000000E+00 -0.00000000000000000E+00
  850.000000  4.32711217440812618E+02  4.26625413880880217E+02  5.83133034328716970E+00  2.53690876050821634E-01  7.74672141245498925E-04  7.65259925299769009E-06  1.58539058154536171E-08 -0.00000000000000000E+00 -0.00000000000000000E+00
  852.000000  4.28270915100697891E+02  4.22268032393592307E+02  5.75330367301452927E+00  2.48813617313095897E-01  7.57957714805722717E-04  7.44368175217150328E-06  1.53814446311410836E-08 -0.00000000000000000E+00 -0.00000000000000000E+00
  854.000000  4.23895185879472365E+02  4.17973676549355730E+02  5.67671378140368255E+00  2.44046627487400414E-01  7.41665193295240675E-04  7.24110780507463742E-06  1.49244669782570101E-08 -0.00000000000000000E+00 -0.00000000000000000E+00
  856.000000  4.19582832149428214E+02  4.13741184538819937E+02  5.60152772291498735E+00  2.39387046166166573E-01  7.25782379259409588E-04  7.04466548722423792E-06  1.44824189551149910E-08 -0.00000000000000000E+00 -0.00000000000000000E+00
  858.000000  4.15332683464523996E+02  4.09569420755831629E+02  5.52771344626484673E+00  2.34832096749593211E-01  7.10297472537669075E-04  6.85415059979217359E-06  1.40547681566229412E-08 -0.00000000000000000E+00 -0.00000000000000000E+00
  860.000000  4.11143595827732383E+02  4.05457275095438149E+02  5.45523976652765974E+00  2.30379083703317805E-01  6.95199055872981232E-04  6.66936636424073820E-06  1.36410027738079484E-08 -0.00000000000000000E+00 -0.00000000000000000E+00
  862.000000  4.07014450981232585E+02  4.01403662273657005E+02  5.38407633821546661E+00  2.26025389915342850E-01  6.80476081094420738E-04  6.49012313002371752E-06  1.32406307342679014E-08 -0.00000000000000000E+00 -0.00000000000000000E+00
  864.000000  4.02944155718725369E+02  3.97407521168326127E+02  5.31419362930371442E+00  2.21768474148401645E-01  6.66117855848947409E-04  6.31623809469965440E-06  1.28531788806797444E-08 -0.00000000000000000E+00 -0.00000000000000000E+00
  866.000000  3.98931641219028620E+02  3.93467814180237610E+02  5.24556289616310067E+00  2.17605868583896356E-01  6.52114030857889131E-04  6.14753503584145623E-06  1.24781921864995614E-08 -0.00000000000000000E+00 -0.00000000000000000E+00
  868.000000  3.94975862400302958E+02  3.89583526613939341E+02  5.17815615936283891E+00  2.13535176453837960E-01  6.38454587675739340E-04  5.98384405435432079E-06  1.21152330061248070E-08 -0.00000000000000000E+00 -0.00000000000000000E+00
  870.000000  3.91075797294031929E+02  3.85753666077371918E+02  5.11194618031055370E+00  2.09554069757302092E-01  6.25129826929531778E-04  5.82500132851890157E-06  1.17638803588024750E-08 -0.00000000000000000E+00 -0.00000000000000000E+00
  872.000000  3.87230446438205604E+02  3.81977261899817563E+02  5.04690643870024847E+00  2.05660287058080815E-01  6.12130357018499951E-04  5.67084887836610166E-06  1.14237292439422710E-08 -0.00000000000000000E+00 -0.00000000000000000E+00
  874.000000  3.83438832288915080E+02  3.78253364567412177E+02  4.98301111073065961E+00  2.01851631360371431E-01  5.99447083253755041E-04  5.52123433991675976E-06  1.10943899866464149E-08 -0.00000000000000000E+00 -0.00000000000000000E+00
  876.000000  3.79699998649873180E+02  3.74581045175757083E+02  4.92023504807304146E+00  1.98125968059480212E-01  5.87071197420179912E-04  5.37601074880864572E-06  1.07754876122789606E-08 -0.00000000000000000E+00 -0.00000000000000000E+00
  878.000000  3.76013010119072760E+02  3.70959394898885591E+02  4.85855375755182628E+00  1.94481222964598105E-01  5.74994167741692936E-04  5.23503633292177930E-06  1.04666612480981520E-08 -0.00000000000000000E+00 -0.00000000000000000E+00
  880.000000  3.72376951552141975E+02  3.67387524474163286E+02  4.79794338151669209E+00  1.90915380390898115E-01  5.63207729233595306E-04  5.09817431358530575E-06  1.01675635512755649E-08 -0.00000000000000000E+00 -0.00000000000000000E+00
  882.000000  3.68790927541708243E+02  3.63864563702467365E+02  4.73838067887762193E+00  1.87426481318256732E-01  5.51703874425338954E-04  4.96529271498272441E-06  9.87786016177405254E-09 -0.00000000000000000E+00 -0.00000000000000000E+00
  884.000000  3.65254061912303314E+02  3.60389660963206211E+02  4.67984300677723031E+00  1.84012621614061372E-01  5.40474844438138110E-04  4.83626418140731205E-06  9.59722917890235493E-09 -0.00000000000000000E+00 -0.00000000000000000E+00
  886.000000  3.61765497230275059E+02  3.56961982743666283E+02  4.62230830287955285E+00  1.80671950317672581E-01  5.29513120403095816E-04  4.71096580200338783E-06  9.32536066065540889E-09 -0.00000000000000000E+00 -0.00000000000000000E+00
  888.000000  3.58324394328119809E+02  3.53580713182131262E+02  4.56575506824822419E+00  1.77402667984138951E-01  5.18811415204974992E-04  4.58927894268445715E-06  9.06195614454335297E-09 -0.00000000000000000E+00 -0.00000000000000000E+00
  890.000000  3.54929931842893893E+02  3.50245053624451714E+02  4.51016235079586369E+00  1.74203025084989443E-01  5.08362665538741572E-04  4.47108908488432702E-06  8.80672818910234551E-09 -0.00000000000000000E+00 -0.00000000000000000E+00
  892.000000  3.51581305768069683E+02  3.46954222193455507E+02  4.45550972928097000E+00  1.71071320463877879E-01  4.98160024265561444E-04  4.35628567087266333E-06  8.55939993502598780E-09 -0.00000000000000000E+00 -0.00000000000000000E+00
  894.000000  3.48277729018524496E+02  3.43707453370911139E+02  4.40177729783352767E+00  1.68005899845066781E-01  4.88196853056178037E-04  4.24476195533262365E-06  8.31970468506089767E-09 -0.00000000000000000E+00 -0.00000000000000000E+00
  896.000000  3.45018431008164669E+02  3.40503997591564826E+02  4.34894565098957386E+00  1.65005154392733805E-01  4.78466715309689393E-04  4.13641486293667426E-06  8.08738550183860448E-09 -0.00000000000000000E+00 -0.00000000000000000E+00
  898.000000  3.41802657239727353E+02  3.37343120848816795E+02  4.29699586921495058E+00  1.62067519319211484E-01  4.68963369336642517E-04  4.03114485163554618E-06  7.86219482269802336E-09 -0.00000000000000000E+00 -0.00000000000000000E+00
  900.000000  3.38629668906478628E+02  3.34224104311773488E+02  4.24590950490331664E+00  1.59191472540350154E-01  4.59680761795574122E-04  3.92885578146988580E-06  7.64389409100145431E-09 -0.00000000000000000E+00 -0.00000000000000000E+00
