# Wavelength || Total || n=1 | n=2 | ...
  300.000000  2.82585342698085879E+03  2.06320348641579631E+03  4.16106214338755308E+02  3.10723817398328151E+02  2.40877596961382494E+01  1.09867528674943440E+01  5.71492757821839392E-01  1.66710725155455791E-01  7.19278136892627547E-03
  302.000000  2.97571867493503032E+03  2.17925478050289985E+03  4.36788131160380431E+02  3.22695393608451695E+02  2.49649359662417005E+01  1.12548548237368315E+01  5.84771233580981042E-01  1.68542487324757850E-01  7.26515241383760089E-03
  304.000000  3.13271633938667856E+03  2.30095944761054443E+03  4.58513991064859226E+02  3.35049336603057498E+02  2.58880577620153183E+01  1.15287902171767698E+01  5.98949819812679030E-01  1.70418247065878742E-01  7.34806214704876188E-03
  306.000000  3.29726809108982206E+03  2.42863578974430857E+03  4.81359197409075705E+02  3.47808567895728629E+02  2.68614299342383624E+01  1.18091933912876765E+01  6.14122622866897561E-01  1.72347633803366790E-01  7.44245851235175639E-03
  308.000000  3.46983091449789208E+03  2.56262637707106933E+03  5.05407392545370612E+02  3.60998156501685060E+02  2.78899347594514708E+01  1.20967656306768507E+01  6.30397329877382506E-01  1.74341219113687940E-01  7.54944064766105774E-03
  310.000000  3.65090078277711564E+03  2.70330016876831633E+03  5.30751647957275281E+02  3.74645569308438724E+02  2.89791321404540128E+01  1.23922858634992004E+01  6.47897732631691037E-01  1.76410718791266186E-01  7.67028770915919884E-03
  312.000000  3.84101685742337213E+03  2.85105485442031704E+03  5.57495884357396790E+02  3.88780969935822156E+02  3.01353820778996457E+01  1.26966240441665050E+01  6.66766843218149829E-01  1.78569249800998142E-01  7.80649475042525902E-03
  314.000000  4.04076631767344543E+03  3.00631944471194038E+03  5.85756578495369126E+02  4.03437578736802038E+02  3.13659954533960708E+01  1.30107580278905690E+01  6.87170770281695376E-01  1.80831660002169325E-01  7.95981776348258195E-03
  316.000000  4.25078995398870029E+03  3.16955714558290765E+03  6.15664830448786006E+02  4.18652110908618397E+02  3.26794211210646210E+01  1.33357950581512164E+01  7.09303582644085773E-01  1.83214955775711175E-01  8.13233075273696662E-03
  318.000000  4.47178869934992326E+03  3.34126855707377126E+03  6.47368888196906482E+02  4.34465315801711085E+02  3.40854800082752547E+01  1.36729994383929725E+01  7.33393468664551351E-01  1.85738863390875114E-01  8.32649881022180620E-03
  320.000000  4.70453132644458856E+03  3.52199524757770632E+03  6.81037257740148675E+02  4.50922649323814881E+02  3.55956607118864454E+01  1.40238286256600695E+01  7.59710616558251783E-01  1.88426576048425665E-01  8.54527276582740629E-03
  322.000000  4.94986361484242570E+03  3.71232376728664440E+03  7.16862570479336682E+02  4.68075124245608094E+02  3.72234964538556454E+01  1.43899809892405077E+01  7.88577411120656269E-01  1.91305763236809839E-01  8.79221338239494915E-03
  324.000000  5.20871940041296875E+03  3.91289018319853540E+03  7.55066440260817899E+02  4.85980402494645432E+02  3.89850510231451466E+01  1.47734600260653277E+01  8.20381795286719062E-01  1.94409957747306794E-01  9.07165672527523656E-03
  326.000000  5.48213407597405876E+03  4.12438524527955633E+03  7.95905628295101337E+02  5.04704222926288423E+02  4.08995527425330678E+01  1.51766622652613297E+01  8.55595029449356392E-01  1.97780497796008981E-01  9.38893807237096804E-03
  328.000000  5.77126134391368760E+03  4.34756033459717764E+03  8.39679957031803042E+02  5.24322303937334937E+02  4.29902326229656424E+01  1.56025000384554158E+01  8.94795681036501200E-01  2.01469303921768844E-01  9.75070099220215307E-03
  330.000000  6.07739437188106695E+03  4.58323440875121742E+03  8.86742592491485425E+02  5.44922933698722090E+02  4.52854491773579966E+01  1.60545768453430000E+01  9.38702639842432296E-01  2.05542943413451723E-01  1.01653336857698805E-02
  332.000000  6.40199304556994957E+03  4.83230226439649960E+03  9.37513577528751284E+02  5.66610581572272167E+02  4.78202239086054206E+01  1.65374442696892316E+01  9.88221555184236378E-01  2.10088737399466513E-01  1.06436015484542429E-02
  334.000000  6.74671987751413872E+03  5.09574461165054436E+03  9.92497892451382768E+02  5.89511069233450371E+02  5.06383792180478167E+01  1.70569892949318387E+01  1.04451185945944114E+00  2.15224212634483991E-01  1.11995936873204791E-02
  336.000000  7.11348855112303863E+03  5.37464075756742841E+03  1.05230992010653472E+03  6.13779199831500591E+02  5.37955851612563620E+01  1.76210374747286700E+01  1.10908655915044330E+00  2.21112228071328965E-01  1.18521943674936518E-02
  338.000000  7.50453148588659860E+03  5.67018522836222473E+03  1.11770712587922367E+03  6.39610399329357847E+02  5.73638245239245919E+01  1.82403276239925489E+01  1.18396656522391042E+00  2.27986123510914879E-01  1.26274791393692926E-02
  340.000000  7.92249698852710117E+03  5.98371057332141754E+03  1.18963723897719956E+03  6.67259170059372991E+02  6.14381645516251709E+01  1.89301545851357638E+01  1.27193080281947712E+00  2.36193387520404446E-01  1.35628420108601447E-02
  342.000000  8.37059370409846633E+03  6.31671982193938584E+03  1.26930556219055666E+03  6.97069637604849277E+02  6.61474740620461574E+01  1.97132731196729978E+01  1.37694527486248841E+00  2.46275318096630141E-01  1.47145889955252619E-02
  344.000000  8.85281001241110062E+03  6.67093097446937463E+03  1.35827245514973902E+03  7.29528727614444165E+02  7.16723058021742645E+01  2.06253086404159092E+01  1.50494736726873302E+00  2.59120435996020859E-01  1.61729316869662736E-02
  346.000000  9.37423549746616300E+03  7.04831500642649280E+03  1.45859393445880255E+03  7.65364808173749452E+02  7.82766534970374863E+01  2.17253875312329754E+01  1.66533774871869777E+00  2.76276447570826866E-01  1.80931825577991812E-02
  348.000000  9.94146793105856887E+03  7.45102490057553041E+03  1.57301669640555156E+03  8.05746506148916865E+02  8.63676126894293645E+01  2.31174990279314052E+01  1.87332237151487058E+00  3.00655745498453586E-01  2.07380941964819612E-02
  350.000000  1.05630948129617227E+04  7.88102894623002885E+03  1.70525009741701683E+03  8.52718955407771773E+02  9.65988800238013710E+01  2.49859608696615325E+01  2.14975810890291763E+00  3.37962145394070324E-01  2.42527591478111267E-02
  352.000000  1.12504206606733442E+04  8.33935796671603930E+03  1.86041934037524834E+03  9.10219569234659843E+02  1.09887295269980143E+02  2.75950933178297504E+01  2.52052839568747045E+00  3.92249339051146895E-01  2.86180248469333730E-02
  354.000000  1.20195738618460873E+04  8.82544163965104053E+03  2.04588198015089120E+03  9.86381720972479116E+02  1.27119450235162077E+02  3.12459417585939150E+01  3.01378260437224466E+00  4.54844197837931563E-01  3.45022757093406060E-02
  356.000000  1.29029587306040648E+04  9.34291811487218729E+03  2.27331399510575784E+03  1.09456220518810414E+03  1.50757290930065381E+02  3.70825093131134622E+01  3.72825867425333968E+00  5.52819284207514694E-01  4.35372363771285645E-02
  358.000000  1.39055627343036758E+04  9.87870558819280268E+03  2.56122062441642038E+03  1.23160714945608356E+03  1.83053580683520835E+02  4.54698992262271915E+01  4.73492633595872903E+00  7.14423906508328210E-01  5.65420861509039890E-02
  360.000000  1.49515964035336783E+04  1.04201933509281989E+04  2.94321998521369278E+03  1.31722620395235344E+03  2.14962674953259210E+02  4.96431120243647683E+01  5.49428288661627739E+00  7.92292264454272921E-01  6.45013107367788524E-02
  362.000000  1.61362281441713258E+04  1.10201824146863783E+04  3.47371455189670996E+03  1.34318753303866129E+03  2.45100480210876924E+02  4.74597927201925387E+01  5.79858390440792082E+00  7.21259863426891412E-01  6.35278506728644971E-02
  364.000000  1.76955468979831639E+04  1.16953054128451367E+04  4.24063945781067196E+03  1.40963178628305627E+03  2.95999419497496092E+02  4.66572518626604236E+01  6.58202191688041260E+00  6.64004661923242701E-01  6.75431053341626758E-02
  366.000000  1.98312764395500308E+04  1.24254515057328481E+04  5.40752526092121843E+03  1.55425834288731812E+03  3.85007062456588812E+02  4.99574043679533020E+01  8.31648600854496856E+00  6.78308826090667005E-01  8.20683494721366619E-02
  368.000000  2.28457876322819830E+04  1.31803380535122615E+04  7.24886082358181920E+03  1.81184066440656670E+03  5.34063812237495767E+02  5.83959601306501881E+01  1.14049864732155992E+01  7.73231719635014247E-01  1.10100220342091326E-01
  370.000000  2.70400159039343671E+04  1.38975228917453132E+04  1.00311647390652433E+04  2.24836674774645599E+03  7.71134260035905754E+02  7.42695727762893085E+01  1.64271325081636590E+01  9.73982144521361448E-01  1.56577912475785064E-01
  372.000000  3.17869608802919502E+04  1.46021100574474822E+04  1.31343410003551217E+04  2.85774849947085568E+03  1.07038693256959641E+03  9.78867088113017019E+01  2.29835287636747942E+01  1.28604556117617919E+00  2.18107312742166631E-01
  374.000000  3.43685361497210542E+04  1.55230130152935126E+04  1.41401697631328825E+04  3.32315359807453524E+03  1.23570851604245627E+03  1.17716831160703649E+02  2.69580872519403343E+01  1.56007722068936916E+00  2.56261544338731551E-01
  376.000000  3.28926624760920240E+04  1.64711162860194818E+04  1.20045859168084135E+04  3.20461366709118602E+03  1.07495747129099595E+03  1.12164600551026211E+02  2.35280082851908858E+01  1.47362554873547147E+00  2.22900496990075969E-01
  378.000000  2.97681166009407607E+04  1.73103500217815890E+04  8.97702281186273467E+03  2.61709076922409076E+03  7.62115376311643217E+02  8.39578750225590653E+01  1.63721901903052007E+01  1.05445388034553766E+00  1.53102667497844180E-01
  380.000000  2.77779098722294038E+04  1.82386064450549675E+04  6.80276496489187139E+03  2.14599986145112143E+03  5.18287846562888831E+02  6.06983396227919627E+01  1.07447019277446270E+01  7.09256977034771419E-01  9.84557409838756475E-02
  382.000000  2.71515045553173659E+04  1.92917662635671477E+04  5.53134651525207755E+03  1.90416173597565330E+03  3.68454024871326510E+02  4.79101599672179788E+01  7.28310091127475001E+00  5.17721740257396257E-01  6.50330324125452108E-02
  384.000000  2.73954738905389931E+04  2.04421212600576582E+04  4.82556295684448924E+03  1.80127291311060526E+03  2.79427664761792016E+02  4.14055160589571543E+01  5.22097816051361185E+00  4.17384180693460727E-01  4.52173642840248899E-02
  386.000000  2.81550769448937790E+04  2.16707134079724528E+04  4.44503508330823297E+03  1.77157214844853593E+03  2.25270522519438515E+02  3.81329226063511300E+01  3.95637978119369738E+00  3.63379722603071886E-01  3.31005349725375236E-02
  388.000000  2.92346186350607277E+04  2.29670340286844730E+04  4.25455100174076870E+03  1.78174139894897598E+03  1.91223990829019357E+02  3.65609681307382246E+01  3.14847525758551061E+00  3.33407847533404300E-01  2.53636216329421009E-02
  390.000000  3.05262319812032147E+04  2.43236115316019204E+04  4.17936740659898624E+03  1.81516404863688103E+03  1.69202867817680158E+02  3.59374210454326501E+01  2.61187240505641238E+00  3.16619420448997102E-01  2.02136768072420300E-02
  392.000000  3.19657364431664137E+04  2.57331007325919600E+04  4.17647433936629659E+03  1.86306166154960374E+03  1.54658102156667269E+02  3.58742911990415863E+01  2.24317752472691767E+00  3.07481344746950325E-01  1.66574333711173930E-02
  394.000000  3.35101979743627890E+04  2.71868500176624184E+04  4.21956475370706357E+03  1.92041090112841084E+03  1.44914701236814011E+02  3.61581974179714152E+01  1.98228543800649559E+00  3.02996162568281324E-01  1.41216095467087237E-02
  396.000000  3.51266567325500291E+04  2.86741640970147673E+04  4.29134185433200219E+03  1.98405914247124224E+03  1.38321621484175779E+02  3.66636338464612663E+01  1.79268325684737562E+00  3.01439283511381106E-01  1.22608610227814222E-02
  398.000000  3.67863546378136671E+04  3.01819489900037443E+04  4.37950354270410207E+03  2.05181793503261997E+03  1.33808760759891044E+02  3.73115605924156526E+01  1.65123046223246983E+00  3.01759662182476407E-01  1.08585964827945421E-02
  400.000000  3.84618035835822957E+04  3.16946422424440498E+04  4.47459948070903374E+03  2.12200878895525921E+03  1.30648689364122504E+02  3.80486543838741511E+01  1.54267323635849984E+00  3.03280572071867816E-01  9.77391752946498750E-03
  402.000000  4.01254645378853093E+04  3.31944155684430516E+04  4.56888540479451876E+03  2.19323145756237182E+03  1.28324580893520164E+02  3.88364762524415781E+01  1.45659468397477321E+00  3.05543095618998672E-01  8.91215981041296353E-03
  404.000000  4.17494509199964232E+04  3.46616589671496040E+04  4.65573926359261077E+03  2.26424950448594564E+03  1.26455425983365629E+02  3.96456643576141872E+01  1.38566540439069730E+00  3.08221061521466444E-01  8.20796136240936614E-03
  406.000000  4.33059447753007989E+04  3.60757425976626255E+04  4.72941099807148839E+03  2.33394172982648342E+03  1.24753346521243003E+02  4.04528005752062043E+01  1.32461396468346004E+00  3.11073452356890601E-01  7.61522671777312577E-03
  408.000000  4.47681134984893506E+04  3.74160179891605003E+04  4.78497504157982075E+03  2.40129167924730791E+03  1.22999414809314857E+02  4.12387471110327581E+01  1.26960838528933562E+00  3.13917184222561541E-01  7.10101186902561445E-03
  410.000000  4.61113305007136296E+04  3.86629739878224209E+04  4.81839951858686709E+03  2.46539788443788120E+03  1.21030191450002960E+02  4.19877886811865650E+01  1.21787688558075446E+00  3.16611153788681376E-01  6.64169590388457697E-03
  412.000000  4.73144874181642808E+04  3.97994180042509252E+04  4.82666707818584655E+03  2.52549219845183825E+03  1.18730220045290167E+02  4.26871822509391592E+01  1.16746804427516881E+00  3.19046427889846385E-01  6.22050727650630582E-03
  414.000000  4.83611733046568697E+04  4.08115243496003241E+04  4.80789439261607458E+03  2.58095623729249655E+03  1.16027408343960644E+02  4.33268611963454688E+01  1.11709018015546868E+00  3.21139571110337640E-01  5.82585640873110270E-03
  416.000000  4.92405114076911486E+04  4.16895916062783290E+04  4.76140873823612765E+03  2.63132835396486598E+03  1.12889303953512908E+02  4.38991345091650231E+01  1.06599324744998247E+00  3.22827354670156330E-01  5.45014703284296947E-03
  418.000000  4.99474972376140286E+04  4.24283860058776991E+04  4.68775431335875146E+03  2.67629652065597429E+03  1.09319079691753799E+02  4.43982955285037590E+01  1.01387171270670384E+00  3.24061915665276257E-01  5.08887297734614795E-03
  420.000000  5.04827682208716215E+04  4.30270131134548064E+04  4.58861797315891090E+03  2.71567598496079427E+03  1.05350707302803897E+02  4.48201187340440370E+01  9.60777340633670263E-01  3.24806027257182439E-01  4.73989237349119012E-03
  422.000000  5.08518374250502820E+04  4.34883410769227557E+04  4.46668118389532174E+03  2.74937409282246972E+03  1.01043325869851259E+02  4.51612761910939184E+01  9.07037965991037476E-01  3.25028557603268153E-01  4.40282518514728809E-03
  424.000000  5.10639171183345607E+04  4.38180754521466806E+04  4.32541827655090037E+03  2.77734753179845757E+03  9.64751543829826943E+01  4.54187419313796710E+01  8.53182526559982723E-01  3.24700446977222723E-01  4.07855062154146263E-03
  426.000000  5.11305203267288598E+04  4.40236405220130982E+04  4.16886683196342346E+03  2.79955886896490301E+03  9.17374008274859989E+01  4.55892686537386567E+01  7.99873891165612916E-01  3.23791622669217682E-01  3.76879237550653903E-03
  428.000000  5.10640483492965795E+04  4.41130458484075643E+04  4.00139202196236329E+03  2.81593941590243003E+03  8.69284521110483155E+01  4.56690165093289338E+01  7.47849407895014862E-01  3.22269221338416900E-01  3.47577461086993975E-03
  430.000000  5.08765505891746652E+04  4.40939103980307409E+04  3.82745310423704586E+03  2.82636431686230753E+03  8.21482130673474842E+01  4.56533926256740727E+01  6.97865097895429276E-01  3.20097339412034554E-01  3.20191424589036985E-03
  432.000000  5.05787915370015107E+04  4.39727867945373291E+04  3.65136112038846022E+03  2.83064373700782608E+03  7.74919335573817563E+01  4.55371290961161890E+01  6.50634586776186352E-01  3.17238333207449541E-01  2.94949441754069168E-03
  434.000000  5.01796943145868718E+04  4.37548790976827586E+04  3.47700338676621413E+03  2.82853153124301298E+03  7.30425783402849191E+01  4.53145927733860177E+01  6.06752035883231677E-01  3.13655484919840466E-01  2.72026042008157625E-03
  436.000000  4.96861658076392559E+04  4.34441727672437337E+04  3.30752292645641637E+03  2.81975000404307502E+03  6.88613957200515756E+01  4.49802864500022608E+01  5.66596132971891930E-01  3.09316666595372325E-01  2.51492640804727371E-03
  438.000000  4.91032558224293389E+04  4.30438862066380316E+04  3.14499857535928368E+03  2.80402642253699787E+03  6.49783814944918134E+01  4.45294703906811336E+01  5.30234819210622987E-01  3.04198488492971153E-01  2.33270215051556255E-03
  440.000000  4.84345678137857612E+04  4.25570326505240373E+04  2.99025703567368873E+03  2.78113434532934480E+03  6.13871307360452434E+01  4.39588106604255273E+01  4.97379433890390410E-01  2.98290333665736929E-01  2.17109465674047292E-03
  442.000000  4.76828230105560287E+04  4.19868363481452325E+04  2.84297737465815635E+03  2.75093198519728821E+03  5.80492802443274769E+01  4.32669566748881067E+01  4.67441689719540199E-01  2.91597697357419749E-01  2.02624905681522737E-03
  444.000000  4.68504802660631176E+04  4.13368692304826836E+04  2.70212880490510861E+03  2.71339202518672391E+03  5.49094953374125581E+01  4.24549730930591878E+01  4.39698834310476738E-01  2.84144393605820056E-01  1.89383021490959359E-03
  446.000000  4.59403247109807417E+04  4.06110061827572790E+04  2.56656448106474136E+03  2.66862144594304482E+03  5.19147704428621637E+01  4.15265906792490824E+01  4.13496621144604837E-01  2.75973413018802183E-01  1.77005941279926118E-03
  448.000000  4.49559545124975848E+04  3.98134225774277584E+04  2.43548525241450034E+03  2.61687258193716252E+03  4.90286398577265814E+01  4.04882714247185618E+01  3.88390634122247558E-01  2.67146406650922708E-01  1.65239493905064623E-03
  450.000000  4.39021159276960461E+04  3.89487575588362379E+04  2.30860454209395584E+03  2.55854608522754506E+03  4.62351908450171365E+01  3.93490926985342639E+01  3.64176489400284242E-01  2.57741879424670139E-01  1.53962593741219385E-03
  452.000000  4.27848622811245441E+04  3.80223769691458219E+04  2.18605514631488222E+03  2.49418485782994458E+03  4.35347326105286072E+01  3.81204578577109885E+01  3.40833580736558894E-01  2.47852252710192927E-01  1.43153220991440282E-03
  454.000000  4.16115390677247706E+04  3.70405833808294192E+04  2.06818834945979825E+03  2.42445801578619376E+03  4.09363203105243230E+01  3.68156532205786036E+01  3.18439649942559189E-01  2.37580052664591840E-01  1.32841565241365229E-03
  456.000000  4.03906197224681164E+04  3.60106670568894770E+04  1.95539108930547673E+03  2.35013567340981217E+03  3.84512478683564964E+01  3.54492914725322024E+01  2.97099221049982321E-01  2.27033579880691783E-01  1.23072153131789631E-03
  458.000000  3.91314311318264372E+04  3.49407813595766565E+04  1.84797242906757197E+03  2.27205722635689563E+03  3.60890577206513541E+01  3.40366970836135039E+01  2.76900737077652059E-01  2.16322466359200299E-01  1.13881760935224952E-03
  460.000000  3.78438140229572673E+04  3.38396872138024264E+04  1.74611639545328467E+03  2.19109677066539007E+03  3.38558449879056127E+01  3.25932928977382161E+01  2.57898739855493275E-01  2.05553505208536297E-01  1.05290546323709888E-03
  462.000000  3.65377621516491490E+04  3.27164305128583983E+04  1.64987842612304712E+03  2.10812922661698849E+03  3.17540347456854732E+01  3.11340395357437103E+01  2.40111697396818036E-01  1.94827059810576297E-01  9.73012073811367053E-04
  464.000000  3.52230776986701167E+04  3.15800096316452982E+04  1.55920353730968191E+03  2.02400002101491100E+03  2.97828829823049013E+01  2.96729651442482201E+01  2.23527304868194832E-01  1.84234250319984638E-01  8.99018476775550156E-04
  466.000000  3.39090706776585284E+04  3.04390739688485301E+04  1.47395167874609865E+03  1.93950021057242338E+03  2.79392168607246845E+01  2.82228068064369708E+01  2.08110122724099456E-01  1.73855002507512207E-01  8.30699088489304056E-04
  468.000000  3.26043195409110267E+04  2.93016777318199202E+04  1.39392257871250149E+03  1.85534796364788440E+03  2.62181632443582409E+01  2.67947698189704759E+01  1.93808962943858076E-01  1.63756945640908091E-01  7.67758812253890562E-04
  470.000000  3.13165002332814220E+04  2.81750994373285866E+04  1.31887686472569931E+03  1.77217650114502794E+03  2.46137632249528444E+01  2.53983989079891330E+01  1.80563013467562816E-01  1.53995072537242067E-01  7.09863161709791855E-04
  472.000000  3.00522828112528405E+04  2.70657275770651868E+04  1.24855266957829463E+03  1.69052799337018678E+03  2.31194489549649447E+01  2.40415470912531539E+01  1.68306503000811986E-01  1.44612029256795810E-01  6.56660702322360850E-04
  474.000000  2.88172889378292493E+04  2.59790063352539182E+04  1.18267803835541577E+03  1.61085252828285911E+03  2.17283939355295956E+01  2.27304232649220772E+01  1.56972055747885531E-01  1.35638882079742784E-01  6.07798778575668994E-04
  476.000000  2.76161001053404761E+04  2.49194315684886278E+04  1.12097984271612313E+03  1.53351108424653808E+03  2.04337596045099374E+01  2.14696981475125206E+01  1.46492992987103332E-01  1.27096210225273148E-01  5.62933954709100024E-04
  478.000000  2.64523050082751543E+04  2.38905858007777679E+04  1.06318995941632693E+03  1.45878141492456689E+03  1.92288620564198247E+01  2.02626491354870808E+01  1.36804838224668074E-01  1.18995387824843091E-01  5.21738535386220598E-04
  480.000000  2.53285745969403542E+04  2.28952010995753953E+04  1.00904938340050694E+03  1.38686583724557590E+03  1.81072795730051830E+01  1.91113270566287312E+01  1.27846243200265441E-01  1.11339941748822141E-01  4.83904293727421245E-04
  482.000000  2.42467544679086532E+04  2.19352398034666330E+04  9.58310820111747375E+02  1.31790006033862437E+03  1.70629174523293123E+01  1.80167309925275596E+01  1.19559504620050647E-01  1.04126897900915283E-01  4.49144270986742114E-04
  484.000000  2.32079659246170959E+04  2.10119846985263830E+04  9.10740179406366337E+02  1.25196236725488166E+03  1.60900426853075729E+01  1.69789806983804041E+01  1.11890798628203669E-01  9.73480538700404741E-02  4.17193282622184229E-04
  486.000000  2.22127089097776770E+04  2.01261320382441627E+04  8.66117289688354163E+02  1.18908263562337993E+03  1.51832977650603915E+01  1.59974792856601518E+01  1.04790225363212294E-01  9.09911381136662145E-02  3.87807584141859445E-04
  488.000000  2.12609618213572248E+04  1.92778825363386386E+04  8.24236068392435413E+02  1.12925084139554588E+03  1.43377003737084525E+01  1.50710615293516152E+01  9.82117294701167209E-02  8.50408340613054842E-02  3.60764014102722805E-04
  490.000000  2.03522748274884761E+04  1.84670269953456191E+04  7.84904321700091714E+02  1.07242482287220423E+03  1.35486337811036570E+01  1.41981253263066236E+01  9.21129428726175231E-02  7.94796614448544797E-02  3.35858832757844801E-04
  492.000000  1.94858546231903529E+04  1.76930245033010833E+04  7.47943298893454994E+02  1.01853718754200690E+03  1.28118313836063944E+01  1.33767454647682520E+01  8.64549819377037759E-02  7.42887170946314734E-02  3.12906404358966560E-04
  494.000000  1.86606396088324509E+04  1.69550721242125401E+04  7.13187091563855120E+02  9.67501323003310745E+02  1.21233577890763122E+01  1.26047700208313991E+01  8.12022210354491625E-02  6.94482839806010999E-02  2.91737821548018446E-04
  496.000000  1.78753652365910057E+04  1.62521657447757643E+04  6.80481942021461350E+02  9.19216528643269953E+02  1.14795881179201924E+01  1.18799004546099418E+01  7.63220573228641924E-02  6.49383211203903576E-02  2.72199535761963860E-04
  498.000000  1.71286198043061304E+04  1.55831522557425687E+04  6.49685506335620630E+02  8.73572320965125186E+02  1.08771866628574649E+01  1.11997569225921545E+01  7.17846765366242784E-02  6.07388487944547639E-02  2.54152033769673258E-04
  500.000000  1.64188913201398645E+04  1.49467735830029269E+04  6.20666103656968858E+02  8.30451986733817535E+02  1.03130856744246859E+01  1.05619305331854054E+01  6.75628260564367644E-02  5.68302438972173446E-02  2.37468584182380052E-04
  502.000000  1.57446062595036947E+04  1.43417032815249677E+04  5.93301973472196096E+02  7.89735468322123893E+02  9.78446477292594174E+00  9.96402431865977078E+00  6.36315990576464680E-02  5.31934596961151293E-02  2.22034066774032940E-04
  504.000000  1.51041611264263393E+04  1.37665765010619798E+04  5.67480555212047420E+02  7.51301668059378812E+02  9.28873129978815371E+00  9.40368463422128187E+00  5.99682318920164922E-02  4.98101831427138417E-02  2.07743890105898635E-04
  506.000000  1.44959477470100865E+04  1.32200141562349982E+04  5.43097799428653047E+02  7.15030255630067700E+02  8.82350178982043687E+00  8.87862456639949471E+00  5.65519156942074983E-02  4.66629414558703409E-02  1.94502998149467609E-04
  508.000000  1.39183731884181088E+04  1.27006421092999699E+04  5.20057516036626680E+02  6.80803056641621197E+02  8.38658465476955506E+00  8.38664076954292170E+00  5.33636224484315552E-02  4.37351681678017287E-02  1.82224963552009972E-04
  510.000000  1.33698751322881762E+04  1.22071061198823318E+04  4.98270762472436729E+02  6.48505092840689599E+02  7.97596410625154029E+00  7.92562497273703848E+00  5.03859452516601317E-02  4.10112373155564688E-02  1.70831163339093151E-04
  512.000000  1.28489334507259664E+04  1.17380832456152202E+04  4.77655272776452080E+02  6.18025336130354162E+02  7.58978530435633836E+00  7.49357122430494282E+00  4.76029521962025165E-02  3.84764730494738250E-02  1.60250031812701499E-04
  514.000000  1.23540786460043037E+04  1.12922903003877054E+04  4.58134927327924061E+02  5.89257230211359456E+02  7.22634069104215904E+00  7.08857977611973133E+00  4.50000531090815128E-02  3.61171406582041846E-02  1.50416384915757448E-04
  516.000000  1.18838977283582681E+04  1.08684898991034770E+04  4.39639262106257718E+02  5.62099025764828070E+02  6.88405745056228913E+00  6.70885836015168469E+00  4.25638782879106600E-02  3.39204238938220146E-02  1.41270810206434638E-04
  518.000000  1.14370380239882652E+04  1.04654945435069239E+04  4.22103015798053775E+02  5.36453967856599888E+02  6.56148602953083504E+00  6.35272147718576274E+00  4.02821683346767864E-02  3.18743925219809252E-02  1.32759116691018184E-04
  520.000000  1.10122093299353364E+04  1.00821691350961592E+04  4.05465712733049941E+02  5.12230367789395132E+02  6.25728964463801773E+00  6.01858820285349072E+00  3.81436741902682272E-02  2.99679632127036397E-02  1.24831839012883337E-04
  522.000000  1.06081847649772608E+04  9.71743223955015856E+03  3.89671279450874067E+02  4.89341585986594168E+02  5.97023470486379537E+00  5.70497891826390191E+00  3.61380664992740075E-02  2.81908562136861940E-02  1.17443790827166929E-04
  524.000000  1.02238006064510955E+04  9.37025637286051642E+03  3.74667692629302337E+02  4.67705947638010286E+02  5.69918207619527450E+00  5.41051129023581723E+00  3.42558534772305565E-02  2.65335496941686289E-02  1.10553662564900050E-04
  526.000000  9.85795535166909031E+03  9.03966753230380891E+03  3.60406656109342237E+02  4.47246608715355705E+02  5.44307911950470658E+00  5.13389575771905982E+00  3.24883065039872007E-02  2.49872331970406036E-02  1.04123659179149815E-04
  528.000000  9.50960819883458680E+03  8.72474415509049686E+03  3.46843304808696075E+02  4.27891386501722195E+02  5.20095243581995792E+00  4.87393072468321975E+00  3.08273927226657314E-02  2.35437612743092488E-02  9.81191738516314690E-05
  530.000000  9.17777710537467101E+03  8.42461565337085085E+03  3.33935933405411674E+02  4.09572565896705555E+02  4.97190125731713461E+00  4.62949761382126912E+00  2.92657139806586815E-02  2.21956080920219859E-02  9.25084940096374128E-05
  532.000000  8.86153655060061828E+03  8.13846064557520549E+03  3.21645747784258049E+02  3.92226690378605440E+02  4.75509142668960294E+00  4.39955589825487259E+00  2.77964515052424137E-02  2.09358235624716657E-02  8.72625363541075500E-05
  534.000000  8.56001510382994275E+03  7.86550498014178265E+03  3.09936637361103976E+02  3.75794344554768600E+02  4.54974991192759592E+00  4.18313819860726266E+00  2.64133157601961453E-02  1.97579913830214955E-02  8.23546079254582693E-05
  536.000000  8.27239287780848281E+03  7.60501962786980675E+03  2.98774966527940592E+02  3.60219933643460308E+02  4.35515980782198309E+00  3.97934550906080897E+00  2.51105009806419470E-02  1.86561892227608203E-02  7.77601905343121107E-05
  538.000000  7.99789892979691012E+03  7.35631850283207405E+03  2.88129383589207976E+02  3.45451463946874355E+02  4.17065577962471146E+00  3.78734259725856592E+00  2.38826439307916194E-02  1.76249511925744388E-02  7.34567461581073970E-05
  540.000000  7.73580865843078755E+03  7.11875625844294882E+03  2.77970645685210854E+02  3.31440327343554031E+02  3.99561990818526436E+00  3.60635360821981887E+00  2.27247864729833611E-02  1.66592326545392071E-02  6.94235411534668210E-05
  542.000000  7.48544123289993786E+03  6.89172609442499652E+03  2.68271458318745090E+02  3.18141092005193059E+02  3.82947789952811757E+00  3.43565789104295272E+00  2.16323415766070358E-02  1.57543773674528216E-02  6.56414873591050892E-05
  544.000000  7.24615708167167031E+03  6.67465760164003859E+03  2.59006328215241240E+02  3.05511300890400321E+02  3.67169562521006121E+00  3.27458605842605310E+00  2.06010624321213108E-02  1.49060869223988316E-02  6.20929983660670377E-05
  546.000000  7.01735546051040910E+03  6.46701466468781655E+03  2.50151428353955566E+02  2.93511279054695251E+02  3.52177596290986950E+00  3.12251628241172918E+00  1.96270143686400472E-02  1.41103923919811969E-02  5.87618594140492526E-05
  548.000000  6.79847211359958237E+03  6.26829343653104115E+03  2.41684474107840714E+02  2.82103950415801705E+02  3.37925590956264577E+00  2.97887082482705479E+00  1.87065493036748902E-02  1.33636280963916505E-02  5.56331095351520337E-05
  550.000000  6.58897703687107150E+03  6.07802039492233325E+03  2.33584609522451359E+02  2.71254664304257858E+02  3.24370394195238543E+00  2.84311279728579835E+00  1.78362824808677017E-02  1.26624073765093555E-02  5.26929347121532279E-05
  552.000000  6.38837234896026621E+03  5.89575048687180697E+03  2.25832302849726517E+02  2.60931031893507736E+02  3.11471760205930925E+00  2.71474314306203901E+00  1.70130712759855758E-02  1.20036002569678391E-02  4.99285709482153353E-05
  554.000000  6.19619027234621990E+03  5.72106536463353041E+03  2.18409250531186530E+02  2.51102772426519721E+02  2.99192128661163759E+00  2.59329783140284320E+00  1.62339958735888308E-02  1.13843128791343961E-02  4.73282162613735329E-05
  556.000000  6.01199122504208754E+03  5.55357171455237039E+03  2.11298288897161115E+02  2.41741569025397837E+02  2.87496422225194825E+00  2.47834525373590164E+00  1.54963416365654378E-02  1.08018685841024045E-02  4.48809507205377679E-05
  558.000000  5.83536202153960403E+03  5.39289967847825847E+03  2.04483312914462800E+02  2.32820933776586656E+02  2.76351860949795025E+00  2.36948381059739122E+00  1.47975830085405238E-02  1.02537905282177599E-02  4.25766637322787131E-05
  560.000000  5.66591418048324249E+03  5.23870136622997416E+03  1.97949201375101865E+02  2.24316081719537181E+02  2.65727792027880616E+00  2.26633967784112755E+00  1.41353688051712931E-02  9.73778571767828192E-03  4.04059878699535065E-05
  562.000000  5.50328233566060044E+03  5.09064945668739801E+03  1.91681747973384006E+02  2.16203813324484827E+02  2.55595533527973906E+00  2.16856474069744598E+00  1.35075087646494979E-02  9.25173035382940816E-03  3.83602386104058669E-05
  564.000000  5.34712274627602073E+03  4.94843588444520537E+03  1.85667597768563041E+02  2.08462405020179631E+02  2.45928230863002328E+00  2.07583468445554908E+00  1.29119612406248356E-02  8.79365638652888047E-03  3.64313594088187573E-05
  566.000000  5.19711190206792799E+03  4.81177060851890110E+03  1.79894188575467439E+02  2.01071507321033522E+02  2.36700724865166423E+00  1.98784723089113013E+00  1.23468219322777854E-02  8.36173917907523379E-03  3.46118716008366890E-05
  568.000000  5.05294521859342331E+03  4.68038045931556371E+03  1.74349696866818533E+02  1.94012050102005048E+02  2.27889430444934549E+00  1.90432051000725178E+00  1.18103135566413695E-02  7.95428619446489349E-03  3.28948286733028362E-05
  570.000000  4.91433581788507672E+03  4.55400805991840843E+03  1.69022987808088260E+02  1.87266154575562382E+02  2.19472224908385805E+00  1.82499155716272798E+00  1.13007763775275234E-02  7.56972661897994861E-03  3.12737744914223944E-05
  572.000000  4.78101338967960055E+03  4.43241081768126969E+03  1.63903569079985118E+02  1.80817051537135455E+02  2.11428345093540182E+00  1.74961492621077963E+00  1.08166595137789805E-02  7.20660184523072653E-03  2.97427051118496057E-05
  574.000000  4.65272312846802561E+03  4.31535998213205676E+03  1.58981548174041109E+02  1.74649005460720247E+02  2.03738292564509527E+00  1.67796140983005171E+00  1.03565129570075461E-02  6.86355674265385057E-03  2.82960338482242500E-05
  576.000000  4.52922474173832688E+03  4.20263976525752787E+03  1.54247592875042443E+02  1.68747244044784395E+02  1.96383746172977891E+00  1.60981685879767533E+00  9.91898023573765247E-03  6.53933164909293024E-03  2.69285592890517342E-05
  578.000000  4.41029152493127640E+03  4.09404652034549827E+03  1.49692894669181129E+02  1.63097892828361296E+02  1.89347481359865166E+00  1.54498109250989812E+00  9.50279166886681612E-03  6.23275502239534381E-03  2.56354359974451118E-05
  580.000000  4.29570949881012893E+03  3.98938797569545659E+03  1.45309134839844319E+02  1.57687914517954113E+02  1.82613295627793248E+00  1.48326689359615371E+00  9.10675815680017306E-03  5.94273669594112125E-03  2.44121476488278354E-05
  582.000000  4.18527660514388117E+03  3.88848251966478756E+03  1.41088453033818126E+02  1.52505052686984669E+02  1.76165939666518900E+00  1.42449907999245062E+00  8.72976546348253578E-03  5.66826168667639973E-03  2.32544823865886762E-05
  584.000000  4.07880195681116311E+03  3.79115853368415173E+03  1.37023418099637183E+02  1.47537779530467219E+02  1.69991053660774560E+00  1.36851364833397438E+00  8.37076894694797208E-03  5.40838450854598529E-03  2.21585101969604005E-05
  586.000000  3.97610513864362019E+03  3.69725377004883921E+03  1.33107001016965114E+02  1.42775247378092814E+02  1.64075108351890186E+00  1.31515698299396200E+00  8.02878869993444051E-03  5.16222394822143504E-03  2.11205621235715717E-05
  588.000000  3.87701555554146034E+03  3.60661477147037749E+03  1.29332549751519196E+02  1.38207243688854248E+02  1.58405350463271533E+00  1.26428512553559691E+00  7.70290506570049573E-03  4.92895826371614939E-03  2.01372111592747076E-05
  590.000000  3.78137182460272606E+03  3.51909632954744893E+03  1.25693765884253509E+02  1.33824149269405410E+02  1.52969752134154846E+00  1.21576309975434893E+00  7.39225449734209981E-03  4.70782076987710796E-03  1.92052546683244196E-05
  592.000000  3.68902120821259405E+03  3.43456097948820161E+03  1.22184682876379227E+02  1.29616899476556711E+02  1.47756964037740035E+00  1.16946428787147938E+00  7.09602573185819530E-03  4.49809577786576195E-03  1.83216982057694147E-05
  594.000000  3.59981908523650918E+03  3.35287852858389124E+03  1.18799645843538826E+02  1.25576948181553306E+02  1.42756271887942487E+00  1.12526985379523126E+00  6.81345625275548306E-03  4.29911485860258891E-03  1.74837406134914077E-05
  596.000000  3.51362845764943540E+03  3.27392561609478344E+03  1.15533292723126351E+02  1.21696234289999850E+02  1.37957556064933340E+00  1.08306820969592210E+00  6.54382901739941451E-03  4.11025340276953248E-03  1.66887602834343570E-05
  598.000000  3.43031949011363213E+03  3.19758530236392971E+03  1.12380536728393579E+02  1.17967150626551117E+02  1.33351254112966422E+00  1.04275452244586808E+00  6.28646942740697812E-03  3.93092745235940587E-03  1.59343024887685170E-05
  600.000000  3.34976908018886706E+03  3.12374668512221024E+03  1.09336549991897598E+02  1.14382515007780611E+02  1.28928325885073702E+00  1.00423025675676869E+00  6.04074252232307627E-03  3.76059078095041790E-03  1.52180676927778398E-05
  602.000000  3.27186045701925059E+03  3.05230454108663207E+03  1.06396748308833324E+02  1.10935543339912471E+02  1.24680221128610813E+00  9.67402752105845587E-01  5.80605037855481086E-03  3.59873220187867555E-03  1.45379007535049585E-05
  604.000000  3.19648280649264780E+03  2.98315899108541316E+03  1.03556776898155590E+02  1.07619824590505488E+02  1.20598849322949708E+00  9.32184830780779294E-01  5.58182969711911066E-03  3.44487308530290861E-03  1.38917809495812611E-05
  606.000000  3.12353092101076209E+03  2.91621518706701545E+03  1.00812497106064413E+02  1.04429297494679375E+02  1.16676551596572531E+00  8.98494434592509550E-01  5.36754956518854451E-03  3.29856506681494880E-03  1.32778127593856808E-05
  608.000000  3.05290487214151881E+03  2.85138301946659794E+03  9.81599739825764885E+01  1.01358228867158616E+02  1.12906074565270198E+00  8.66254288006352846E-01  5.16270937771669963E-03  3.15938793176152649E-03  1.26942173317231889E-05
  610.000000  2.98450970454876551E+03  2.78857684351110856E+03  9.55954646674090043E+01  9.84011934012674345E+01  1.09280545946233754E+00  8.35391585626477973E-01  4.96683690658948022E-03  3.02694766081987397E-03  1.21393245916554848E-05
  612.000000  2.91825514971072971E+03  2.72771522314602180E+03  9.31154075265633026E+01  9.55530548451627766E+01  1.05793451814835926E+00  8.05837702138126666E-01  4.77948650583799681E-03  2.90087462362379834E-03  1.16115659301303183E-05
  614.000000  2.85405535804651936E+03  2.66872069136126674E+03  9.07164119856009279E+01  9.28089484540473393E+01  1.02438615381843379E+00  7.77527922967477081E-01  4.60023744239636701E-03  2.78082190837943477E-03  1.11094674304842351E-05
  616.000000  2.79182864816904794E+03  2.61151952578073815E+03  8.83952490098422174E+01  9.01642646248585180E+01  9.92101771785902087E-01  7.50401194060807519E-01  4.42869234277591239E-03  2.66646377644821127E-03  1.06316435890030277E-05
  618.000000  2.73149727207828664E+03  2.55604153846382496E+03  8.61488421856994080E+01  8.76146336272065867E+01  9.61025765469267879E-01  7.24399889315801349E-01  4.26447574684332090E-03  2.55749423182397538E-03  1.01767914903905203E-05
  620.000000  2.67298719519193583E+03  2.50221987894042968E+03  8.39742593607906258E+01  8.51559113508678962E+01  9.31105343388640927E-01  6.99469594316267984E-01  4.10723276059267364E-03  2.45362569629038177E-03  9.74368540233777871E-06
  622.000000  2.61622789019361471E+03  2.44999084957413697E+03  8.18687048038618883E+01  8.27841659963454788E+01  9.02290367384526726E-01  6.75558905131741327E-01  3.95662780049452038E-03  2.35458778183253144E-03  9.33117175647462914E-06
  624.000000  2.56115214375073629E+03  2.39929373241168196E+03  7.98295118484400206E+01  8.04956656405779114E+01  8.74533201253756998E-01  6.52619241042954434E-01  3.81234342258980098E-03  2.26012615259012749E-03  8.93816448566455500E-06
  626.000000  2.50769587522439542E+03  2.35007062673876999E+03  7.78541359869600598E+01  7.82868666151181998E+01  8.47788569060354380E-01  6.30604670146391211E-01  3.67407923006411860E-03  2.17000146929279165E-03  8.56364069021189679E-06
  628.000000  2.45579796655671407E+03  2.30226629661805964E+03  7.59401483845841057E+01  7.61544026388586417E+01  8.22013422436609020E-01  6.09471746874809872E-01  3.54155085352959474E-03  2.08398840971081058E-03  8.20663660775517459E-06
  630.000000  2.40540010257976382E+03  2.25582802773695857E+03  7.40852297842253193E+01  7.40950746517869732E+01  7.97166816243451759E-01  5.89179360547747888E-01  3.41448899871576875E-03  2.00187475919668062E-03  7.86624386377061844E-06
  632.000000  2.35644662104528015E+03  2.21070549294161538E+03  7.22871647764700640E+01  7.21058413003229788E+01  7.73209792006571806E-01  5.69688594136494086E-01  3.29263855667753184E-03  1.92346056588614425E-03  7.54160598145042790E-06
  634.000000  2.30888437172435488E+03  2.16685062587774337E+03  7.05438364099752135E+01  7.01838100285104360E+01  7.50105268590589791E-01  5.50962592492614145E-01  3.17575777202851574E-03  1.84855735557786275E-03  7.23191513150177141E-06
  636.000000  2.26266258397324009E+03  2.12421750220045305E+03  6.88532211197634467E+01  6.83262287327861486E+01  7.27817939613156994E-01  5.32966439348368515E-01  3.06361746504289333E-03  1.77698740172163518E-03  6.93640910394668709E-06
  638.000000  2.21773274220507074E+03  2.08276222785406344E+03  6.72133839524672823E+01  6.65304779412308278E+01  7.06314177139103161E-01  5.15667042451766422E-01  2.95600030381113063E-03  1.70858304632053319E-03  6.65436848548944370E-06
  640.000000  2.17404846874558871E+03  2.04244283395665434E+03  6.56224740690754942E+01  6.47940634810768756E+01  6.85561941228852167E-01  4.99033026248418887E-01  2.85270012291146888E-03  1.64318606789362240E-03  6.38511402728663280E-06
  642.000000  2.13156541359030643E+03  2.00321917785922324E+03  6.40787205071782324E+01  6.31146096010068121E+01  6.65530694946956602E-01  4.83034631568555028E-01  2.75352128534351844E-03  1.58064709296030560E-03  6.12800418920311964E-06
  644.000000  2.09024115061295743E+03  1.96505284997794297E+03  6.25804281859606562E+01  6.14898525172033459E+01  6.46191324465823169E-01  4.67643621819103794E-01  2.65827808471064391E-03  1.52082504779220114E-03  5.88243284770795272E-06
  646.000000  2.05003507980739187E+03  1.92790708602677614E+03  6.11259741383967778E+01  5.99176343544144601E+01  6.27516063926143564E-01  4.52833195219311091E-01  2.56679418487177919E-03  1.46358664743998943E-03  5.64782715558889022E-06
  648.000000  2.01090833517435044E+03  1.89174668430370025E+03  5.97138039561939635E+01  5.83958974554026895E+01  6.09478424740526492E-01  4.38577902653732143E-01  2.47890209448519425E-03  1.40880591928189340E-03  5.42364554257520681E-06
  650.000000  1.97282369789185759E+03  1.85653792770810060E+03  5.83424284340529766E+01  5.69226790340974347E+01  5.92053129049245230E-01  4.24853570748905618E-01  2.39444267406824099E-03  1.35636375855932513E-03  5.20937584681530086E-06
  652.000000  1.93574551443253768E+03  1.82224851018867275E+03  5.70104204007365354E+01  5.54961061495404167E+01  5.75216047057921398E-01  4.11637229809705074E-01  2.31326467336341688E-03  1.30614751356498905E-03  5.00453356791658495E-06
  654.000000  1.89963961931533504E+03  1.78884746734277269E+03  5.57164117253215707E+01  5.41143909793998148E+01  5.58944138006478908E-01  3.98907046278989874E-01  2.23522429697406910E-03  1.25805059833283828E-03  4.80866023298445808E-06
  656.000000  1.86447326219934166E+03  1.75630511090605728E+03  5.44590904877764359E+01  5.27758263733135422E+01  5.43215394535995322E-01  3.86642259409097855E-01  2.16018479637531758E-03  1.21197213084644410E-03  4.62132186772770203E-06
  658.000000  1.83021503904919473E+03  1.72459296689073335E+03  5.32371983037970367E+01  5.14787816677805878E+01  5.28008790237178949E-01  3.74823121857276509E-01  2.08801608654423558E-03  1.16781659493747051E-03  4.44210756531737861E-06
  660.000000  1.79683482711789111E+03  1.69368371714521572E+03  5.20495277944540291E+01  5.02216987455671813E+01  5.13304230178444953E-01  3.63430843938083725E-01  2.01859438558708989E-03  1.12549352418596349E-03  4.27062814622045352E-06
  662.000000  1.76430372351216238E+03  1.66355114412530179E+03  5.08949201919024219E+01  4.90030883238486652E+01  4.99082504226649404E-01  3.52447541285831112E-01  1.95180187584740087E-03  1.08491720626502190E-03  4.10651490275418166E-06
  664.000000  1.73259398711984841E+03  1.63417007867962275E+03  4.97722630729500253E+01  4.78215264563825357E+01  4.85325242985329919E-01  3.41856185697978654E-01  1.88752638509667487E-03  1.04600640629050660E-03  3.94941842253632258E-06
  666.000000  1.70167898369411159E+03  1.60551635066589211E+03  4.86804882128351295E+01  4.66756512360470737E+01  4.72014876188373844E-01  3.31640558947141728E-01  1.82566108650359456E-03  1.00868410784598662E-03  3.79900748549573949E-06
  668.000000  1.67153313390334142E+03  1.57756674222699871E+03  4.76185695520820502E+01  4.55641596850441601E+01  4.59134593397014623E-01  3.21785209364856106E-01  1.76610421616956717E-03  9.72877270453859316E-04  3.65496802942723592E-06
  670.000000  1.64213186416734243E+03  1.55029894356639488E+03  4.65855212697478080E+01  4.44858048209140406E+01  4.46668306859604070E-01  3.12275411014220905E-01  1.70875880710742332E-03  9.38516602355173686E-04  3.51700217950951480E-06
  672.000000  1.61345156011373069E+03  1.52369151107421862E+03  4.55803959568474042E+01  4.34393928873674255E+01  4.34600616401579321E-01  3.03097125281905133E-01  1.65353243861339331E-03  9.05536347546438431E-04  3.38482733747905191E-06
  674.000000  1.58546952249747892E+03  1.49772382766352757E+03  4.46022828840929506E+01  4.24237807396414937E+01  4.22916776223549007E-01  2.94236964731758366E-01  1.60033700005811829E-03  8.73874086098846655E-04  3.25817532651213524E-06
  676.000000  1.55816392543866709E+03  1.47237606518694611E+03  4.36503063585133120E+01  4.14378733748356538E+01  4.11602663491674625E-01  2.85682159073733011E-01  1.54908846818965057E-03  8.43470546858075669E-04  3.13679158811096487E-06
  678.000000  1.53151377684149224E+03  1.44762914881107713E+03  4.27236241638339678E+01  4.04806215982915987E+01  4.00644748614348400E-01  2.77420523111901240E-01  1.49970669710242522E-03  8.14269431688421398E-04  3.02043442758355950E-06
  680.000000  1.50549888086744227E+03  1.42346472323490207E+03  4.18214260798379911E+01  3.95510198177088057E+01  3.90030067103865619E-01  2.69440426545038192E-01  1.45211522008368925E-03  7.86217250486434516E-04  2.90887430492829662E-06
  682.000000  1.48009980234285467E+03  1.39986512064485987E+03  4.09429324762197311E+01  3.86481039572210960E+01  3.79746192930208948E-01  2.61730765501908491E-01  1.40624106260390548E-03  7.59263166245079373E-04  2.80189316817484751E-06
  684.000000  1.45529783298962707E+03  1.37681333030700375E+03  4.00873929767437076E+01  3.77709494841998961E+01  3.69781213278992271E-01  2.54280935701704625E-01  1.36201456576324261E-03  7.33358849501717812E-04  2.69928382642418364E-06
  686.000000  1.43107495937393173E+03  1.35429296970199766E+03  3.92540851897513434E+01  3.69186695420029380E+01  3.60123704631819863E-01  2.47080807137453479E-01  1.31936921955892413E-03  7.08458341550603039E-04  2.60084936003850279E-06
  688.000000  1.40741383247534759E+03  1.33228825711553918E+03  3.84423135013391502E+01  3.60904131823556540E+01  3.50762710092230368E-01  2.40120700187344299E-01  1.27824150537122257E-03  6.84517925845086733E-04  2.50640256559484512E-06
  690.000000  1.38429773878421611E+03  1.31078398560157052E+03  3.76514079277265594E+01  3.52853636914488789E+01  3.41687717885505948E-01  2.33391363065282298E-01  1.23857074711560444E-03  6.61496007055317509E-04  2.41576543339496944E-06
  692.000000  1.36171057284154062E+03  1.28976549824149697E+03  3.68807230235771613E+01  3.45027370042367139E+01  3.32888640965080584E-01  2.26883950528088324E-01  1.20029897053564494E-03  6.39352997285072165E-04  2.32876865545781152E-06
  694.000000  1.33963681114004817E+03  1.26921866462644971E+03  3.61296368431906600E+01  3.37417802017527961E+01  3.24355797662459755E-01  2.20590003762154541E-01  1.16337077015378661E-03  6.18051208985841215E-04  2.24525116208136725E-06
  696.000000  1.31806148731104236E+03  1.24912985849501251E+03  3.53975499517147441E+01  3.30017700866184427E+01  3.16079893321560890E-01  2.14501431377679463E-01  1.12773318342136611E-03  5.97554754138871717E-04  2.16505968517527569E-06
  698.000000  1.29697016852607771E+03  1.22948593646280551E+03  3.46838844836777440E+01  3.22820118322195526E+01  3.08052002862197027E-01  2.08610491443357610E-01  1.09333557164534604E-03  5.77829449305575682E-04  2.08804834669808389E-06
  700.000000  1.27634893304600587E+03  1.21027421778339340E+03  3.39880832462847806E+01  3.15818377012968092E+01  3.00263554220379869E-01  2.02909774498690493E-01  1.06012950728907179E-03  5.58842726173894820E-04  2.01407827063460520E-06
  702.000000  1.25618434885539591E+03  1.19148246508495504E+03  3.33096088651108246E+01  3.09006058299958113E+01  2.92706312617023845E-01  1.97392187485449344E-01  1.02806866727967578E-03  5.40563547254402149E-04  1.94301721706628875E-06
  704.000000  1.23646345332283158E+03  1.17309886602930624E+03  3.26479429699343413E+01  3.02376990736410391E+01  2.85372365608869971E-01  1.92050938543429112E-01  9.97108731966606055E-04  5.22962326402912265E-04  1.87473923696848122E-06
  706.000000  1.21717373383202971E+03  1.15511201584391392E+03  3.20025854185967447E+01  2.95925239107533073E+01  2.78254108878944584E-01  1.86879522619342986E-01  9.67207289409643262E-04  5.06010853868791959E-04  1.80912434647312251E-06
  708.000000  1.19830310933149622E+03  1.13751090067996620E+03  3.13730535569020006E+01  2.89645094020328493E+01  2.71344232725684087E-01  1.81871707840935815E-01  9.38323744685833961E-04  4.89682225588142098E-04  1.74605821940820154E-06
  710.000000  1.17983991275364519E+03  1.12028488175247162E+03  3.07588815126708290E+01  2.83531062012359527E+01  2.64635709213108195E-01  1.77021522611477661E-01  9.10419233929632811E-04  4.73950776459971948E-04  1.68543189700821937E-06
  712.000000  1.16177287425760233E+03  1.10342368022130472E+03  3.01596195221961594E+01  2.77577856150710787E+01  2.58121779945974295E-01  1.72323243382736302E-01  8.83456542836266300E-04  4.58792017361104329E-04  1.62714151376106162E-06
  714.000000  1.14409110525178448E+03  1.08691736277377481E+03  2.95748332874169542E+01  2.71780387093958744E+01  2.51795944436638053E-01  1.67771383067069207E-01  8.57400029376070177E-04  4.44182575671476468E-04  1.57108803842289909E-06
  716.000000  1.12678408315579622E+03  1.07075632787241057E+03  2.90041033622515876E+01  2.66133754591842333E+01  2.45651949031480688E-01  1.63360680051883977E-01  8.32215550480550981E-04  4.30100139096871979E-04  1.51717702929598641E-06
  718.000000  1.10984163686285206E+03  1.05493129263312039E+03  2.84470245666015877E+01  2.60633239398668799E+01  2.39683776367552143E-01  1.59086087781932506E-01  8.07870392479511919E-04  4.16523402589907398E-04  1.46531840291943502E-06
  720.000000  1.09325393286673329E+03  1.03943328030143425E+03  2.79032054266330398E+01  2.55274295578081727E+01  2.33885635331331332E-01  1.54942764877148975E-01  7.84333205078800201E-04  4.03432018183281550E-04  1.41542621538582959E-06
  722.000000  1.07701146201868778E+03  1.02425360829573106E+03  2.73722676400049352E+01  2.50052543177988227E+01  2.28251951492778798E-01  1.50926065755642047E-01  7.61573938682114657E-04  3.90806547561148385E-04  1.36741845553331921E-06
  724.000000  1.06110502688231668E+03  1.00938387678878030E+03  2.68538455648077097E+01  2.44963761255857690E+01  2.22777357990389085E-01  1.47031531733440857E-01  7.39563784872231057E-04  3.78628417206006715E-04  1.32121684932352145E-06
  726.000000  1.04552572965596414E+03  9.94815957800206320E+02  2.63475857310286798E+01  2.40003881235693441E+01  2.17456686843238906E-01  1.43254882574270020E-01  7.18275119878411658E-04  3.66879875968769602E-04  1.27674667474811273E-06
  728.000000  1.03026496063378886E+03  9.80541984773976537E+02  2.58531463734315494E+01  2.35168980579060225E+01  2.12284960668288641E-01  1.39592008464280465E-01  6.97681450865935641E-04  3.55543954919463321E-04  1.23393658665870671E-06
  730.000000  1.01531438717853723E+03  9.66554342616692907E+02  2.53701969847978823E+01  2.30455276753639637E+01  2.07257384781814796E-01  1.36038962388202761E-01  6.77757364894492737E-04  3.44604429345149693E-04  1.19271845094034066E-06
  732.000000  1.00066594318042416E+03  9.52845658173674451E+02  2.48984178885385923E+01  2.25859121483705678E+01  2.02369339665399439E-01  1.32591952884795278E-01  6.58478480400758446E-04  3.34045782770018770E-04  1.15302718749591689E-06
  734.000000  9.86311818977723874E+02  9.39408791120907722E+02  2.44374998297254251E+01  2.21376995267775563E+01  1.97616373777894511E-01  1.29247337160779713E-01  6.39821401069933285E-04  3.23853172880488927E-04  1.11480062153629143E-06
  736.000000  9.72244451716761205E+02  9.26236825252833910E+02  2.39871435836675673E+01  2.17005502149696490E+01  1.92994196695787379E-01  1.26001614543777729E-01  6.21763671966190376E-04  3.14012399245659063E-04  1.07797934270031193E-06
  738.000000  9.58456516129017359E+02  9.13323060145912791E+02  2.35470595811714993E+01  2.12741364729946554E+01  1.88498672565367759E-01  1.22851420255780233E-01  6.04283737803669560E-04  3.04509872729967241E-04  1.04250657156365107E-06
  740.000000  9.44940915705604652E+02  9.00661003180245189E+02  2.31169675497027178E+01  2.08581419404979052E+01  1.84125813851077846E-01  1.19793519489938688E-01  5.87360903242240538E-04  2.95332586501675552E-04  1.00832803311708821E-06
  742.000000  9.31690774249358469E+02  8.88244361901471166E+02  2.26965961696844154E+01  2.04522611822878879E+01  1.79871775365245345E-01  1.16824801774349535E-01  5.70975295102749462E-04  2.86468088546477722E-04  9.75391836821781456E-07
  744.000000  9.18699427786523188E+02  8.76067036706758245E+02  2.22856827452195780E+01  2.00561992544421273E+01  1.75732848565316624E-01  1.13942275607543761E-01  5.55107826399579081E-04  2.77904455601249748E-04  9.43648362877955311E-07
  746.000000  9.05960416820616501E+02  8.64123113839208941E+02  2.18839728885576044E+01  1.96696712899128485E+01  1.71705456105087528E-01  1.11143063351226354E-01  5.39740162095420561E-04  2.69630268428064531E-04  9.13050154350883944E-07
  748.000000  8.93467478912289948E+02  8.52406858676143543E+02  2.14912202176658340E+01  1.92924021026596044E+01  1.67786146627737637E-01  1.08424396366709516E-01  5.24854686489032232E-04  2.61634588353553440E-04  8.83551814841749271E-07
  750.000000  8.81214541569503581E+02  8.40912709297146307E+02  2.11071860662902715E+01  1.89241258093790030E+01  1.63971589788717648E-01  1.05783610382203047E-01  5.10434472150660731E-04  2.53906935003112510E-04  8.55109911385051258E-07
  752.000000  8.69195715433491046E+02  8.29635270318820972E+02  2.07316392059332557E+01  1.85645854679623596E+01  1.60258571497178676E-01  1.03218141078907436E-01  4.96463250325174482E-04  2.46437265163787316E-04  8.27682882293173121E-07
  754.000000  8.57405287746520912E+02  8.18569306983656247E+02  2.03643555791948678E+01  1.82135327318533768E+01  1.56643989365580966E-01  1.00725519884522996E-01  4.82925382728106032E-04  2.39215952713598285E-04  8.01230949672721279E-07
  756.000000  8.45837716088349566E+02  8.07709739491221399E+02  2.00051180439608238E+01  1.78707275195264046E+01  1.53124848357215654E-01  9.83033699634404401E-02  4.69805834662258043E-04  2.32233769558780074E-04  7.75716036359075035E-07
  758.000000  8.34487622368898087E+02  7.97051637560474660E+02  1.96537161279415393E+01  1.75359376983474888E+01  1.49698256622270071E-01  9.59494023934937962E-02  4.57090149388208024E-04  2.25481867523911545E-04  7.51101687029118426E-07
  760.000000  8.23349787065166424E+02  7.86590215212388102E+02  1.93099457930899980E+01  1.72089387821172721E+01  1.46361421513415468E-01  9.36614125196980757E-02  4.44764423685273442E-04  2.18951761143104407E-04  7.27352993265633201E-07
  762.000000  8.12419143691344402E+02  7.76320825762966592E+02  1.89736092094603102E+01  1.68895136416370484E+01  1.43111645772304286E-01  9.14372764759681378E-02  4.32815284541885248E-04  2.12635311303526332E-04  7.04436522360203312E-07
  764.000000  8.01690773491309756E+02  7.66238957016921404E+02  1.86445145380751320E+01  1.65774522276710812E+01  1.39946323879016232E-01  8.92749478662883816E-02  4.21229866919681890E-04  2.06524709695358880E-04  6.82320249655347791E-07
  766.000000  7.91159900343473396E+02  7.56340226652972319E+02  1.83224757224048531E+01  1.62725513057121773E+01  1.36862938556669200E-01  8.71724545972844822E-02  4.09995792536850729E-04  2.00612464024958238E-04  6.60973494234847816E-07
  768.000000  7.80821885868367985E+02  7.46620377792124827E+02  1.80073122880744982E+01  1.59746142019898496E+01  1.33859057423939248E-01  8.51278958545974712E-02  3.99101149619784620E-04  1.94891383950501832E-04  6.40366857784805027E-07
  770.000000  7.70672224729792447E+02  7.37075274740650343E+02  1.76988491504358407E+01  1.56834505601882555E+01  1.30932329788657292E-01  8.31394392158668893E-02  3.88534473575693963E-04  1.89354567701751578E-04  6.20472166457667749E-07
  772.000000  7.60706540120928480E+02  7.27700898900053403E+02  1.73969164296553984E+01  1.53988761083700734E+01  1.28080483575856663E-01  8.12053178935305264E-02  3.78284728540157563E-04  1.83995389347762746E-04  6.01262415580865758E-07
  774.000000  7.50920579427139842E+02  7.18493344836543088E+02  1.71013492729948950E+01  1.51207124356286382E+01  1.25301322384096386E-01  7.93238281010163887E-02  3.68341289756128273E-04  1.78807486678447147E-04  5.82711717058605776E-07
  776.000000  7.41310210057681843E+02  7.09448816503029320E+02  1.68119876839658993E+01  1.48487867780146967E+01  1.22592722664126491E-01  7.74933265362456186E-02  3.58693926744961631E-04  1.73784749667822653E-04  5.64795249328549468E-07
  778.000000  7.31871415438824670E+02  7.00563623606874216E+02  1.65286763580656135E+01  1.45829318133079404E+01  1.19952631014308642E-01  7.57122279766984513E-02  3.49332787229127313E-04  1.68921309488615445E-04  5.47489209737204621E-07
  780.000000  7.22600291161313407E+02  6.91834178117037482E+02  1.62512645248031902E+01  1.43229854642241232E+01  1.17379061587527325E-01  7.39790029805917071E-02  3.40248381771727105E-04  1.64211528049580018E-04  5.30770769210717039E-07
  782.000000  7.13493041275525684E+02  6.83256990904628310E+02  1.59796057957557132E+01  1.40687907096731735E+01  1.14870093604393445E-01  7.22921756890260447E-02  3.31431569096612858E-04  1.59649988028525466E-04  5.14618029100548722E-07
  784.000000  7.04545974727819157E+02  6.74828668511005048E+02  1.57135580183883974E+01  1.38201954036981309E+01  1.12423868968047805E-01  7.06503217242151621E-02  3.22873542057619544E-04  1.55231483375533046E-04  4.99009980092952337E-07
  786.000000  6.95755501932030029E+02  6.66545910037977364E+02  1.54529831353993270E+01  1.35770521017472152E+01  1.10038589975996887E-01  6.90520661791743789E-02  3.14565814224815603E-04  1.50951010262265049E-04  4.83926463075077295E-07
  788.000000  6.87118131470344792E+02  6.58405504154912478E+02  1.51977470493520013E+01  1.33392178939476054E+01  1.07712517124555110E-01  6.74960816944987635E-02  3.06500207058708147E-04  1.46803758454627347E-04  4.69348131859203382E-07
  790.000000  6.78630466917894637E+02  6.50404326217639436E+02  1.49477194923742847E+01  1.31065542450637587E+01  1.05443967001824332E-01  6.59810866180596395E-02  2.98668837644458279E-04  1.42785103087243937E-04  4.55256417668279390E-07
  792.000000  6.70289203786013331E+02  6.42539335494610555E+02  1.47027739007117617E+01  1.28789268408446418E+01  1.03231310265283427E-01  6.45058432437115303E-02  2.91064106959294181E-04  1.38890596819464854E-04  4.41633495295841600E-07
  794.000000  6.62091126578975945E+02  6.34807572495631916E+02  1.44627872939333031E+01  1.26562054404718651E+01  1.01072969700214885E-01  6.30691561252569310E-02  2.83678688648204640E-04  1.35115962353663281E-04  4.28462250852716984E-07
  796.000000  6.54033105959530644E+02  6.27206156398948224E+02  1.42276401585949905E+01  1.24382637348399392E+01  9.89674183554301590E-02  6.16698704621435473E-02  2.76505518283737294E-04  1.31457085297663164E-04  4.15726251023252256E-07
  798.000000  6.46112096018682223E+02  6.19732282572585063E+02  1.39972163361787967E+01  1.22249792104119521E+01  9.69131777529140120E-02  6.03068705535353550E-02  2.69537783087617190E-04  1.27910007354131071E-04  4.03409713753074231E-07
  800.000000  6.38325131645238230E+02  6.12383220185892014E+02  1.37714029151291566E+01  1.20162330184020600E+01  9.49088161681454628E-02  5.89790783175586919E-02  2.62768912092192493E-04  1.24470919820623104E-04  3.91497480298710135E-07
  802.000000  6.30669325991229812E+02  6.05156309907800278E+02  1.35500901268220026E+01  1.18119098490576615E+01  9.29529469780028400E-02  5.76854518727254253E-02  2.56192566721577249E-04  1.21136157384977569E-04  3.79974988569026380E-07
  804.000000  6.23141868029079774E+02  5.98048961688056124E+02  1.33331712453040030E+01  1.16118978108152930E+01  9.10442270734336812E-02  5.64249841786440623E-02  2.49802631773037942E-04  1.17902192201439846E-04  3.68828247696658442E-07
  806.000000  6.15740020196786077E+02  5.91058652618068777E+02  1.31205424906507115E+01  1.14160883141204899E+01  8.91813553339319692E-02  5.51967017332975624E-02  2.43593206779887494E-04  1.14765628233744801E-04  3.58043813776127300E-07
  808.000000  6.08461116127521336E+02  5.84182924868127770E+02  1.29121029357954864E+01  1.12243759597101462E+01  8.73630711613404554E-02  5.39996633242996668E-02  2.37558597738948688E-04  1.11723195852107008E-04  3.47608766713885718E-07
  810.000000  6.01302558460333671E+02  5.77419383698005390E+02  1.27077544166914418E+01  1.10366584311683305E+01  8.55881530703194032E-02  5.28329588316793081E-02  2.31693309185047213E-04  1.08771746671768935E-04  3.37510688132546803E-07
  812.000000  5.94261816728477584E+02  5.70765695537797910E+02  1.25074014456744464E+01  1.08528363915693831E+01  8.38554173331264169E-02  5.16957080798377197E-02  2.25992036597624779E-04  1.05908248621352309E-04  3.27737640280756281E-07
  814.000000  5.87336425322393779E+02  5.64219586136331941E+02  1.23109511278931212E+01  1.06728133840374859E+01  8.21637166764282445E-02  5.05870597364745309E-02  2.20449659123875708E-04  1.03129781229955003E-04  3.18278145897237182E-07
  816.000000  5.80523981524335682E+02  5.57778838774413543E+02  1.21183130806962076E+01  1.04964957360567190E+01  8.05119390278731667E-02  4.95061902563624923E-02  2.15061232604040392E-04  1.00433531122440508E-04  3.09121168984198610E-07
  818.000000  5.73822143611715319E+02  5.51441292540292807E+02  1.19293993558450548E+01  1.03237924673723107E+01  7.88990063104063749E-02  4.84523028679636827E-02  2.09821982885580036E-04  9.78167877129600182E-05  3.00256096445170808E-07
  820.000000  5.67228629026533099E+02  5.45204840664948051E+02  1.17441243644562352E+01  1.01546152013343267E+01  7.73238732823025299E-02  4.74246266009794512E-02  2.04727299412895010E-04  9.52769390872415365E-05  2.91672720545743736E-07
  822.000000  5.60741212608237447E+02  5.39067428914811330E+02  1.15624048045542072E+01  9.98887807953935614E+00  7.57855264210126334E-02  4.64224153530142375E-02  1.99772729080844387E-04  9.28114680646723917E-05  2.83361222158700732E-07
  824.000000  5.54357724887468521E+02  5.33027054039622385E+02  1.13841595911402003E+01  9.82649767963248699E+00  7.42829828489816324E-02  4.54449469936248004E-02  1.94953970339319815E-04  9.04179484316601652E-05  2.75312154753606510E-07
  826.000000  5.48076050438483321E+02  5.27081762273435174E+02  1.12093097886778459E+01  9.66739293614126183E+00  7.28152892997395162E-02  4.44915225041139020E-02  1.90266867538800127E-04  8.80940413382074074E-05  2.67516429097899875E-07
  828.000000  5.41894126287742665E+02  5.21229647886491648E+02  1.10377785459002364E+01  9.51148506421402296E+00  7.13815211226112301E-02  4.35614651514919932E-02  1.85707405505703847E-04  8.58374918500144234E-05  2.59965298633771923E-07
  830.000000  5.35809940376724967E+02  5.15468851786225059E+02  1.08694910328532934E+01  9.35869748614670094E+00  6.99807813243925186E-02  4.26541196951301937E-02  1.81271704337224117E-04  8.36461256488557186E-05  2.52650345500019176E-07
  832.000000  5.29821530076639078E+02  5.09797560165280345E+02  1.07043743800830491E+01  9.20895576058072862E+00  6.86121996465814538E-02  4.17688516246643854E-02  1.76956014406517325E-04  8.15178458742883368E-05  2.45563467167173294E-07
  834.000000  5.23926980753278940E+02  5.04214003194974737E+02  1.05423576198938296E+01  9.06218751426744085E+00  6.72749316766331346E-02  4.09050464278175110E-02  1.72756711568634077E-04  7.94506301001676464E-05  2.38696863658307378E-07
  836.000000  5.18124424379877269E+02  4.98716453762253252E+02  1.03833716295906431E+01  8.91832237629173896E+00  6.59681579918931227E-02  4.00621088868324746E-02  1.68670292558677584E-04  7.74425274396934373E-05  2.32043025327041691E-07
  838.000000  5.12412038196426352E+02  4.93303226248769590E+02  1.02273490766380473E+01  8.77729191466023728E+00  6.46910833349371578E-02  3.92394624023080299E-02  1.64693370573740846E-04  7.54916557731161473E-05  2.25594721167304012E-07
  840.000000  5.06788043413311698E+02  4.87972675350125769E+02  1.00742243656552759E+01  8.63902957515342074E+00  6.34429358189247672E-02  3.84365483432390145E-02  1.60822671030588083E-04  7.35961990924119543E-05  2.19344987629341154E-07
  842.000000  5.01250703957954499E+02  4.82723194934109074E+02  9.92393358718505425E+00  8.50347062235665341E+00  6.22229661619030164E-02  3.76528254221683220E-02  1.57055027491753496E-04  7.17544049576248922E-05  2.13287117919558764E-07
  844.000000  4.95798325262722415E+02  4.77553216936352158E+02  9.77641446817038329E+00  8.37055208278219531E+00  6.10304469488446577E-02  3.68877690943808303E-02  1.53387377752587810E-04  6.99645820597833432E-05  2.07414651760516909E-07
  846.000000  4.90429253092444128E+02  4.72461210291898738E+02  9.63160632406872885E+00  8.24021268999691081E+00  5.98646719202957089E-02  3.61408709801100195E-02  1.49816760082415671E-04  6.82250978855223651E-05  2.01721365591025693E-07
  848.000000  4.85141872410286908E+02  4.67445679901572191E+02  9.48945001255145115E+00  8.11239283168048964E+00  5.87249552866107305E-02  3.54116383088078357E-02  1.46340309613372197E-04  6.65343764788566450E-05  1.96201263184954646E-07
  850.000000  4.79934606280342052E+02  4.62505165631632451E+02  9.34988788872348664E+00  7.98703449853511316E+00  5.76106310667544863E-02  3.46995933845378537E-02  1.42955254870299130E-04  6.48908962956861184E-05  1.90848566670566634E-07
  852.000000  4.74805914805798693E+02  4.57638241345726101E+02  9.21286376181245714E+00  7.86408123497747091E+00  5.65210524507424039E-02  3.40042730716235003E-02  1.39658914436222920E-04  6.32931881469138934E-05  1.85657707931477000E-07
  854.000000  4.69754294101211883E+02  4.52843513967766796E+02  9.07832285326928812E+00  7.74347809154112454E+00  5.54555911846768557E-02  3.33252282996972793E-02  1.36448693747271956E-04  6.17398332261766129E-05  1.80623320371915953E-07
  856.000000  4.64778275297707467E+02  4.48119622574702817E+02  8.94621175623189835E+00  7.62517157892420716E+00  5.44136369776745885E-02  3.26620235873545384E-02  1.33322082011686567E-04  6.02294612184399206E-05  1.75740231030053260E-07
  858.000000  4.59876423579921550E+02  4.43465237518088372E+02  8.81647839629987828E+00  7.50910962361883705E+00  5.33945969296713563E-02  3.20142365836418308E-02  1.30276649247828728E-04  5.87607484858588297E-05  1.71003453023111785E-07
  860.000000  4.55047337253563001E+02  4.38879059573449240E+02  8.68907199357713012E+00  7.39524152506265597E+00  5.23978949793693569E-02  3.13814576266514059E-02  1.27310043436189621E-04  5.73324163275005293E-05  1.66408178310002466E-07
  862.000000  4.50289646842387810E+02  4.34359819116348035E+02  8.56394302593104761E+00  7.28351791425176387E+00  5.14229713715883621E-02  3.07632893185134509E-02  1.24419987780518285E-04  5.59432293096491460E-05  1.61949770756363712E-07
  864.000000  4.45602014213640814E+02  4.29906275324295848E+02  8.44104319342837073E+00  7.17389071376172893E+00  5.04692821431600713E-02  3.01593461161242561E-02  1.21604278073729350E-04  5.45919936636163474E-05  1.57623759489323345E-07
  866.000000  4.40983131730857451E+02  4.25517215403504565E+02  8.32032538390554954E+00  7.06631309912181926E+00  4.95362986267823963E-02  2.95692539369674552E-02  1.18860780164062554E-04  5.32775557480896021E-05  1.53425832528287606E-07
  868.000000  4.36431721433211578E+02  4.21191453839754217E+02  8.20174363963274544E+00  6.96073946149325007E+00  4.86235069720362123E-02  2.89926497794241386E-02  1.16187427517487737E-04  5.19988005732171000E-05  1.49351830679793774E-07
  870.000000  4.31946534240227663E+02  4.16927831672290154E+02  8.08525312503088855E+00  6.85712537159964075E+00  4.77304076830209340E-02  2.84291813569762727E-02  1.13582218872478028E-04  5.07546503837303606E-05  1.45397741685002562E-07
  872.000000  4.27526349181215551E+02  4.12725215790185018E+02  7.97081009540841201E+00  6.75542754486551900E+00  4.68565151718462469E-02  2.78785067457580672E-02  1.11043215983056459E-04  4.95440632985651660E-05  1.41559694607773860E-07
  874.000000  4.23169972648306612E+02  4.08582498250134506E+02  7.85837186667713183E+00  6.65560380771506743E+00  4.60013573275598886E-02  2.73402940449083524E-02  1.08568541446954744E-04  4.83660320045251532E-05  1.37833954453945345E-07
  876.000000  4.18876237672565480E+02  4.04498595615230272E+02  7.74789678601885434E+00  6.55761306499145036E+00  4.51644750996995567E-02  2.68142210492297306E-02  1.06156376614942105E-04  4.72195825016893901E-05  1.34216917010149711E-07
  878.000000  4.14644003222070353E+02  4.00472448313688972E+02  7.63934420346249610E+00  6.46141526845147762E+00  4.43454220961713441E-02  2.62999749336480099E-02  1.03804959578446797E-04  4.61037728983176216E-05  1.30705103894279738E-07
  880.000000  4.10472153521439452E+02  3.96503020017078597E+02  7.53267444434707567E+00  6.36697138629943105E+00  4.35437641946890830E-02  2.57972519490220625E-02  1.01512583232099700E-04  4.50176922531689245E-05  1.27295157806520886E-07
  882.000000  4.06359597391902867E+02  3.92589297037216738E+02  7.42784878263438220E+00  6.27424337371879481E+00  4.27590791674669971E-02  2.53057571288410992E-02  9.92775934081817151E-05  4.39604594631893300E-05  1.23983837973726548E-07
  884.000000  4.02305267611308011E+02  3.88730287741192853E+02  7.32482941504509544E+00  6.18319414436788950E+00  4.19909563185128856E-02  2.48252040063948673E-02  9.70983870800473068E-05  4.29312221946660268E-05  1.20768015777829655E-07
  886.000000  3.98308120293370393E+02  3.84925021983891895E+02  7.22357943598893648E+00  6.09378754280323598E+00  4.12389961331470489E-02  2.43553143419997786E-02  9.49734106320618689E-05  4.19291558560020116E-05  1.17644670560653701E-07
  888.000000  3.94367134285415318E+02  3.81172550557325962E+02  7.12406281326217972E+00  6.00598831779627673E+00  4.05028099393013458E-02  2.38958178598882472E-02  9.29011581929196033E-05  4.09534626103520022E-05  1.14610885597552746E-07
  890.000000  3.90481310584163566E+02  3.77471944656385233E+02  7.02624436448627776E+00  5.91976209651325735E+00  3.97820195800920040E-02  2.34464519943933733E-02  9.08801700302470813E-05  4.00033704264643670E-05  1.11663844232348830E-07
  892.000000  3.86649671768747055E+02  3.73822295360254827E+02  6.93008973426134034E+00  5.83507535952451040E+00  3.90762570973384876E-02  2.30069616450582944E-02  8.89090310037719903E-05  3.90781321661094717E-05  1.08800826166885317E-07
  894.000000  3.82871261450539407E+02  3.70222713129132842E+02  6.83556537201184167E+00  5.75189541661583803E+00  3.83851644255636254E-02  2.25770989403365485E-02  8.69863690749851973E-05  3.81770247065860309E-05  1.06019203898596078E-07
  896.000000  3.79145143739181378E+02  3.66672327315684129E+02  6.74263851050099383E+00  5.67019038337220138E+00  3.77083930961312139E-02  2.21566230095471481E-02  8.51108538707747353E-05  3.72993480968414752E-05  1.03316439299384061E-07
  898.000000  3.75470402724177177E+02  3.63170285690658602E+02  6.65127714498901224E+00  5.58992915850551420E+00  3.70456039511440974E-02  2.17452997627677891E-02  8.32811952992877462E-05  3.64444247458075551E-05  1.00690080330445416E-07
  900.000000  3.71846141971721806E+02  3.59715753982377976E+02  6.56145001301787900E+00  5.51108140190219320E+00  3.63964668667547606E-02  2.13429016783691847E-02  8.14961422156155389E-05  3.56115986416365420E-05  9.81377578867126097E-08
