# Wavelength || Total || n=1 | n=2 | ...
  300.000000  2.28566807179628086E+03  2.06093899493628260E+03  1.17414391365541078E+02  1.06363163084488804E+02  7.71507663551177947E-01  1.79065963313261550E-01  8.97814904909331637E-04  5.07518064356102819E-05  2.16392177030407454E-07
  302.000000  2.41515883565595823E+03  2.18341741295051770E+03  1.21461771169848646E+02  1.09313020180700420E+02  7.86500283040801551E-01  1.79186672355428844E-01  8.94709281436267346E-04  4.94800763022820253E-05  2.10137573985629254E-07
  304.000000  2.55070704522673896E+03  2.31177936154243980E+03  1.25633397197675293E+02  1.12311574938913438E+02  8.02463525629640406E-01  1.79306876958939071E-01  8.92685744524514355E-04  4.82550212622795191E-05  2.04356184953855620E-07
  306.000000  2.69265235827592460E+03  2.44634617658562047E+03  1.29941537530959607E+02  1.15364725458868520E+02  8.19542247922327660E-01  1.79437328589365508E-01  8.91847005995565129E-04  4.70779146462637130E-05  1.99043264779826067E-07
  308.000000  2.84136086155522389E+03  2.58746381583409902E+03  1.34399808346945889E+02  1.18478811915853072E+02  8.37898259897200570E-01  1.79588749227999916E-01  8.92305135852798441E-04  4.59498692796239739E-05  1.94195558327034324E-07
  310.000000  2.99722740294627465E+03  2.73550494207300426E+03  1.39023374141635514E+02  1.21660661842380364E+02  8.57713708692367738E-01  1.79771934609202239E-01  8.94184249045756907E-04  4.48718928994888688E-05  1.89811719055578774E-07
  312.000000  3.16067817442411706E+03  2.89087120519063683E+03  1.43829190311174301E+02  1.24917644193105886E+02  8.79195201726180042E-01  1.79997872966085687E-01  8.97623670316452906E-04  4.38449440707641729E-05  1.85892764351326291E-07
  314.000000  3.33217357950427095E+03  3.05399574413351002E+03  1.48836298800358179E+02  1.28257733987161117E+02  9.02578865524406249E-01  1.80277883564996050E-01  9.02781719353026976E-04  4.28699902909809578E-05  1.82442589218951326E-07
  316.000000  3.51221142500751421E+03  3.22534593199305755E+03  1.54066190816189931E+02  1.31689589851652443E+02  9.28136597977925026E-01  1.80623780795139244E-01  9.09840302364668761E-04  4.19480704083791380E-05  1.79468565121850733E-07
  318.000000  3.70133048475374062E+03  3.40542638999775272E+03  1.59543255060279620E+02  1.35222647500992423E+02  9.56183855183820319E-01  1.81048071628943708E-01  9.19010556401074030E-04  4.10803641047148229E-05  1.76982258186057456E-07
  320.000000  3.90011449275497534E+03  3.59478229896166749E+03  1.65295336030893878E+02  1.38867233153436899E+02  9.87089428683530556E-01  1.81564197144624018E-01  9.30539876284946165E-04  4.02682721079057214E-05  1.75000311663323739E-07
  322.000000  4.10919663620575921E+03  3.79400303972088022E+03  1.71354435372804545E+02  1.42634702216613277E+02  1.02128782827150388E+00  1.82186832906388235E-01  9.44720771372683740E-04  3.95135121459863316E-05  0.00000000000000000E+00
  324.000000  4.32926463671105921E+03  4.00372619715412930E+03  1.77757601028067683E+02  1.46537610429777573E+02  1.05929510972256846E+00  1.82932268957757049E-01  9.61902166399117840E-04  3.88182376656037704E-05  0.00000000000000000E+00
  326.000000  4.56106652692469379E+03  4.22464196517476194E+03  1.84548065580010132E+02  1.50589927275479056E+02  1.10172930625537613E+00  1.83818898997017227E-01  9.82504001924193156E-04  3.81851893920820491E-05  0.00000000000000000E+00
  328.000000  4.80541726554128581E+03  4.45749799172125859E+03  1.91776718977991777E+02  1.54807305241933619E+02  1.14933708427190306E+00  1.84867861591655247E-01  1.00703634395771409E-03  3.76178945269138750E-05  0.00000000000000000E+00
  330.000000  5.06320636639229633E+03  4.70310470102899399E+03  1.99504035286515830E+02  1.59207424012872139E+02  1.20302892149994611E+00  1.86103896735910573E-01  1.03612474101833678E-03  3.71209358126798131E-05  0.00000000000000000E+00
  332.000000  5.33540677004069312E+03  4.96234111970688718E+03  2.07802623648083994E+02  1.63810436811066751E+02  1.26392611674770716E+00  1.87556513210944659E-01  1.07054437124010559E-03  3.67003246504597180E-05  0.00000000000000000E+00
  334.000000  5.62308523946243440E+03  5.23616119853262899E+03  2.16760648784185662E+02  1.68639558423991360E+02  1.33342447689941213E+00  1.89261613926948652E-01  1.11126677024605907E-03  3.63640320831920121E-05  0.00000000000000000E+00
  336.000000  5.92741459649590252E+03  5.52560052227496180E+03  2.26486479479263977E+02  1.73721853374236389E+02  1.41328190827377753E+00  1.91263811498762260E-01  1.15952490469286434E-03  3.61227643050500194E-05  0.00000000000000000E+00
  338.000000  6.24968803474581273E+03  5.83178301300208204E+03  2.37115095614969619E+02  1.79089312512232937E+02  1.50574091081881045E+00  1.93619809060684100E-01  1.21690552439500258E-03  3.59911250434965548E-05  0.00000000000000000E+00
  340.000000  6.59133519281527788E+03  6.15592636268916704E+03  2.48817047202735267E+02  1.84780354905369336E+02  1.61370308203782953E+00  1.96403463775499443E-01  1.28548279117095200E-03  3.59894011906638646E-05  0.00000000000000000E+00
  342.000000  6.95393731529269917E+03  6.49934208311608563E+03  2.61811154076435912E+02  1.90841977529371889E+02  1.74098285138759135E+00  1.99713558333050933E-01  1.36801472666441188E-03  3.61463583273447680E-05  0.00000000000000000E+00
  344.000000  7.33922975143094845E+03  6.86341622276519774E+03  2.76382694165065743E+02  1.97332959117854159E+02  1.89268470427167501E+00  2.03685943788460361E-01  1.46823115372651195E-03  3.65036165092664345E-05  0.00000000000000000E+00
  346.000000  7.74905182225419685E+03  7.24952726336592059E+03  2.92909613723729137E+02  2.04329027397324097E+02  2.07577700933040976E+00  2.08512417079862844E-01  1.59121877238042040E-03  3.71220394261662922E-05  0.00000000000000000E+00
  348.000000  8.18516589726661277E+03  7.65881632472316960E+03  3.11901351995858022E+02  2.11931989517426274E+02  2.29998182421650421E+00  2.14467423939068563E-01  1.74369416344773653E-03  3.80878392141602239E-05  0.00000000000000000E+00
  350.000000  8.64894858350026516E+03  8.09179793324516231E+03  3.34062260711403951E+02  2.20285372930556179E+02  2.57911911725722964E+00  2.21923790460864440E-01  1.93420514170427878E-03  3.95002803131328312E-05  0.00000000000000000E+00
  352.000000  9.14103591520670852E+03  8.54786639527681837E+03  3.60403368317054969E+02  2.29599848550692883E+02  2.93289508262947729E+00  2.31188710846042034E-01  2.17796212214024874E-03  4.13065437141444072E-05  0.00000000000000000E+00
  354.000000  9.66317445302069973E+03  9.02689986618998955E+03  3.92463799757748461E+02  2.40175962289108128E+02  3.39002320059463980E+00  2.42257920003117078E-01  2.50037950073534864E-03  4.32837576512733633E-05  0.00000000000000000E+00
  356.000000  1.02177552481253260E+04  9.52873541632203705E+03  4.32666494290133983E+02  2.52108063458564573E+02  3.98637279197762684E+00  2.55930796772993741E-01  2.92394137910925722E-03  4.65244601581124033E-05  0.00000000000000000E+00
  358.000000  1.07945923873165520E+04  1.00393419567971123E+04  4.85064380541657954E+02  2.65191376948295556E+02  4.72190896331092702E+00  2.69319558116803359E-01  3.39427031365045371E-03  5.02377444005325824E-05  0.00000000000000000E+00
  360.000000  1.14272313381102267E+04  1.05842620916603009E+04  5.56604139590606110E+02  2.80548283006861425E+02  5.53158515355140690E+00  2.81457058549226813E-01  3.72967327194905418E-03  5.19670857712953318E-05  0.00000000000000000E+00
  362.000000  1.21671911434510039E+04  1.12034917136093081E+04  6.57012523079577363E+02  2.99697246654826699E+02  6.68971299156623544E+00  2.95691070263885691E-01  4.20424069301156625E-03  5.18047683633550860E-05  0.00000000000000000E+00
  364.000000  1.29981174955680053E+04  1.18595956199162811E+04  8.04161265007628344E+02  3.25370498354365111E+02  8.66373488439107753E+00  3.21054594396780413E-01  5.26880839431895232E-03  5.40025502156473651E-05  0.00000000000000000E+00
  366.000000  1.39197780777492153E+04  1.25120663493507636E+04  1.03205034688272099E+03  3.63422371027210033E+02  1.18629171703182674E+01  3.68935880347974643E-01  7.09594523357644311E-03  6.14926218117886234E-05  0.00000000000000000E+00
  368.000000  1.49497223608654476E+04  1.31102698789956594E+04  1.39710217452922825E+03  4.24890764924682571E+02  1.69943562639892001E+01  4.55088676728065911E-01  1.00207575265961208E-02  7.67176327600345317E-05  0.00000000000000000E+00
  370.000000  1.61033320268637308E+04  1.35998404548828839E+04  1.95232627192303562E+03  5.25765235851222883E+02  2.47844677274950023E+01  6.01087332053669932E-01  1.44061804234716876E-02  1.02966615902141208E-04  0.00000000000000000E+00
  372.000000  1.73674809593658429E+04  1.41173038567857457E+04  2.56484168182920712E+03  6.50776852268113089E+02  3.37563856604486645E+01  7.82638409362405252E-01  1.94089898170685012E-02  1.35423143430043390E-04  0.00000000000000000E+00
  374.000000  1.83920466372771407E+04  1.48932940505514325E+04  2.75320194206784163E+03  7.07221970716138799E+02  3.74322719984094974E+01  8.74855388319927929E-01  2.13936275617210153E-02  1.52927439398887197E-04  0.00000000000000000E+00
  376.000000  1.87473527813632827E+04  1.57728930041233180E+04  2.32889590548444494E+03  6.13547777391988802E+02  3.12506932615753996E+01  7.47594460744580247E-01  1.76757193182886310E-02  1.30921894214555527E-04  0.00000000000000000E+00
  378.000000  1.90118688417612684E+04  1.68045871594661039E+04  1.72678999956254029E+03  4.58744307162626910E+02  2.12364410018867211E+01  4.99074496151644675E-01  1.17760084104683999E-02  8.40635527223443862E-05  0.00000000000000000E+00
  380.000000  1.96688534621555045E+04  1.80016308832355826E+04  1.28535230213995851E+03  3.67864930782869521E+02  1.36663776855447967E+01  3.31537801532375498E-01  7.37956180583604956E-03  5.09482073628548000E-05  0.00000000000000000E+00
  382.000000  2.06287793325224884E+04  1.92681764788847395E+04  1.01849761284917417E+03  3.32820579394238166E+02  9.02968030984777492E+00  2.50220716246869368E-01  4.72630951577311838E-03  3.40587301228200637E-05  0.00000000000000000E+00
  384.000000  2.17646924849858988E+04  2.05719941814835875E+04  8.62307296015353131E+02  3.23922630819583105E+02  6.25264612918513940E+00  2.12544685080419737E-01  3.16017948162454227E-03  2.56736282955567759E-05  0.00000000000000000E+00
  386.000000  2.30138239329034077E+04  2.19126367200793029E+04  7.70101837023389521E+02  3.26353926944128830E+02  4.53439123733491201E+00  1.94831698087162192E-01  2.20464453023119745E-03  2.12766300742333417E-05  0.00000000000000000E+00
  388.000000  2.43466907938586119E+04  2.32938700925255725E+04  7.15298244243454405E+02  3.33909910001185608E+02  3.42437468763879638E+00  1.86557974900775636E-01  1.59561530128480753E-03  1.88105607972275079E-05  0.00000000000000000E+00
  390.000000  2.57468055030363575E+04  2.47169467175505852E+04  6.83099546126478799E+02  3.43897808531324131E+02  2.67724407013492582E+00  1.82978423416644970E-01  1.19100109463056414E-03  1.73333212234371267E-05  0.00000000000000000E+00
  392.000000  2.72019260464241815E+04  2.61795715711655721E+04  6.64981409719615385E+02  3.55034454763032272E+02  2.15587352302741619E+00  1.81808616161176828E-01  9.12248927017778781E-04  1.63878435653220271E-05  0.00000000000000000E+00
  394.000000  2.87002764593776265E+04  2.76759175512607981E+04  6.55768807402905168E+02  3.66627021500332717E+02  1.78048735554639648E+00  1.81861985306554258E-01  7.14135236346746609E-04  1.57375008463724611E-05  0.00000000000000000E+00
  396.000000  3.02288117296319142E+04  2.91967584139716018E+04  6.52127319605506727E+02  3.78240220067813880E+02  1.50271906487160689E+00  1.82472140554625462E-01  5.69529509316939902E-04  1.52520540383447428E-05  0.00000000000000000E+00
  398.000000  3.17724231828551456E+04  3.07296230460817897E+04  6.51770424465658721E+02  3.89553906995583191E+02  1.29209464480140213E+00  1.83234286885479408E-01  4.61524651659130515E-04  1.48557733447080730E-05  0.00000000000000000E+00
  400.000000  3.33136827106149794E+04  3.22590364078822204E+04  6.53032683186015106E+02  4.00300605229044947E+02  1.12873708813877993E+00  1.83883506406784553E-01  3.79220643696525760E-04  1.45025123455230622E-05  0.00000000000000000E+00
  402.000000  3.48329880644757141E+04  3.37669278782540714E+04  6.54636832395445481E+02  4.10239523659132203E+02  9.99279310527599107E-01  1.84235479776444167E-01  3.15376761237473905E-04  0.00000000000000000E+00  0.00000000000000000E+00
  404.000000  3.63090626373817722E+04  3.52332666441717374E+04  6.55568270739101649E+02  4.19148807667379003E+02  8.94492354729368722E-01  1.84157393473989101E-01  2.65055349040626035E-04  0.00000000000000000E+00  0.00000000000000000E+00
  406.000000  3.77197769545497576E+04  3.66369464350454582E+04  6.55011332306512827E+02  4.26827544164407414E+02  8.07864137121985459E-01  1.83554084794299049E-01  2.24811455948480197E-04  0.00000000000000000E+00  0.00000000000000000E+00
  408.000000  3.90432345353296696E+04  3.79568928516269516E+04  6.52321507311422806E+02  4.33102899709506289E+02  7.34722556707686381E-01  1.82361931564448271E-01  1.92193520281620230E-04  0.00000000000000000E+00  0.00000000000000000E+00
  410.000000  4.02590208479860084E+04  3.91733117335993520E+04  6.47017464715288270E+02  4.37839258648512953E+02  6.71679223110864143E-01  1.80546372769785413E-01  1.65426970212816484E-04  0.00000000000000000E+00  0.00000000000000000E+00
  412.000000  4.13494703136609241E+04  4.02689472341783548E+04  6.38781729218048440E+02  4.40946840226280415E+02  6.16266226874664924E-01  1.78100602886149650E-01  1.43208480685617695E-04  0.00000000000000000E+00  0.00000000000000000E+00
  414.000000  4.23007789336760325E+04  4.12301874750109127E+04  6.27461898977390547E+02  4.42387700179849276E+02  5.66691010653938232E-01  1.75043928331088811E-01  1.24568905254627556E-04  0.00000000000000000E+00  0.00000000000000000E+00
  416.000000  4.31037938386895112E+04  4.20478563192283691E+04  6.13066744471482707E+02  4.42177582849125542E+02  5.21664413751515510E-01  1.71418946931431893E-01  1.08779845356077670E-04  0.00000000000000000E+00  0.00000000000000000E+00
  418.000000  4.37543518138391664E+04  4.27175673063387003E+04  5.95753978593553938E+02  4.40382871519105436E+02  4.80274825332736466E-01  1.67287273883301113E-01  9.52885924919219795E-05  0.00000000000000000E+00  0.00000000000000000E+00
  420.000000  4.42531110843177230E+04  4.32395846093616929E+04  5.75808970047053208E+02  4.37112804816679898E+02  4.41892407591924996E-01  1.62724012734257101E-01  8.36719684715204603E-05  0.00000000000000000E+00  0.00000000000000000E+00
  422.000000  4.46049078806586840E+04  4.36182199975262265E+04  5.53615903499371257E+02  4.32508000252585191E+02  4.06094259607719277E-01  1.57811517804098911E-01  7.36030923002501183E-05  0.00000000000000000E+00  0.00000000000000000E+00
  424.000000  4.48177496138647912E+04  4.38608728609826867E+04  5.29624497685229585E+02  4.26726951581570290E+02  3.72605617567747294E-01  1.52633170491039777E-01  6.48272499771879510E-05  0.00000000000000000E+00  0.00000000000000000E+00
  426.000000  4.49016103801723293E+04  4.39768732725325244E+04  5.04316116667847666E+02  4.19932411400781518E+02  3.41254543481383177E-01  1.47267883333710103E-01  5.71443604977094974E-05  0.00000000000000000E+00  0.00000000000000000E+00
  428.000000  4.48672114966288209E+04  4.39763053920052698E+04  4.78172914105774566E+02  4.12279415680616921E+02  3.11938557035912223E-01  1.41785883804651625E-01  5.03963184127044028E-05  0.00000000000000000E+00  0.00000000000000000E+00
  430.000000  4.47249506986783308E+04  4.38689708505797753E+04  4.51652712946112388E+02  4.03906242978817772E+02  2.84601636993682794E-01  1.36246078715165031E-01  4.44579176697866883E-05  0.00000000000000000E+00  0.00000000000000000E+00
  432.000000  4.44840983888580522E+04  4.36636085195240594E+04  4.25170935611760513E+02  3.94928980312995463E+02  2.59219146184205163E-01  1.30695032846342651E-01  3.92302147240862243E-05  0.00000000000000000E+00  0.00000000000000000E+00
  434.000000  4.41523218189129766E+04  4.33674317062464834E+04  3.99089378236844198E+02  3.85439745656976470E+02  2.35786766399727621E-01  1.25167371107984010E-01  3.46351585818302062E-05  0.00000000000000000E+00  0.00000000000000000E+00
  436.000000  4.37355414330595231E+04  4.29859889764173204E+04  3.73710321167700613E+02  3.75508109321497557E+02  2.14308277499290656E-01  1.19687265203725343E-01  3.06102975517990366E-05  0.00000000000000000E+00  0.00000000000000000E+00
  438.000000  4.32380774145328760E+04  4.25233095335603357E+04  3.49273882344324647E+02  3.65184923090588256E+02  1.94777834362976965E-01  1.14270600523284208E-01  2.71027482369462372E-05  0.00000000000000000E+00  0.00000000000000000E+00
  440.000000  4.26630142564030466E+04  4.19822633519403316E+04  3.25957178037410245E+02  3.54507617645779305E+02  1.77157291274011142E-01  1.08927425521605281E-01  2.40627248154832382E-05  0.00000000000000000E+00  0.00000000000000000E+00
  442.000000  4.20126981707896921E+04  4.13650514668733813E+04  3.03875621336320364E+02  3.43506039948488876E+02  1.61356849877646757E-01  1.03664343210339099E-01  2.14384090712769781E-05  0.00000000000000000E+00  0.00000000000000000E+00
  444.000000  4.12892830309427736E+04  4.06737412079840360E+04  2.83088062589208732E+02  3.32208023636281041E+02  1.47230970137111589E-01  9.84865887205478019E-02  1.91743922787407234E-05  0.00000000000000000E+00  0.00000000000000000E+00
  446.000000  4.04952492274201795E+04  3.99107705033742968E+04  2.63606648427411415E+02  3.20644064229778678E+02  1.34594546422681510E-01  9.33996280056894335E-02  1.72142642774470009E-05  0.00000000000000000E+00  0.00000000000000000E+00
  448.000000  3.96338325309256543E+04  3.90793605061882481E+04  2.45409672595810861E+02  3.08850675166024359E+02  1.23251270751804837E-01  8.84101994687809256E-02  1.55053591997175688E-05  0.00000000000000000E+00  0.00000000000000000E+00
  450.000000  3.87093175859066323E+04  3.81837947872307632E+04  2.28454017854896392E+02  2.96872220403020208E+02  1.13019616598949740E-01  8.35267986374177984E-02  1.40027081551877633E-05  0.00000000000000000E+00  0.00000000000000000E+00
  452.000000  3.77271736414063926E+04  3.72295452755996230E+04  2.12684606957328214E+02  2.84761239529887462E+02  1.03746977328682016E-01  7.87596716731765734E-02  1.26705521145103391E-05  0.00000000000000000E+00  0.00000000000000000E+00
  454.000000  3.66940347205237485E+04  3.62232474670477677E+04  1.98040339962666053E+02  2.72577469831404017E+02  9.53117706205693360E-02  7.41204296444816502E-02  1.14816407282821787E-05  0.00000000000000000E+00  0.00000000000000000E+00
  456.000000  3.56175468648449605E+04  3.51725463097691900E+04  1.84457408015687946E+02  2.60385896689316496E+02  8.76185376421397127E-02  6.96214176861307543E-02  1.04154363246790810E-05  0.00000000000000000E+00  0.00000000000000000E+00
  458.000000  3.45061179767621434E+04  3.40858467495819350E+04  1.71871132490696965E+02  2.48254219193915816E+02  8.05910666652611823E-02  6.52749727266788704E-02  9.45620457350446885E-06  0.00000000000000000E+00  0.00000000000000000E+00
  460.000000  3.33686108500291884E+04  3.29720083496469742E+04  1.60217122730837531E+02  2.36250110006021799E+02  7.41663680384085644E-02  6.10926858356261732E-02  8.59147696233812105E-06  0.00000000000000000E+00  0.00000000000000000E+00
  462.000000  3.22140185888126070E+04  3.18400224759894736E+04  1.49432135986232197E+02  2.24438593896019029E+02  6.82903727106165953E-02  5.70847571889044683E-02  7.81098302636028069E-06  0.00000000000000000E+00  0.00000000000000000E+00
  464.000000  3.10511556281994417E+04  3.06987048879546637E+04  1.39454771638754693E+02  2.12879786788753421E+02  6.29152116936243372E-02  5.32594996061106912E-02  7.10597116477582736E-06  0.00000000000000000E+00  0.00000000000000000E+00
  466.000000  2.98883889282702330E+04  2.95564281301204901E+04  1.30226026463975273E+02  2.01627144576643985E+02  5.79976244229489235E-02  4.96230159069672369E-02  6.46879699815322670E-06  0.00000000000000000E+00  0.00000000000000000E+00
  468.000000  2.87334244352333299E+04  2.84209087571426062E+04  1.21689711629893878E+02  1.90726283450738606E+02  5.34980676834007282E-02  4.61790497305379563E-02  5.89267729821956952E-06  0.00000000000000000E+00  0.00000000000000000E+00
  470.000000  2.75931550625478703E+04  2.72990556509741618E+04  1.13792735570763085E+02  1.80214361423062769E+02  4.93802173876405973E-02  4.29289909541933357E-02  5.37153948477110896E-06  0.00000000000000000E+00  0.00000000000000000E+00
  472.000000  2.64735692254162968E+04  2.61968785129156277E+04  1.06485265666279190E+02  1.70119959257192448E+02  4.56106714619025980E-02  3.98720058085958035E-02  4.89992373278162971E-06  0.00000000000000000E+00  0.00000000000000000E+00
  474.000000  2.53797138211599813E+04  2.51194504962953979E+04  9.97207876298202507E+01  1.60463368758883746E+02  4.21587456025002971E-02  3.70052573634134518E-02  4.47291322694031022E-06  0.00000000000000000E+00  0.00000000000000000E+00
  476.000000  2.43157024996974324E+04  2.40709159069902125E+04  9.34560835296406509E+01  1.51257184602730291E+02  3.89963060474856280E-02  3.43241827210332140E-02  4.08607941640841686E-06  0.00000000000000000E+00  0.00000000000000000E+00
  478.000000  2.32847588251780689E+04  2.30545326543792944E+04  8.76511485083506301E+01  1.42507098144193463E+02  3.60976135318582803E-02  3.18227972624006636E-02  3.73543556432635004E-06  0.00000000000000000E+00  0.00000000000000000E+00
  480.000000  2.22892840534834941E+04  2.20727392499187990E+04  8.22690638434211792E+01  1.34212803133288617E+02  3.34391685426436505E-02  2.94940020456693971E-02  3.41739535356915963E-06  0.00000000000000000E+00  0.00000000000000000E+00
  482.000000  2.13309402747510394E+04  2.11272371616634337E+04  7.72758409821672529E+01  1.26368939544223409E+02  3.09995557680519881E-02  2.73298767089739172E-02  3.12873507931137576E-06  0.00000000000000000E+00  0.00000000000000000E+00
  484.000000  2.04107411814833795E+04  2.02190808297443182E+04  7.26402481763303456E+01  1.18966019461095854E+02  2.87592889630969920E-02  2.53219461148819179E-02  2.86655880676028033E-06  0.00000000000000000E+00  0.00000000000000000E+00
  486.000000  1.95291443996943235E+04  1.93487693105681938E+04  6.83336286329097078E+01  1.11991295792441591E+02  2.67006585099155529E-02  2.34614140041932671E-02  2.62826624325642265E-06  0.00000000000000000E+00  0.00000000000000000E+00
  488.000000  1.86861409415631060E+04  1.85163351262218639E+04  6.43297168046322412E+01  1.05429549180246312E+02  2.48075839415924093E-02  2.17393608973598489E-02  2.41152321079208066E-06  0.00000000000000000E+00  0.00000000000000000E+00
  490.000000  1.78813387719547754E+04  1.77214273195397982E+04  6.06044575800786873E+01  9.92637802410148851E+01  2.30654732605879327E-02  2.01469063890940651E-02  2.21423463564661889E-06  0.00000000000000000E+00  0.00000000000000000E+00
  492.000000  1.71140386666504928E+04  1.69633868933505328E+04  5.71358316637567043E+01  9.34758031734077832E+01  2.14610903335904629E-02  1.86753379398040438E-02  2.03451996059263015E-06  0.00000000000000000E+00  0.00000000000000000E+00
  494.000000  1.63833014651204558E+04  1.62413137322508755E+04  5.39036893045373802E+01  8.80467430537791387E+01  1.99824311280981659E-02  1.73162094459161121E-02  1.87069086255592724E-06  0.00000000000000000E+00  0.00000000000000000E+00
  496.000000  1.56880065033121300E+04  1.55541247846530405E+04  5.08895936770866726E+01  8.29574432381940028E+01  1.86186091272561409E-02  1.60614134516928152E-02  1.72123113789483854E-06  0.00000000000000000E+00  0.00000000000000000E+00
  498.000000  1.50269014861392607E+04  1.49006037553218848E+04  4.80766745897338552E+01  7.81887916619170369E+01  1.73597499299213073E-02  1.49032310161561661E-02  1.58477860321961981E-06  0.00000000000000000E+00  0.00000000000000000E+00
  500.000000  1.43986443646625285E+04  1.42794428632936597E+04  4.54494927354261904E+01  7.37219759154175733E+01  1.61968948046158773E-02  1.38343631123562655E-02  1.46010885256689790E-06  0.00000000000000000E+00  0.00000000000000000E+00
  502.000000  1.38018379581023473E+04  1.36892773953557571E+04  4.29939143800499366E+01  6.95386771604912468E+01  1.51219128039755905E-02  1.28479471245867907E-02  1.34612071081936342E-06  0.00000000000000000E+00  0.00000000000000000E+00
  504.000000  1.32350581403220986E+04  1.31287138653958718E+04  4.06969961622068155E+01  6.56212125396460664E+01  1.41274209443835383E-02  1.19375616056448964E-02  1.24182322707742410E-06  0.00000000000000000E+00  0.00000000000000000E+00
  506.000000  1.26968764229764147E+04  1.25963526033984199E+04  3.85468795347861430E+01  6.19526349629673803E+01  1.32067118990264239E-02  1.10972220194280272E-02  1.14632405881488907E-06  0.00000000000000000E+00  0.00000000000000000E+00
  508.000000  1.21858777359524447E+04  1.20908055673409417E+04  3.65326942916349182E+01  5.85167982026572133E+01  1.23536886294382618E-02  1.03213697627985036E-02  1.05881910688133989E-06  0.00000000000000000E+00  0.00000000000000000E+00
  510.000000  1.17006741472794092E+04  1.16107101138556154E+04  3.46444705767374899E+01  5.52983942067335192E+01  1.15628053808948007E-02  9.60485635827132943E-03  9.78583271794913977E-07  0.00000000000000000E+00  0.00000000000000000E+00
  512.000000  1.12399151919443029E+04  1.11547393918040798E+04  3.28730587569333252E+01  5.22829685394956272E+01  1.08290144832757680E-02  8.94292434835585251E-03  9.04962212604821284E-07  0.00000000000000000E+00  0.00000000000000000E+00
  514.000000  1.08022954008694705E+04  1.07216099456678930E+04  3.12100565435465036E+01  4.94569189161316345E+01  1.01477184256258627E-02  8.33118610847624966E-03  8.37365000400959359E-07  0.00000000000000000E+00  0.00000000000000000E+00
  516.000000  1.03865595434979550E+04  1.03100870386793267E+04  2.96477427666016204E+01  4.68074809485356766E+01  9.51472670538799047E-03  7.76560152851790957E-03  7.75257568974420072E-07  0.00000000000000000E+00  0.00000000000000000E+00
  518.000000  9.99150602370073284E+03  9.91898813260712086E+03  2.81790172327520629E+01  4.43227044704214492E+01  8.92621698921818377E-03  7.24245529051295838E-03  7.18156874983708922E-07  0.00000000000000000E+00  0.00000000000000000E+00
  520.000000  9.61598880117801491E+03  9.54718489418335957E+03  2.67973461310739793E+01  4.19914231635084079E+01  8.37870015932671436E-03  6.75833428749699275E-03  6.65625689141059193E-07  0.00000000000000000E+00  0.00000000000000000E+00
  522.000000  9.25891815010403297E+03  9.19360403824788045E+03  2.54967124867387902E+01  3.98032196577104145E+01  7.86898885593306091E-03  6.31010558110397298E-03  6.17267948342603640E-07  0.00000000000000000E+00  0.00000000000000000E+00
  524.000000  8.91926051379387172E+03  8.85722726513830276E+03  2.42715711996199026E+01  3.77483878188836997E+01  7.39416916180158854E-03  5.89489517799916991E-03  5.72724606322223974E-07  0.00000000000000000E+00  0.00000000000000000E+00
  526.000000  8.59603766836650902E+03  8.53709050439278508E+03  2.31168082416467193E+01  3.58178935574863218E+01  6.95157510828744475E-03  5.51006781290624709E-03  5.31669927324186292E-07  0.00000000000000000E+00  0.00000000000000000E+00
  528.000000  8.28832536927633919E+03  8.23228263800631248E+03  2.20277036224043883E+01  3.40033351802454291E+01  6.53876571356411078E-03  5.15320785441755920E-03  4.93808173504325788E-07  0.00000000000000000E+00  0.00000000000000000E+00
  530.000000  7.99525162154917598E+03  7.94194384366349277E+03  2.09998977665343034E+01  3.22969040545902857E+01  6.15350429256930360E-03  4.82210139514463714E-03  4.58870642330049013E-07  0.00000000000000000E+00  0.00000000000000000E+00
  532.000000  7.71599468687304670E+03  7.66526367085572838E+03  2.00293609785130400E+01  3.06913461528405627E+01  5.79373980464471805E-03  4.51471954676233370E-03  4.26613015207171353E-07  0.00000000000000000E+00  0.00000000000000000E+00
  534.000000  7.44978091768597460E+03  7.40147893991417641E+03  1.91123657002668779E+01  2.91799248817595185E+01  5.45759002892860778E-03  4.22920293036479177E-03  3.96812982971212459E-07  0.00000000000000000E+00  0.00000000000000000E+00
  536.000000  7.19588248939867026E+03  7.14987153508523716E+03  1.82454612946885213E+01  2.77563854757650788E+01  5.14332637937682871E-03  3.96384733097049184E-03  3.69268117794521744E-07  0.00000000000000000E+00  0.00000000000000000E+00
  538.000000  6.95361508630427306E+03  6.90976614726360094E+03  1.74254511135219410E+01  2.64149211326959872E+01  4.84936019098054436E-03  3.71709047011272060E-03  3.43793964529224402E-07  0.00000000000000000E+00  0.00000000000000000E+00
  540.000000  6.72233558401211212E+03  6.68052800933615708E+03  1.66493716313074351E+01  2.51501409942584537E+01  4.57423032646848363E-03  3.48749984069601001E-03  3.20222327576429653E-07  0.00000000000000000E+00  0.00000000000000000E+00
  542.000000  6.50143976093327637E+03  6.46156065681838390E+03  1.59144734482473815E+01  2.39570400147336926E+01  4.31659196868795433E-03  3.27376154246441283E-03  2.98399732088160095E-07  0.00000000000000000E+00  0.00000000000000000E+00
  544.000000  6.29036006303852810E+03  6.25230373818213593E+03  1.52182039840876904E+01  2.28309707175880128E+01  4.07520647810922718E-03  3.07467005354067390E-03  2.78186040709628440E-07  0.00000000000000000E+00  0.00000000000000000E+00
  546.000000  6.08856343944954097E+03  6.05223089262921985E+03  1.45581917025311487E+01  2.17676168072554681E+01  3.84893220764523760E-03  2.88911887278179126E-03  2.59453209191364864E-07  0.00000000000000000E+00  0.00000000000000000E+00
  548.000000  5.89554926112741214E+03  5.86084770777556787E+03  1.39322317214647438E+01  2.07629685801484847E+01  3.63671617837151451E-03  2.71609196855970370E-03  2.42084166076109807E-07  0.00000000000000000E+00  0.00000000000000000E+00
  550.000000  5.71084733073862208E+03  5.67768976552873482E+03  1.33382726785177237E+01  1.98133000628961220E+01  3.43758652990613488E-03  2.55465597154562766E-03  2.25971803322514631E-07  0.00000000000000000E+00  0.00000000000000000E+00
  552.000000  5.53401598849205584E+03  5.50232078115274908E+03  1.27744047342901208E+01  1.89151477952781377E+01  3.25064566828124103E-03  2.40395305179169714E-03  2.11018066192152725E-07  0.00000000000000000E+00  0.00000000000000000E+00
  554.000000  5.36464031620037622E+03  5.33433083796851406E+03  1.22388486071643747E+01  1.80652911690990337E+01  3.07506404223885713E-03  2.26319442359772336E-03  1.97133132021380116E-07  0.00000000000000000E+00  0.00000000000000000E+00
  556.000000  5.20233043986651955E+03  5.17333471817810369E+03  1.17299455440221436E+01  1.72607342312473335E+01  2.91007448610573066E-03  2.13165442511241724E-03  1.84234668644688894E-07  0.00000000000000000E+00  0.00000000000000000E+00
  558.000000  5.04671992961742853E+03  5.01897032881382984E+03  1.12461481405474970E+01  1.64986888586068154E+01  2.75496707383695054E-03  2.00866512319556982E-03  1.72247164249268700E-07  0.00000000000000000E+00  0.00000000000000000E+00
  560.000000  4.89746429471731881E+03  4.87089722071343476E+03  1.07860119332297995E+01  1.57765592137200770E+01  2.60908443456606435E-03  1.89361139765376160E-03  1.61101321337392421E-07  0.00000000000000000E+00  0.00000000000000000E+00
  562.000000  4.75423957060407338E+03  4.72879519762402015E+03  1.03481876927558787E+01  1.50919273926157285E+01  2.47181748512071038E-03  1.78592646247397640E-03  1.50733508267635962E-07  0.00000000000000000E+00  0.00000000000000000E+00
  564.000000  4.61674099434121490E+03  4.59236301197590819E+03  9.93141435529111583E+00  1.44425401796062154E+01  2.34260153953273981E-03  1.68508778506260828E-03  1.41085262549685227E-07  0.00000000000000000E+00  0.00000000000000000E+00
  566.000000  4.48468176451880754E+03  4.46131714349844333E+03  9.53451253427285828E+00  1.38262968278603768E+01  2.22091275965092530E-03  1.59061336771824675E-03  1.32102840691737957E-07  0.00000000000000000E+00  0.00000000000000000E+00
  568.000000  4.35779188142914063E+03  4.33539065663234669E+03  9.15637856086124735E+00  1.32412377889218345E+01  2.10626491460918141E-03  1.50205835860329454E-03  1.23736809953440389E-07  0.00000000000000000E+00  0.00000000000000000E+00
  570.000000  4.23581706323618710E+03  4.21433213257688112E+03  8.79597900612714945E+00  1.26855343188549199E+01  1.99820642015206698E-03  1.41901196231501367E-03  1.15941677848810128E-07  0.00000000000000000E+00  0.00000000000000000E+00
  572.000000  4.11851773385802790E+03  4.09790467180123505E+03  8.45234564254120180E+00  1.21574788933210982E+01  1.89631763173190161E-03  1.34109462279830959E-03  1.08675555680863546E-07  0.00000000000000000E+00  0.00000000000000000E+00
  574.000000  4.00566807832505219E+03  3.98588496288461829E+03  8.12457080631458872E+00  1.16554763683977054E+01  1.80020836788687155E-03  1.26795545377817267E-03  1.01899852777825126E-07  0.00000000000000000E+00  0.00000000000000000E+00
  576.000000  3.89705516148640618E+03  3.87806241365112055E+03  7.81180312577299940E+00  1.11780358283968582E+01  1.70951564273823871E-03  1.19926989413801210E-03  9.55789984467283307E-08  0.00000000000000000E+00  0.00000000000000000E+00
  578.000000  3.79247810607373003E+03  3.77423834069449913E+03  7.51324358419410210E+00  1.07237630662000889E+01  1.62390158852678337E-03  1.13473756773108505E-03  8.96801889679635368E-08  0.00000000000000000E+00  0.00000000000000000E+00
  580.000000  3.69174732628899073E+03  3.67422521353879574E+03  7.22814188846497263E+00  1.02913536456768391E+01  1.54305155097156387E-03  1.07408032899699267E-03  8.41731572285083489E-08  0.00000000000000000E+00  0.00000000000000000E+00
  582.000000  3.59468381326373265E+03  3.57784594985470494E+03  6.95579311756598084E+00  9.87958649961207236E+00  1.46667234190794534E-03  1.01704047747855114E-03  7.90299628363208472E-08  0.00000000000000000E+00  0.00000000000000000E+00
  584.000000  3.50111846892259882E+03  3.48493325833115750E+03  6.69553462727091730E+00  9.48731802018462034E+00  1.39449063516057428E-03  9.63379125902816269E-04  7.42248007765718568E-08  0.00000000000000000E+00  0.00000000000000000E+00
  586.000000  3.41089148497107863E+03  3.39532902598312603E+03  6.44674318959998605E+00  9.11347660241805002E+00  1.32625149295134215E-03  9.12874707916758567E-04  6.97338268653110829E-08  0.00000000000000000E+00  0.00000000000000000E+00
  588.000000  3.32385176392060066E+03  3.30888374686473890E+03  6.20883234750977220E+00  8.75705760419262091E+00  1.26171701135271291E-03  8.65321612865560877E-04  6.55349984304271278E-08  0.00000000000000000E+00  0.00000000000000000E+00
  590.000000  3.23985637924890852E+03  3.22545598933689826E+03  5.98124996705720591E+00  8.41711868933473362E+00  1.20066507438134577E-03  8.20528936177721880E-04  6.16079288055448054E-08  0.00000000000000000E+00  0.00000000000000000E+00
  592.000000  3.15877007197768853E+03  3.14491189921832711E+03  5.76347597086218677E+00  8.09277552302296854E+00  1.14288820730474899E-03  7.78319334988582527E-04  5.79337543619776528E-08  0.00000000000000000E+00  0.00000000000000000E+00
  594.000000  3.08046478112418799E+03  3.06712473631980538E+03  5.55502023812748735E+00  7.78319779126013600E+00  1.08819252061227007E-03  7.38527979600481026E-04  5.44950129287609426E-08  0.00000000000000000E+00  0.00000000000000000E+00
  596.000000  3.00481920565325845E+03  2.99197444202739598E+03  5.35542065777643739E+00  7.48760551848127776E+00  1.03639673689323131E-03  7.01001592253735237E-04  5.12755325627729436E-08  0.00000000000000000E+00  0.00000000000000000E+00
  598.000000  2.93171839571453847E+03  2.91934723575548196E+03  5.16424132243928113E+00  7.20526565949736586E+00  9.87331293578648734E-04  6.65597565474711304E-04  4.82603297313261943E-08  0.00000000000000000E+00  0.00000000000000000E+00
  600.000000  2.86105337110545042E+03  2.84913523824330468E+03  4.98107085209382205E+00  6.93548894394758442E+00  9.40837515146515971E-04  6.32183152985675697E-04  4.54355160598496427E-08  0.00000000000000000E+00  0.00000000000000000E+00
  602.000000  2.79272076504046572E+03  2.78123611980574924E+03  4.80552083712492450E+00  6.67762695322777766E+00  8.96766848971222762E-04  6.00634726809331208E-04  4.27882128781747427E-08  0.00000000000000000E+00  0.00000000000000000E+00
  604.000000  2.72662249144438056E+03  2.71555277178384586E+03  4.63722439144926390E+00  6.43106941152411604E+00  8.54980159521581576E-04  5.70837094788830576E-04  4.03064728717620430E-08  0.00000000000000000E+00  0.00000000000000000E+00
  606.000000  2.66266543411295515E+03  2.65199299956378354E+03  4.47583480714532111E+00  6.19524167409743320E+00  8.15347076086654675E-04  5.42682873275273769E-04  3.79792082096833425E-08  0.00000000000000000E+00  0.00000000000000000E+00
  608.000000  2.60076115620383462E+03  2.59046923565062525E+03  4.32102430275533855E+00  5.96960239735781073E+00  7.77745389636438390E-04  5.16071910215642657E-04  3.57961245800844638E-08  0.00000000000000000E+00  0.00000000000000000E+00
  610.000000  2.54082562862996929E+03  2.53089827139035060E+03  4.17248285808015762E+00  5.75364137654208196E+00  7.42060494812888912E-04  4.90910754309067899E-04  3.37476606169573215E-08  0.00000000000000000E+00  0.00000000000000000E+00
  612.000000  2.48277897603185420E+03  2.47320100603612445E+03  4.02991712888900100E+00  5.54687753797604000E+00  7.08184873397352211E-04  4.67112166293168522E-04  3.18249322498718146E-08  0.00000000000000000E+00  0.00000000000000000E+00
  614.000000  2.42654523910083981E+03  2.41730221194905198E+03  3.89304943550991300E+00  5.34885707397346266E+00  6.76017615919474171E-04  4.44594668778746662E-04  3.00196815514983818E-08  0.00000000000000000E+00  0.00000000000000000E+00
  616.000000  2.37205215211373934E+03  2.36313031481014423E+03  3.76161681976122297E+00  5.15915170939959644E+00  6.45463978360433775E-04  4.23282131373586249E-04  2.83242296966524048E-08  0.00000000000000000E+00  0.00000000000000000E+00
  618.000000  2.31923093462445240E+03  2.31061718780439242E+03  3.63537016514065314E+00  4.97735708982859926E+00  6.16434971166278703E-04  4.03103388128941292E-04  2.67314336818234742E-08  0.00000000000000000E+00  0.00000000000000000E+00
  620.000000  2.26801609633200633E+03  2.25969795881027540E+03  3.51407337559579780E+00  4.80309128203773206E+00  5.88846978023949120E-04  3.83991884606534864E-04  2.52346464858702319E-08  0.00000000000000000E+00  0.00000000000000000E+00
  622.000000  2.21834525421828221E+03  2.21031082970078251E+03  3.39750260858046094E+00  4.63599337833717851E+00  5.62621402069229384E-04  3.65885352104410825E-04  2.38276803813482293E-08  0.00000000000000000E+00  0.00000000000000000E+00
  624.000000  2.17015896111301254E+03  2.16239690692530439E+03  3.28544555844159714E+00  4.47572219691764328E+00  5.37684337392126577E-04  3.48725506797255454E-04  2.25047731319114542E-08  0.00000000000000000E+00  0.00000000000000000E+00
  626.000000  2.12340054490607736E+03  2.11590004260325304E+03  3.17770078649842835E+00  4.32195507102975807E+00  5.13966263884001271E-04  3.32457771744456133E-04  2.12605568347881943E-08  0.00000000000000000E+00  0.00000000000000000E+00
  628.000000  2.07801595768296693E+03  2.07076668541525032E+03  3.07407709446046473E+00  4.17438672038331227E+00  4.91401763633359055E-04  3.17031019898042206E-04  2.00900291886425746E-08  0.00000000000000000E+00  0.00000000000000000E+00
  630.000000  2.03395363411212361E+03  2.02694574062976494E+03  2.97439293809416405E+00  4.03272819868263266E+00  4.69929257225545612E-04  3.02397336405357711E-04  1.89885269864764178E-08  0.00000000000000000E+00  0.00000000000000000E+00
  632.000000  1.99116435846073614E+03  1.98438843865024251E+03  2.87847587828850493E+00  3.89670591169637470E+00  4.49490758436455167E-04  2.88511798648803262E-04  1.79517016507428935E-08  0.00000000000000000E+00  0.00000000000000000E+00
  634.000000  1.94960113966157292E+03  1.94304821151308397E+03  2.78616206689025603E+00  3.76606070070455123E+00  4.30031645933955944E-04  2.75332272599298914E-04  1.69754966437695616E-08  0.00000000000000000E+00  0.00000000000000000E+00
  636.000000  1.90921909389360872E+03  1.90288057680642783E+03  2.69729576488060863E+00  3.64054698656900255E+00  4.11500450712785697E-04  2.62819224181840374E-04  1.60561266010181260E-08  0.00000000000000000E+00  0.00000000000000000E+00
  638.000000  1.86997533417951854E+03  1.86384302851942562E+03  2.61172889065160074E+00  3.51993197004849412E+00  3.93848658091686479E-04  2.50935544462625899E-04  1.51900580478530049E-08  0.00000000000000000E+00  0.00000000000000000E+00
  640.000000  1.83182886653551486E+03  1.82589493436360772E+03  2.52932059630717232E+00  3.40399488431529251E+00  3.77030523194910722E-04  2.39646387567718955E-04  1.43739915723920968E-08  0.00000000000000000E+00  0.00000000000000000E+00
  642.000000  1.79474049224577720E+03  1.78899743914422902E+03  2.44993687007421723E+00  3.29252629594981983E+00  3.61002898926699649E-04  2.28919020335505179E-04  1.36048453378967524E-08  0.00000000000000000E+00  0.00000000000000000E+00
  644.000000  1.75867271586100992E+03  1.75311337378635221E+03  2.37345016304818701E+00  3.18532745097148240E+00  3.45725075525057522E-04  2.18722682788420256E-04  1.28797398280098708E-08  0.00000000000000000E+00  0.00000000000000000E+00
  646.000000  1.72358965855056022E+03  1.71820716964991243E+03  2.29973903863187479E+00  3.08220966273035657E+00  3.31158630853427348E-04  2.09028458585836804E-04  1.21959837271495354E-08  0.00000000000000000E+00  0.00000000000000000E+00
  648.000000  1.68945697646227927E+03  1.68424477779241352E+03  2.22868784314499901E+00  2.98299373872422757E+00  3.17267290654479959E-04  1.99809154689266886E-04  1.15510608465549837E-08  0.00000000000000000E+00  0.00000000000000000E+00
  650.000000  1.65624178377031012E+03  1.65119359286355234E+03  2.16018639619651909E+00  2.88750944363127804E+00  3.04016798050553644E-04  1.91039189534618792E-04  1.09426180139499260E-08  0.00000000000000000E+00  0.00000000000000000E+00
  652.000000  1.62391258011089212E+03  1.61902238133568358E+03  2.09412969951066552E+00  2.79559499604865236E+00  2.91374791630403217E-04  1.82694489063748710E-04  1.03684538515901973E-08  0.00000000000000000E+00  0.00000000000000000E+00
  654.000000  1.59243918212940798E+03  1.58770121379688521E+03  2.03041766299543047E+00  2.70709659661946356E+00  2.79310691512796576E-04  1.74752390020579523E-04  9.82650837367865271E-09  0.00000000000000000E+00  0.00000000000000000E+00
  656.000000  1.56179265887862152E+03  1.55720140104983784E+03  1.96895484692633183E+00  2.62186798539954635E+00  2.67795592823787977E-04  1.67191549965004329E-04  9.31485333979689731E-09  0.00000000000000000E+00  0.00000000000000000E+00
  658.000000  1.53194527082828745E+03  1.52749543377974601E+03  1.90965021920162292E+00  2.53977002647848371E+00  2.56802166067455671E-04  1.59991863502084703E-04  8.83168330618299069E-09  0.00000000000000000E+00  0.00000000000000000E+00
  660.000000  1.50287041226046472E+03  1.49855692556843314E+03  1.85241692669623714E+00  2.46067031801197134E+00  2.46304563908891782E-04  1.53134384264076831E-04  8.37530732141485827E-09  0.00000000000000000E+00  0.00000000000000000E+00
  662.000000  1.47454255684189525E+03  1.47036055904859131E+03  1.79717207981270821E+00  2.38444282596072021E+00  2.36278333924529551E-04  1.46601252219851017E-04  7.94414121738620179E-09  0.00000000000000000E+00  0.00000000000000000E+00
  664.000000  1.44693720617776853E+03  1.44288203500492705E+03  1.74383654938874377E+00  2.31096753995312199E+00  2.26700336907931493E-04  1.40375625919843716E-04  7.53670045041329705E-09  0.00000000000000000E+00  0.00000000000000000E+00
  666.000000  1.42003084116486616E+03  1.41609802424244003E+03  1.69233477518023046E+00  2.24013014980460490E+00  2.17548670349722832E-04  1.34441619315612312E-04  7.15159345093499076E-09  0.00000000000000000E+00  0.00000000000000000E+00
  668.000000  1.39380087597425313E+03  1.38998612205410109E+03  1.64259458519267110E+00  2.17182174133225425E+00  2.08802596738526361E-04  1.28784242821342493E-04  6.78751544358016973E-09  0.00000000000000000E+00  0.00000000000000000E+00
  670.000000  1.36822561450452918E+03  1.36452480513087789E+03  1.59454702518314595E+00  2.10593851020001654E+00  2.00442476355558544E-04  1.23389348310528837E-04  6.44324270241039087E-09  0.00000000000000000E+00  0.00000000000000000E+00
  672.000000  1.34328420915802917E+03  1.33969339076830579E+03  1.54812619770255400E+00  2.04238149262119961E+00  1.92449704259505585E-04  1.18243577764896038E-04  6.11762720892942716E-09  0.00000000000000000E+00  0.00000000000000000E+00
  674.000000  1.31895662180079171E+03  1.31547199823210099E+03  1.50326911008873698E+00  1.98105631182605779E+00  1.84806651180198446E-04  1.13334315314320982E-04  5.80959168299561187E-09  0.00000000000000000E+00  0.00000000000000000E+00
  676.000000  1.29522358677754960E+03  1.29184151215563702E+03  1.45991553086261971E+00  1.92187293928123748E+00  1.77496608059945869E-04  1.08649642426648346E-04  5.51812495911532799E-09  0.00000000000000000E+00  0.00000000000000000E+00
  678.000000  1.27206657586036067E+03  1.26878354784935641E+03  1.41800785401507556E+00  1.86474546971706023E+00  1.70503734000157845E-04  1.04178296024578444E-04  5.24227768273717065E-09  0.00000000000000000E+00  0.00000000000000000E+00
  680.000000  1.24946776501802810E+03  1.24628041841061781E+03  1.37749097070698312E+00  1.80959190908548107E+00  1.63813007388089555E-04  9.99096293237577060E-05  4.98115830313791055E-09  0.00000000000000000E+00  0.00000000000000000E+00
  682.000000  1.22741000290005809E+03  1.22431510352900204E+03  1.33831214793584685E+00  1.75633397463114038E+00  1.57410179994559349E-04  9.58335752016623986E-05  4.73392934129404173E-09  0.00000000000000000E+00  0.00000000000000000E+00
  684.000000  1.20587678093653221E+03  1.20287121988961849E+03  1.30042091375272006E+00  1.70489690631541380E+00  1.51281733848301751E-04  9.19406119212139129E-05  4.49980391280032314E-09  0.00000000000000000E+00  0.00000000000000000E+00
  686.000000  1.18485220496060401E+03  1.18193299308223095E+03  1.26376894863927314E+00  1.65520928888398977E+00  1.45414840706122923E-04  8.82217310461157948E-05  4.27804248741551137E-09  0.00000000000000000E+00  0.00000000000000000E+00
  688.000000  1.16432096826698330E+03  1.16148523093058498E+03  1.22830998268119851E+00  1.60720288391773125E+00  1.39797323950813701E-04  8.46684073970534938E-05  4.06794986822352276E-09  0.00000000000000000E+00  0.00000000000000000E+00
  690.000000  1.14426832602473405E+03  1.14151329816122393E+03  1.19399969819690832E+00  1.56081247125068900E+00  1.34417622760313300E-04  8.12725709089957686E-05  3.86887237468616936E-09  0.00000000000000000E+00  0.00000000000000000E+00
  692.000000  1.12468007096842348E+03  1.12200309233672010E+03  1.16079563750323489E+00  1.51597569918114528E+00  1.29264758402573789E-04  7.80265802601285357E-05  3.68019521505267368E-09  0.00000000000000000E+00  0.00000000000000000E+00
  694.000000  1.10554251029521720E+03  1.10294102098175790E+03  1.12865711551878611E+00  1.47263294293855296E+00  1.24328302520376743E-04  7.49231981523266739E-05  3.50134003468098299E-09  0.00000000000000000E+00  0.00000000000000000E+00
  696.000000  1.08684244370136867E+03  1.08431397983628858E+03  1.09754513692622946E+00  1.43072717090664692E+00  1.19598347279869103E-04  7.19555681318882528E-05  3.33176262783618032E-09  0.00000000000000000E+00  0.00000000000000000E+00
  698.000000  1.06856714249511106E+03  1.06610933217350271E+03  1.06742231763172923E+00  1.39020381813538108E+00  1.15065477265077025E-04  6.91171928472473221E-05  3.17095080145654009E-09  0.00000000000000000E+00  0.00000000000000000E+00
  700.000000  1.05070432972584877E+03  1.04831488912319492E+03  1.03825281027513006E+00  1.35101066670371206E+00  1.10720743008499992E-04  6.64019136477498668E-05  3.01842238022948953E-09  0.00000000000000000E+00  0.00000000000000000E+00
  702.000000  1.03324216127515001E+03  1.03091889094666021E+03  1.01000223356200891E+00  1.31309773252649964E+00  1.06555636055572631E-04  6.38038914345571647E-05  2.87372334311300518E-09  0.00000000000000000E+00  0.00000000000000000E+00
  704.000000  1.01616920785631942E+03  1.01390998921050561E+03  9.82637605200855857E-01  1.27641715822248147E+00  1.02562065467356103E-04  6.13175886809333144E-05  2.73642608215800890E-09  0.00000000000000000E+00  0.00000000000000000E+00
  706.000000  9.99474437874138971E+02  9.97277229811513848E+02  9.56127278243454226E-01  1.24092311168725256E+00  9.87323356724095893E-05  5.89377525451387823E-05  2.60612777516266185E-09  0.00000000000000000E+00  0.00000000000000000E+00
  708.000000  9.83147201098154824E+02  9.81010036806473295E+02  9.30440880638138013E-01  1.20657169003643183E+00  9.50591255845658440E-05  5.66593990044767849E-05  2.48244886430369803E-09  0.00000000000000000E+00  0.00000000000000000E+00
  710.000000  9.67177213106049862E+02  9.65098197003994528E+02  9.05549257817304887E-01  1.17332082860632814E+00  9.15354689088837510E-05  5.44777979440777091E-05  2.36503163346302562E-09  0.00000000000000000E+00  0.00000000000000000E+00
  712.000000  9.51554540456699897E+02  9.49531845278380047E+02  8.81424418152101374E-01  1.14113021471964204E+00  8.81547355632491820E-05  5.23884591386561860E-05  2.25353887749499563E-09  0.00000000000000000E+00  0.00000000000000000E+00
  714.000000  9.36269586553677527E+02  9.34301450566739732E+02  8.58039481115986158E-01  1.10996120594093406E+00  8.49106141476403345E-05  5.03871190696927082E-05  2.14765265716523424E-09  0.00000000000000000E+00  0.00000000000000000E+00
  716.000000  9.21313078163748969E+02  9.19397802514302612E+02  8.35368628009858560E-01  1.07977675256556016E+00  8.17970953977212875E-05  4.84697285245439679E-05  2.04707313394411599E-09  0.00000000000000000E+00  0.00000000000000000E+00
  718.000000  9.06676052555425940E+02  9.04811998733368114E+02  8.13387055108807377E-01  1.05054132410000811E+00  7.88084565633738942E-05  4.66324409275740715E-05  1.95151747925156351E-09  0.00000000000000000E+00  0.00000000000000000E+00
  720.000000  8.92349845226376829E+02  8.90535432645059018E+02  7.92070929100362586E-01  1.02222083950861342E+00  7.59392466567147801E-05  4.48716013568991299E-05  1.86071885313827610E-09  0.00000000000000000E+00  0.00000000000000000E+00
  722.000000  8.78326078188326960E+02  8.76559781872840404E+02  7.71397344690068931E-01  9.94782601013242562E-01  7.31842725176026234E-05  4.31837362033891885E-05  1.77442544773973853E-09  0.00000000000000000E+00  0.00000000000000000E+00
  724.000000  8.64596648781679733E+02  8.62876997160351152E+02  7.51344284259208406E-01  9.68195231247799382E-01  7.05385856480904560E-05  4.15655434316013333E-05  1.69239959117334670E-09  0.00000000000000000E+00  0.00000000000000000E+00
  726.000000  8.51153718992552513E+02  8.49479291786539648E+02  7.31890579465036994E-01  9.42428613580151620E-01  6.79974697702323642E-05  4.00138834049676244E-05  1.61441690785106044E-09  0.00000000000000000E+00  0.00000000000000000E+00
  728.000000  8.37989705246698577E+02  8.36359131452852466E+02  7.13015874680726358E-01  9.17453835425823372E-01  6.55564290646597312E-05  3.85257702401052592E-05  1.54026553146324056E-09  0.00000000000000000E+00  0.00000000000000000E+00
  730.000000  8.25097268656573078E+02  8.23509224618995745E+02  6.94700592178188026E-01  8.93243134388757576E-01  6.32111770499390967E-05  3.70983636574702695E-05  1.46974536715124774E-09  0.00000000000000000E+00  0.00000000000000000E+00
  732.000000  8.12469305698716312E+02  8.10922513264689883E+02  6.76925898962485562E-01  8.69769847073952884E-01  6.09576260652944886E-05  3.57289612977337780E-05  1.40266739962825063E-09  0.00000000000000000E+00  0.00000000000000000E+00
  734.000000  8.00098939299819904E+02  7.98592164056014894E+02  6.59673675171357554E-01  8.47008360425948958E-01  5.87918773215593811E-05  3.44149914752781323E-05  1.33885304423215388E-09  0.00000000000000000E+00  0.00000000000000000E+00
  736.000000  7.87979510311928152E+02  7.86511559897015900E+02  6.42926483959373574E-01  8.24934065456819909E-01  5.67102114874947912E-05  3.31540063421293581E-05  1.27813353810410562E-09  0.00000000000000000E+00  0.00000000000000000E+00
  738.000000  7.76104569356707430E+02  7.74674291846709025E+02  6.26667542789211329E-01  8.03523313233669101E-01  5.47090797805183199E-05  3.19436754373184643E-05  1.22034936887699304E-09  0.00000000000000000E+00  0.00000000000000000E+00
  740.000000  7.64467869021512684E+02  7.63074151384408651E+02  6.10880696058463624E-01  7.82753373005116382E-01  5.27850955329363627E-05  3.07817795983648905E-05  1.16534973843988835E-09  0.00000000000000000E+00  0.00000000000000000E+00
  742.000000  7.53063356389721207E+02  7.51705123006031272E+02  5.95550388993439372E-01  7.62602392352048186E-01  5.09350262064379116E-05  2.96662052130364241E-05  1.11299205950895889E-09  0.00000000000000000E+00  0.00000000000000000E+00
  744.000000  7.41885165889396490E+02  7.40561377135607927E+02  5.80661642745598616E-01  7.43049359255275266E-01  4.91557858293441619E-05  2.85949387909750399E-05  1.06314148289102508E-09  0.00000000000000000E+00  0.00000000000000000E+00
  746.000000  7.30927612444621559E+02  7.29637263336508227E+02  5.66200030629586015E-01  7.24074065978357773E-01  4.74444278326096396E-05  2.75660618360642774E-05  1.01567045346763605E-09  0.00000000000000000E+00  0.00000000000000000E+00
  748.000000  7.20185184915524587E+02  7.18927303808553575E+02  5.52151655445728085E-01  7.05657074670610340E-01  4.57981382620681129E-05  2.65777460016726771E-05  9.70458293062884589E-10  0.00000000000000000E+00  0.00000000000000000E+00
  750.000000  7.09652539812879581E+02  7.08426187157042250E+02  5.38503127832288930E-01  6.87779684599833852E-01  4.42142293457492813E-05  2.56282485120067317E-05  9.27390808479774310E-10  0.00000000000000000E+00  0.00000000000000000E+00
  752.000000  6.99324495274368587E+02  6.98128762420914654E+02  5.25241545596319859E-01  6.70423900929983829E-01  4.26901333963665706E-05  2.47159078338891922E-05  8.86359923106123257E-10  0.00000000000000000E+00  0.00000000000000000E+00
  754.000000  6.89196025290426292E+02  6.88030033348103871E+02  5.12354473974543700E-01  6.53572404963909337E-01  4.12233970302795585E-05  2.38391395842715501E-05  8.47263330597595470E-10  0.00000000000000000E+00  0.00000000000000000E+00
  756.000000  6.79262254167606670E+02  6.78125152906134872E+02  4.99829926778161404E-01  6.37208525775261103E-01  3.98116756853395096E-05  2.29964326596905501E-05  8.10004169244469111E-10  0.00000000000000000E+00  0.00000000000000000E+00
  758.000000  6.69518451218800010E+02  6.68409418017414737E+02  4.87656348378339544E-01  6.21316213158632724E-01  3.84527284210669173E-05  2.21863455747671840E-05  7.74490715721651971E-10  0.00000000000000000E+00  0.00000000000000000E+00
  760.000000  6.59960025669614993E+02  6.58878264508636789E+02  4.75822596491098926E-01  6.05880011830455367E-01  3.71444129856125273E-05  2.14075029976296557E-05  7.40636097007259340E-10  0.00000000000000000E+00  0.00000000000000000E+00
  762.000000  6.50582521770887297E+02  6.49527262264365731E+02  4.64317925722668445E-01  5.90885036817003440E-01  3.58846811348149160E-05  2.06585924708957838E-05  7.08358019334588093E-10  0.00000000000000000E+00  0.00000000000000000E+00
  764.000000  6.41381614108118015E+02  6.40352110575696656E+02  4.53131971838514003E-01  5.76316949969724712E-01  3.46715741896074214E-05  1.99383613075640146E-05  6.77578513117883954E-10  0.00000000000000000E+00  0.00000000000000000E+00
  766.000000  6.32353103098789120E+02  6.31348633675036240E+02  4.42254736721112485E-01  5.62161937551057034E-01  3.35032188187559218E-05  1.92456136518016918E-05  6.48223692860651491E-10  0.00000000000000000E+00  0.00000000000000000E+00
  768.000000  6.23492910668849277E+02  6.22512776448378190E+02  4.31676573983224121E-01  5.48406688836974965E-01  3.23778230347022045E-05  1.85792076952335223E-05  6.20223531120088434E-10  0.00000000000000000E+00  0.00000000000000000E+00
  770.000000  6.14797076100665663E+02  6.13840600317455255E+02  4.21388175205620552E-01  5.35038375685907619E-01  3.12936723910014521E-05  1.79380530399172628E-05  5.93511645662044175E-10  0.00000000000000000E+00  0.00000000000000000E+00
  772.000000  6.06261752044440072E+02  6.05328279283842562E+02  4.11380556769229189E-01  5.22044633025812721E-01  3.02491263704834148E-05  1.73211081997120267E-05  5.68025098995878466E-10  0.00000000000000000E+00  0.00000000000000000E+00
  774.000000  5.97883200685971133E+02  5.96972096127966324E+02  4.01645047253720799E-01  5.09413540214234684E-01  2.92426149539120475E-05  1.67273782322564188E-05  5.43704209531830592E-10  0.00000000000000000E+00  0.00000000000000000E+00
  776.000000  5.89657790063823199E+02  5.88768438756150658E+02  3.92173275375793717E-01  4.97133603228434473E-01  2.82726353594861937E-05  1.61559124942382310E-05  5.20492373651791928E-10  0.00000000000000000E+00  0.00000000000000000E+00
  778.000000  5.81581990529265340E+02  5.80713796689128799E+02  3.82957158441771361E-01  4.85193737644974976E-01  2.73377489440964268E-05  1.56058025130744168E-05  4.98335898029687311E-10  0.00000000000000000E+00  0.00000000000000000E+00
  780.000000  5.73652371342750598E+02  5.72804757685854497E+02  3.73988891290443048E-01  4.73583252370335273E-01  2.64365782577420937E-05  1.50761799685315385E-05  4.77183841580534574E-10  0.00000000000000000E+00  0.00000000000000000E+00
  782.000000  5.65865597400932415E+02  5.65038004496666872E+02  3.65260935703399292E-01  4.62291834086166697E-01  2.55678042430253166E-05  1.45662147782007252E-05  4.56987866456209430E-10  0.00000000000000000E+00  0.00000000000000000E+00
  784.000000  5.58218426088661204E+02  5.57410311740310703E+02  3.56766010261155619E-01  4.51309532374774280E-01  2.47301635720732230E-05  1.40751132811029564E-05  4.37702097543395947E-10  0.00000000000000000E+00  0.00000000000000000E+00
  786.000000  5.50707704250394386E+02  5.49918542899295971E+02  3.48497080624478983E-01  4.40626745492070704E-01  2.39224461136863759E-05  1.36021165140327693E-05  4.19282989953225889E-10  0.00000000000000000E+00  0.00000000000000000E+00
  788.000000  5.43330365276164457E+02  5.42559647428793028E+02  3.40447350221459000E-01  4.30234206757249382E-01  2.31434925239017238E-05  1.31464985755734920E-05  4.01689204024655841E-10  0.00000000000000000E+00  0.00000000000000000E+00
  790.000000  5.36083426296770313E+02  5.35330657973777420E+02  3.32610251321613315E-01  4.20122971529515443E-01  2.23921919535364654E-05  1.27075650729975867E-05  3.84881487393178286E-10  0.00000000000000000E+00  0.00000000000000000E+00
  792.000000  5.28963985484059322E+02  5.28228687690334937E+02  3.24979436479564787E-01  4.10284404744466480E-01  2.16674798666578550E-05  1.22846516475662686E-05  3.68822563705142714E-10  0.00000000000000000E+00  0.00000000000000000E+00
  794.000000  5.21969219451483696E+02  5.21250927666356802E+02  3.17548770331442576E-01  4.00710168983448078E-01  2.09683359642273717E-05  1.18771225739807674E-05  3.53477027583634471E-10  0.00000000000000000E+00  0.00000000000000000E+00
  796.000000  5.15096380750824437E+02  5.14394644437555030E+02  3.10312321728059615E-01  3.91392213050968885E-01  2.02937822075107930E-05  1.14843694299960469E-05  3.38811245476646962E-10  0.00000000000000000E+00  0.00000000000000000E+00
  798.000000  5.08342795461177730E+02  5.07657177594935831E+02  3.03264356189801743E-01  3.82322761036515801E-01  1.96428809361298255E-05  1.11058098324350790E-05  3.24793262041225912E-10  0.00000000000000000E+00  0.00000000000000000E+00
  800.000000  5.01705860866070282E+02  5.01035937479632821E+02  2.96399328668696616E-01  3.73494301838030618E-01  1.90147330759083514E-05  1.07408862360496230E-05  3.11392711738345827E-10  0.00000000000000000E+00  0.00000000000000000E+00
  802.000000  4.95183043215367377E+02  4.94528402961797553E+02  2.89711876604094754E-01  3.64899579125897655E-01  1.84084764319459280E-05  1.03890647918889764E-05  2.98580735333842272E-10  0.00000000000000000E+00  0.00000000000000000E+00
  804.000000  4.88771875568300914E+02  4.88132119299910414E+02  2.83196813258857760E-01  3.56531581726999003E-01  1.78232840625816695E-05  1.00498342620167313E-05  2.86329901018903865E-10  0.00000000000000000E+00  0.00000000000000000E+00
  806.000000  4.82469955714268963E+02  4.81844696077193476E+02  2.76849121323613889E-01  3.48383534409545004E-01  1.72583627301611844E-05  9.72270498759864443E-06  2.74614129881589032E-10  0.00000000000000000E+00  0.00000000000000000E+00
  808.000000  4.76274944168344348E+02  4.75663805212093791E+02  2.70663946777356057E-01  3.40448889050433134E-01  1.67129514247187759E-05  9.40720790755447740E-06  2.63408625476937710E-10  0.00000000000000000E+00  0.00000000000000000E+00
  810.000000  4.70184562238371313E+02  4.69587179039744342E+02  2.64636592993068909E-01  3.32721316167671366E-01  1.61863199569327140E-05  9.10289362512103823E-06  2.52689807258833687E-10  0.00000000000000000E+00  0.00000000000000000E+00
  812.000000  4.64196590160724554E+02  4.63612608461503953E+02  2.58762515077696320E-01  3.25194696801292704E-01  1.56777676168527778E-05  8.80933151982217186E-06  2.42435247650907437E-10  0.00000000000000000E+00  0.00000000000000000E+00
  814.000000  4.58308865302134564E+02  4.57737941160007665E+02  2.53037314436290406E-01  3.17863114727160223E-01  1.51866218951534044E-05  8.52610890248640008E-06  2.32623612547545264E-10  0.00000000000000000E+00  0.00000000000000000E+00
  816.000000  4.52519280424655221E+02  4.51961079876825465E+02  2.47456733550555114E-01  3.10720848988497056E-01  1.47122372637606175E-05  8.25283021107342293E-06  2.23234605048304223E-10  0.00000000000000000E+00  0.00000000000000000E+00
  818.000000  4.46825782011586284E+02  4.46279980750567972E+02  2.42016650962597668E-01  3.03762366731164357E-01  1.42539940129482755E-05  7.98911624520792863E-06  2.14248912241193435E-10  0.00000000000000000E+00  0.00000000000000000E+00
  820.000000  4.41226368651631219E+02  4.40692651712740997E+02  2.36713076455034560E-01  2.96982316328936902E-01  1.38112971420819193E-05  7.73460343742174289E-06  2.05648154861094439E-10  0.00000000000000000E+00  0.00000000000000000E+00
  822.000000  4.35719089479193372E+02  4.35197150939272433E+02  2.31542146419021905E-01  2.90375520786047114E-01  1.33835753013869824E-05  7.48894315922540220E-06  1.97414839660158761E-10  0.00000000000000000E+00  0.00000000000000000E+00
  824.000000  4.30302042668479999E+02  4.29791585355402788E+02  2.26500119402228861E-01  2.83936971404658067E-01  1.29702797822286005E-05  7.25180106022623890E-06  1.89532314336515783E-10  0.00000000000000000E+00  0.00000000000000000E+00
  826.000000  4.24973373979429027E+02  4.24474109191972218E+02  2.21583371829119663E-01  2.77661821705695200E-01  1.25708835535306273E-05  7.02285643861262662E-06  1.81984724877075489E-10  0.00000000000000000E+00  0.00000000000000000E+00
  828.000000  4.19731275353283252E+02  4.19242922590948524E+02  2.16788393886176295E-01  2.71545381591810353E-01  1.21848803420873927E-05  6.80180164140911200E-06  1.74756975178373891E-10  0.00000000000000000E+00  0.00000000000000000E+00
  830.000000  4.14573983556130486E+02  4.14096270258530069E+02  2.12111785565243599E-01  2.65583111742083988E-01  1.18117837546315845E-05  6.58834149300159639E-06  1.67834688817802060E-10  0.00000000000000000E+00  0.00000000000000000E+00
  832.000000  4.09499778868191981E+02  4.09032440163625324E+02  2.07550252858145101E-01  2.59770618228143790E-01  1.14511264396334767E-05  6.38219275050160341E-06  1.61204172854691090E-10  0.00000000000000000E+00  0.00000000000000000E+00
  834.000000  4.04506983817535342E+02  4.04049762280398738E+02  2.03100604096507403E-01  2.54103647342388328E-01  1.11024592869212219E-05  6.18308358460899964E-06  1.54852383548225634E-10  0.00000000000000000E+00  0.00000000000000000E+00
  836.000000  3.99593961956110775E+02  3.99146607372798826E+02  1.98759746430474477E-01  2.48578080628920256E-01  1.07653506632908742E-05  5.99075308469083494E-06  1.48766893885390453E-10  0.00000000000000000E+00  0.00000000000000000E+00
  838.000000  3.94759116676919518E+02  3.94321385819890565E+02  1.94524682440804841E-01  2.43189930108737101E-01  1.04393856823932858E-05  5.80495078687512596E-06  1.42935862818667814E-10  0.00000000000000000E+00  0.00000000000000000E+00
  840.000000  3.90000890070236210E+02  3.89572546479928064E+02  1.90392506878556217E-01  2.37935333690551698E-01  1.01241655072417685E-05  5.62543622400810491E-06  1.37348006118770930E-10  0.00000000000000000E+00  0.00000000000000000E+00
  842.000000  3.85317761817913834E+02  3.84898575592209738E+02  1.86360403527328994E-01  2.32810550759629808E-01  9.81930668380139814E-06  5.45197849639941032E-06  1.31992568753480019E-10  0.00000000000000000E+00  0.00000000000000000E+00
  844.000000  3.80708248124135935E+02  3.80297995715092782E+02  1.82425642182995951E-01  2.27811957936979809E-01  9.52444050417642870E-06  5.28435586232644814E-06  1.26859298708613536E-10  0.00000000000000000E+00  0.00000000000000000E+00
  846.000000  3.76170900681087005E+02  3.75769364698649838E+02  1.78585575745937725E-01  2.22936045001571936E-01  9.23921239799110093E-06  5.12235534732339822E-06  1.21938422171946113E-10  0.00000000000000000E+00  0.00000000000000000E+00
  848.000000  3.71704305668612960E+02  3.71311274691051608E+02  1.74837637421475095E-01  2.18179410968955267E-01  8.96328135063837963E-06  4.96577237133941351E-06  1.17220620005700056E-10  0.00000000000000000E+00  0.00000000000000000E+00
  850.000000  3.67307082786202557E+02  3.66922351177016822E+02  1.71179338023833671E-01  2.13538760319465615E-01  8.69631934712809854E-06  4.81441039288736487E-06  1.12697005437169457E-10  0.00000000000000000E+00  0.00000000000000000E+00
  852.000000  3.62977884316483255E+02  3.62601252047533762E+02  1.67608263379685513E-01  2.09010899369995146E-01  8.43801084033648625E-06  4.66808056936076781E-06  1.08359102901390216E-10  0.00000000000000000E+00  0.00000000000000000E+00
  854.000000  3.58715394218822041E+02  3.58346666699453863E+02  1.64122071827096400E-01  2.04592732783200615E-01  8.18805224251394294E-06  4.52660143273125381E-06  1.04198827973264329E-10  0.00000000000000000E+00  0.00000000000000000E+00
  856.000000  3.54518327251968856E+02  3.54157315163904059E+02  1.60718491806103536E-01  2.00281260208478862E-01  7.94615143896516489E-06  4.38979857988289708E-06  1.00208468330257356E-10  0.00000000000000000E+00  0.00000000000000000E+00
  858.000000  3.50385428124790280E+02  3.50031947262575613E+02  1.57395319537263850E-01  1.96073573049312999E-01  7.71202732287550409E-06  4.25750437687918726E-06  9.63806656901189922E-11  0.00000000000000000E+00  0.00000000000000000E+00
  860.000000  3.46315470673968150E+02  3.45969341790771978E+02  1.54150416784655242E-01  1.91966851351743045E-01  7.48540935029767848E-06  4.12955767649201393E-06  9.27083986711332371E-11  0.00000000000000000E+00  0.00000000000000000E+00
  862.000000  3.42307257067803789E+02  3.41968305726364918E+02  1.50981708699996692E-01  1.87958360809039937E-01  7.26603711437520016E-06  4.00580354835846900E-06  8.91849665254753568E-11  0.00000000000000000E+00  0.00000000000000000E+00
  864.000000  3.38359617035019937E+02  3.38027673463558813E+02  1.47887181744611435E-01  1.84045449877754674E-01  7.05365993790646645E-06  3.88609302116102344E-06  8.58039736989214923E-11  0.00000000000000000E+00  0.00000000000000000E+00
  866.000000  3.34471407117807360E+02  3.34146306070718595E+02  1.44864881686231073E-01  1.80225547000685493E-01  6.84803648341693821E-06  3.77028283626058389E-06  8.25593151728503322E-11  0.00000000000000000E+00  0.00000000000000000E+00
  868.000000  3.30641509948278213E+02  3.30323090571429020E+02  1.41912911667704950E-01  1.76496157932436171E-01  6.64893437993250902E-06  3.65823521223932981E-06  7.94451625469516409E-11  0.00000000000000000E+00  0.00000000000000000E+00
  870.000000  3.26868833547400300E+02  3.26556939247868229E+02  1.39029430344737776E-01  1.72854863163373229E-01  6.45612986569360407E-06  3.54981761983665504E-06  7.64559508232996249E-11  0.00000000000000000E+00  0.00000000000000000E+00
  872.000000  3.23152310645563659E+02  3.22846788965652081E+02  1.36212650089974574E-01  1.69299315437992481E-01  6.26940744608222717E-06  3.44490256678778938E-06  7.35863658546814372E-11  0.00000000000000000E+00  0.00000000000000000E+00
  874.000000  3.19490898024269086E+02  3.19191600519646329E+02  1.33460835260923033E-01  1.65827237364038149E-01  6.08855956607726264E-06  3.34336739210268360E-06  7.08313324221711896E-11  0.00000000000000000E+00  0.00000000000000000E+00
  876.000000  3.15883575877903525E+02  3.15590357999717185E+02  1.30772300529144042E-01  1.62436419108599100E-01  5.91338629657298502E-06  3.24509406933993681E-06  6.81860029087801237E-11  0.00000000000000000E+00  0.00000000000000000E+00
  878.000000  3.12329347195120874E+02  3.12042068175944962E+02  1.28145409268398403E-01  1.59124716177827807E-01  5.74369503394317695E-06  3.14996901845820413E-06  6.56457465379362973E-11  0.00000000000000000E+00  0.00000000000000000E+00
  880.000000  3.08827237159015112E+02  3.08545759902555574E+02  1.25578571999494543E-01  1.55890047276931010E-01  5.57930021225062140E-06  3.05788292584528317E-06  0.00000000000000000E+00  0.00000000000000000E+00  0.00000000000000000E+00
  882.000000  3.05376292565703011E+02  3.05100483539812672E+02  1.23070244889582764E-01  1.52730392247203806E-01  5.42002302753579363E-06  2.96873057214436363E-06  0.00000000000000000E+00  0.00000000000000000E+00  0.00000000000000000E+00
  884.000000  3.01975581259974319E+02  3.01705310393491345E+02  1.20618928303920556E-01  1.49643790077191502E-01  5.26569117364603912E-06  2.88241066751937855E-06  0.00000000000000000E+00  0.00000000000000000E+00  0.00000000000000000E+00
  886.000000  2.98624191588471376E+02  2.98359332171114090E+02  1.18223165408024328E-01  1.46628336984963359E-01  5.11613858908886321E-06  2.79882569401435766E-06  0.00000000000000000E+00  0.00000000000000000E+00  0.00000000000000000E+00
  888.000000  2.95321231868923462E+02  2.95061660454449395E+02  1.15881540818333392E-01  1.43682184568752036E-01  4.97120521442180844E-06  2.71788175468146505E-06  0.00000000000000000E+00  0.00000000000000000E+00  0.00000000000000000E+00
  890.000000  2.92065829875374959E+02  2.91811426187826783E+02  1.13592679299565166E-01  1.40803538023348246E-01  4.83073675970965036E-06  2.63948842916871641E-06  0.00000000000000000E+00  0.00000000000000000E+00  0.00000000000000000E+00
  892.000000  2.88857132338579106E+02  2.88607779181509500E+02  1.11355244506935985E-01  1.37990654419585829E-01  4.69458448160508036E-06  2.56355863547018533E-06  0.00000000000000000E+00  0.00000000000000000E+00  0.00000000000000000E+00
  894.000000  2.85694304461288368E+02  2.85449887629858665E+02  1.09167937771646434E-01  1.35241841044595523E-01  4.56260496962898705E-06  2.49000849756032849E-06  0.00000000000000000E+00  0.00000000000000000E+00  0.00000000000000000E+00
  896.000000  2.82576529447777432E+02  2.82336937643631870E+02  1.07029496927940573E-01  1.32555453800407036E-01  4.43465994124560009E-06  2.41875721864395559E-06  0.00000000000000000E+00  0.00000000000000000E+00  0.00000000000000000E+00
  898.000000  2.79503008047194214E+02  2.79268132796012310E+02  1.04938695180227165E-01  1.29929895658685318E-01  4.31061604534774720E-06  2.34972695976815448E-06  0.00000000000000000E+00  0.00000000000000000E+00  0.00000000000000000E+00
  900.000000  2.76472958110249067E+02  2.76242693681883509E+02  1.02894340008748586E-01  1.27363615169445388E-01  4.19034467378396720E-06  2.28284272355417687E-06  0.00000000000000000E+00  0.00000000000000000E+00  0.00000000000000000E+00
