# Wavelength || Total || n=1 | n=2 | ...
  300.000000  2.28566807179627949E+03  2.06093899493628169E+03  1.17414391365541093E+02  1.06363163084488605E+02  7.71507663551180167E-01  1.79065963313261051E-01  8.97814904909333155E-04  5.07518064356101193E-05  2.16392177030407586E-07
  302.000000  2.41515883565595777E+03  2.18341741295051725E+03  1.21461771169848703E+02  1.09313020180700235E+02  7.86500283040803549E-01  1.79186672355428483E-01  8.94709281436268972E-04  4.94800763022818695E-05  2.10137573985629387E-07
  304.000000  2.55070704522673623E+03  2.31177936154243753E+03  1.25633397197675279E+02  1.12311574938913083E+02  8.02463525629643404E-01  1.79306876958938405E-01  8.92685744524515982E-04  4.82550212622792480E-05  2.04356184953855752E-07
  306.000000  2.69265235827592187E+03  2.44634617658561820E+03  1.29941537530959664E+02  1.15364725458868307E+02  8.19542247922330214E-01  1.79437328589364897E-01  8.91847005995566647E-04  4.70779146462634962E-05  1.99043264779826040E-07
  308.000000  2.84136086155522253E+03  2.58746381583409720E+03  1.34399808346945889E+02  1.18478811915852802E+02  8.37898259897203235E-01  1.79588749227999389E-01  8.92305135852799742E-04  4.59498692796237707E-05  1.94195558327034351E-07
  310.000000  2.99722740294627329E+03  2.73550494207300289E+03  1.39023374141635543E+02  1.21660661842380136E+02  8.57713708692370180E-01  1.79771934609201572E-01  8.94184249045757991E-04  4.48718928994886655E-05  1.89811719055578774E-07
  312.000000  3.16067817442411615E+03  2.89087120519063592E+03  1.43829190311174415E+02  1.24917644193105716E+02  8.79195201726182596E-01  1.79997872966085160E-01  8.97623670316454207E-04  4.38449440707640035E-05  1.85892764351326344E-07
  314.000000  3.33217357950426685E+03  3.05399574413350592E+03  1.48836298800358151E+02  1.28257733987160776E+02  9.02578865524408136E-01  1.80277883564995411E-01  9.02781719353027627E-04  4.28699902909807545E-05  1.82442589218951220E-07
  316.000000  3.51221142500751193E+03  3.22534593199305527E+03  1.54066190816189987E+02  1.31689589851652187E+02  9.28136597977927136E-01  1.80623780795138661E-01  9.09840302364669411E-04  4.19480704083789754E-05  1.79468565121850706E-07
  318.000000  3.70133048475373653E+03  3.40542638999774908E+03  1.59543255060279620E+02  1.35222647500992224E+02  9.56183855183822651E-01  1.81048071628943041E-01  9.19010556401074789E-04  4.10803641047146535E-05  1.76982258186057403E-07
  320.000000  3.90011449275497489E+03  3.59478229896166704E+03  1.65295336030893907E+02  1.38867233153436672E+02  9.87089428683532888E-01  1.81564197144623296E-01  9.30539876284947141E-04  4.02682721079055384E-05  1.75000311663323659E-07
  322.000000  4.10919663620575648E+03  3.79400303972087750E+03  1.71354435372804602E+02  1.42634702216612880E+02  1.02128782827150610E+00  1.82186832906387541E-01  9.44720771372684282E-04  3.95135121459861487E-05  0.00000000000000000E+00
  324.000000  4.32926463671105466E+03  4.00372619715412520E+03  1.77757601028067739E+02  1.46537610429777345E+02  1.05929510972257046E+00  1.82932268957756577E-01  9.61902166399118490E-04  3.88182376656036281E-05  0.00000000000000000E+00
  326.000000  4.56106652692469379E+03  4.22464196517476194E+03  1.84548065580010217E+02  1.50589927275478829E+02  1.10172930625537902E+00  1.83818898997016589E-01  9.82504001924194674E-04  3.81851893920818932E-05  0.00000000000000000E+00
  328.000000  4.80541726554128400E+03  4.45749799172125768E+03  1.91776718977991948E+02  1.54807305241933221E+02  1.14933708427190662E+00  1.84867861591654470E-01  1.00703634395771539E-03  3.76178945269136785E-05  0.00000000000000000E+00
  330.000000  5.06320636639229724E+03  4.70310470102899490E+03  1.99504035286515915E+02  1.59207424012871968E+02  1.20302892149994767E+00  1.86103896735909963E-01  1.03612474101833700E-03  3.71209358126796843E-05  0.00000000000000000E+00
  332.000000  5.33540677004068766E+03  4.96234111970688264E+03  2.07802623648084023E+02  1.63810436811066296E+02  1.26392611674771027E+00  1.87556513210943826E-01  1.07054437124010646E-03  3.67003246504595351E-05  0.00000000000000000E+00
  334.000000  5.62308523946243076E+03  5.23616119853262626E+03  2.16760648784185776E+02  1.68639558423990934E+02  1.33342447689941501E+00  1.89261613926947986E-01  1.11126677024605994E-03  3.63640320831918495E-05  0.00000000000000000E+00
  336.000000  5.92741459649589706E+03  5.52560052227495635E+03  2.26486479479263920E+02  1.73721853374235991E+02  1.41328190827377909E+00  1.91263811498761455E-01  1.15952490469286391E-03  3.61227643050498500E-05  0.00000000000000000E+00
  338.000000  6.24968803474580909E+03  5.83178301300207841E+03  2.37115095614969761E+02  1.79089312512232510E+02  1.50574091081881400E+00  1.93619809060683323E-01  1.21690552439500301E-03  3.59911250434963854E-05  0.00000000000000000E+00
  340.000000  6.59133519281527606E+03  6.15592636268916522E+03  2.48817047202735495E+02  1.84780354905368824E+02  1.61370308203783219E+00  1.96403463775498582E-01  1.28548279117095179E-03  3.59894011906636478E-05  0.00000000000000000E+00
  342.000000  6.95393731529269371E+03  6.49934208311608108E+03  2.61811154076436083E+02  1.90841977529371292E+02  1.74098285138759423E+00  1.99713558333050073E-01  1.36801472666441145E-03  3.61463583273445783E-05  0.00000000000000000E+00
  344.000000  7.33922975143094300E+03  6.86341622276519320E+03  2.76382694165065971E+02  1.97332959117853733E+02  1.89268470427167834E+00  2.03685943788459473E-01  1.46823115372651174E-03  3.65036165092662244E-05  0.00000000000000000E+00
  346.000000  7.74905182225419412E+03  7.24952726336591877E+03  2.92909613723729308E+02  2.04329027397323671E+02  2.07577700933041376E+00  2.08512417079862122E-01  1.59121877238042105E-03  3.71220394261661364E-05  0.00000000000000000E+00
  348.000000  8.18516589726660732E+03  7.65881632472316505E+03  3.11901351995858306E+02  2.11931989517425819E+02  2.29998182421650688E+00  2.14467423939067703E-01  1.74369416344773653E-03  3.80878392141600545E-05  0.00000000000000000E+00
  350.000000  8.64894858350026152E+03  8.09179793324516049E+03  3.34062260711404292E+02  2.20285372930555695E+02  2.57911911725723275E+00  2.21923790460863635E-01  1.93420514170427791E-03  3.95002803131326685E-05  0.00000000000000000E+00
  352.000000  9.14103591520670489E+03  8.54786639527681655E+03  3.60403368317055310E+02  2.29599848550692286E+02  2.93289508262948040E+00  2.31188710846040979E-01  2.17796212214024744E-03  4.13065437141441768E-05  0.00000000000000000E+00
  354.000000  9.66317445302070155E+03  9.02689986618999137E+03  3.92463799757748689E+02  2.40175962289107474E+02  3.39002320059463935E+00  2.42257920003116217E-01  2.50037950073534517E-03  4.32837576512731735E-05  0.00000000000000000E+00
  356.000000  1.02177552481253188E+04  9.52873541632203160E+03  4.32666494290134153E+02  2.52108063458563805E+02  3.98637279197762684E+00  2.55930796772992630E-01  2.92394137910925245E-03  4.65244601581121865E-05  0.00000000000000000E+00
  358.000000  1.07945923873165484E+04  1.00393419567971105E+04  4.85064380541658124E+02  2.65191376948294817E+02  4.72190896331092880E+00  2.69319558116802360E-01  3.39427031365045154E-03  5.02377444005324062E-05  0.00000000000000000E+00
  360.000000  1.14272313381102176E+04  1.05842620916602918E+04  5.56604139590606110E+02  2.80548283006860515E+02  5.53158515355141223E+00  2.81457058549225481E-01  3.72967327194905418E-03  5.19670857712951150E-05  0.00000000000000000E+00
  362.000000  1.21671911434509966E+04  1.12034917136093009E+04  6.57012523079577591E+02  2.99697246654825562E+02  6.68971299156624166E+00  2.95691070263883971E-01  4.20424069301156885E-03  5.18047683633547811E-05  0.00000000000000000E+00
  364.000000  1.29981174955679962E+04  1.18595956199162702E+04  8.04161265007628799E+02  3.25370498354363917E+02  8.66373488439108819E+00  3.21054594396778747E-01  5.26880839431895492E-03  5.40025502156470601E-05  0.00000000000000000E+00
  366.000000  1.39197780777491953E+04  1.25120663493507454E+04  1.03205034688272167E+03  3.63422371027208499E+02  1.18629171703182799E+01  3.68935880347972422E-01  7.09594523357645005E-03  6.14926218117882575E-05  0.00000000000000000E+00
  368.000000  1.49497223608654494E+04  1.31102698789956630E+04  1.39710217452922916E+03  4.24890764924679956E+02  1.69943562639892072E+01  4.55088676728062302E-01  1.00207575265961295E-02  7.67176327600338406E-05  0.00000000000000000E+00
  370.000000  1.61033320268637381E+04  1.35998404548828912E+04  1.95232627192303653E+03  5.25765235851220723E+02  2.47844677274950094E+01  6.01087332053666601E-01  1.44061804234716893E-02  1.02966615902140611E-04  0.00000000000000000E+00
  372.000000  1.73674809593658283E+04  1.41173038567857366E+04  2.56484168182920712E+03  6.50776852268110702E+02  3.37563856604486645E+01  7.82638409362401144E-01  1.94089898170685012E-02  1.35423143430042577E-04  0.00000000000000000E+00
  374.000000  1.83920466372771189E+04  1.48932940505514161E+04  2.75320194206784026E+03  7.07221970716136411E+02  3.74322719984094832E+01  8.74855388319923155E-01  2.13936275617210014E-02  1.52927439398886276E-04  0.00000000000000000E+00
  376.000000  1.87473527813632609E+04  1.57728930041232998E+04  2.32889590548444403E+03  6.13547777391986301E+02  3.12506932615754032E+01  7.47594460744576139E-01  1.76757193182886276E-02  1.30921894214554633E-04  0.00000000000000000E+00
  378.000000  1.90118688417612502E+04  1.68045871594660894E+04  1.72678999956253620E+03  4.58744307162625375E+02  2.12364410018866998E+01  4.99074496151641844E-01  1.17760084104683894E-02  8.40635527223438441E-05  0.00000000000000000E+00
  380.000000  1.96688534621554609E+04  1.80016308832355462E+04  1.28535230213995419E+03  3.67864930782868498E+02  1.36663776855447754E+01  3.31537801532373833E-01  7.37956180583604002E-03  5.09482073628544747E-05  0.00000000000000000E+00
  382.000000  2.06287793325224666E+04  1.92681764788847249E+04  1.01849761284917054E+03  3.32820579394237768E+02  9.02968030984775716E+00  2.50220716246868757E-01  4.72630951577311231E-03  3.40587301228199486E-05  0.00000000000000000E+00
  384.000000  2.17646924849858769E+04  2.05719941814835729E+04  8.62307296015348697E+02  3.23922630819582878E+02  6.25264612918511808E+00  2.12544685080419377E-01  3.16017948162453533E-03  2.56736282955566980E-05  0.00000000000000000E+00
  386.000000  2.30138239329033968E+04  2.19126367200792956E+04  7.70101837023386793E+02  3.26353926944128773E+02  4.53439123733489957E+00  1.94831698087162053E-01  2.20464453023119398E-03  2.12766300742333078E-05  0.00000000000000000E+00
  388.000000  2.43466907938585828E+04  2.32938700925255471E+04  7.15298244243450995E+02  3.33909910001185381E+02  3.42437468763878394E+00  1.86557974900775470E-01  1.59561530128480341E-03  1.88105607972274808E-05  0.00000000000000000E+00
  390.000000  2.57468055030363284E+04  2.47169467175505597E+04  6.83099546126474706E+02  3.43897808531324074E+02  2.67724407013491117E+00  1.82978423416644803E-01  1.19100109463056024E-03  1.73333212234371234E-05  0.00000000000000000E+00
  392.000000  2.72019260464241415E+04  2.61795715711655394E+04  6.64981409719611293E+02  3.55034454763032045E+02  2.15587352302740154E+00  1.81808616161176717E-01  9.12248927017774661E-04  1.63878435653220135E-05  0.00000000000000000E+00
  394.000000  2.87002764593775792E+04  2.76759175512607580E+04  6.55768807402900393E+02  3.66627021500332376E+02  1.78048735554637916E+00  1.81861985306554147E-01  7.14135236346742273E-04  1.57375008463724408E-05  0.00000000000000000E+00
  396.000000  3.02288117296318997E+04  2.91967584139715946E+04  6.52127319605501953E+02  3.78240220067813766E+02  1.50271906487159090E+00  1.82472140554625462E-01  5.69529509316935999E-04  1.52520540383447310E-05  0.00000000000000000E+00
  398.000000  3.17724231828551056E+04  3.07296230460817605E+04  6.51770424465653946E+02  3.89553906995582906E+02  1.29209464480138547E+00  1.83234286885479214E-01  4.61524651659126720E-04  1.48557733447080662E-05  0.00000000000000000E+00
  400.000000  3.33136827106149431E+04  3.22590364078821949E+04  6.53032683186010331E+02  4.00300605229044891E+02  1.12873708813876306E+00  1.83883506406784469E-01  3.79220643696521911E-04  1.45025123455230571E-05  0.00000000000000000E+00
  402.000000  3.48329880644756558E+04  3.37669278782540205E+04  6.54636832395439569E+02  4.10239523659131635E+02  9.99279310527579678E-01  1.84235479776443917E-01  3.15376761237469840E-04  0.00000000000000000E+00  0.00000000000000000E+00
  404.000000  3.63090626373817431E+04  3.52332666441717156E+04  6.55568270739095510E+02  4.19148807667378776E+02  8.94492354729348071E-01  1.84157393473988990E-01  2.65055349040621807E-04  0.00000000000000000E+00  0.00000000000000000E+00
  406.000000  3.77197769545496922E+04  3.66369464350454000E+04  6.55011332306506802E+02  4.26827544164406902E+02  8.07864137121967030E-01  1.83554084794298800E-01  2.24811455948476592E-04  0.00000000000000000E+00  0.00000000000000000E+00
  408.000000  3.90432345353296114E+04  3.79568928516269007E+04  6.52321507311416667E+02  4.33102899709505664E+02  7.34722556707665841E-01  1.82361931564448049E-01  1.92193520281616165E-04  0.00000000000000000E+00  0.00000000000000000E+00
  410.000000  4.02590208479859575E+04  3.91733117335993084E+04  6.47017464715281221E+02  4.37839258648512612E+02  6.71679223110842272E-01  1.80546372769785191E-01  1.65426970212812229E-04  0.00000000000000000E+00  0.00000000000000000E+00
  412.000000  4.13494703136608878E+04  4.02689472341783257E+04  6.38781729218040027E+02  4.40946840226280017E+02  6.16266226874639056E-01  1.78100602886149512E-01  1.43208480685612979E-04  0.00000000000000000E+00  0.00000000000000000E+00
  414.000000  4.23007789336759888E+04  4.12301874750108764E+04  6.27461898977383044E+02  4.42387700179848991E+02  5.66691010653916361E-01  1.75043928331088644E-01  1.24568905254623518E-04  0.00000000000000000E+00  0.00000000000000000E+00
  416.000000  4.31037938386894748E+04  4.20478563192283400E+04  6.13066744471475204E+02  4.42177582849125315E+02  5.21664413751492084E-01  1.71418946931431698E-01  1.08779845356073537E-04  0.00000000000000000E+00  0.00000000000000000E+00
  418.000000  4.37543518138391009E+04  4.27175673063386421E+04  5.95753978593546663E+02  4.40382871519104810E+02  4.80274825332716815E-01  1.67287273883300919E-01  9.52885924919184829E-05  0.00000000000000000E+00  0.00000000000000000E+00
  420.000000  4.42531110843176866E+04  4.32395846093616638E+04  5.75808970047045250E+02  4.37112804816679500E+02  4.41892407591901293E-01  1.62724012734256934E-01  8.36719684715162861E-05  0.00000000000000000E+00  0.00000000000000000E+00
  422.000000  4.46049078806586404E+04  4.36182199975261901E+04  5.53615903499361593E+02  4.32508000252584736E+02  4.06094259607691577E-01  1.57811517804098772E-01  7.36030923002458222E-05  0.00000000000000000E+00  0.00000000000000000E+00
  424.000000  4.48177496138647330E+04  4.38608728609826358E+04  5.29624497685221399E+02  4.26726951581569949E+02  3.72605617567725422E-01  1.52633170491039666E-01  6.48272499771841698E-05  0.00000000000000000E+00  0.00000000000000000E+00
  426.000000  4.49016103801722784E+04  4.39768732725324808E+04  5.04316116667836752E+02  4.19932411400781291E+02  3.41254543481356809E-01  1.47267883333709965E-01  5.71443604977047066E-05  0.00000000000000000E+00  0.00000000000000000E+00
  428.000000  4.48672114966287627E+04  4.39763053920052189E+04  4.78172914105766097E+02  4.12279415680616580E+02  3.11938557035892128E-01  1.41785883804651486E-01  5.03963184127011909E-05  0.00000000000000000E+00  0.00000000000000000E+00
  430.000000  4.47249506986782726E+04  4.38689708505797244E+04  4.51652712946103861E+02  4.03906242978817261E+02  2.84601636993658313E-01  1.36246078715164864E-01  4.44579176697828258E-05  0.00000000000000000E+00  0.00000000000000000E+00
  432.000000  4.44840983888580158E+04  4.36636085195240230E+04  4.25170935611753862E+02  3.94928980312995179E+02  2.59219146184187010E-01  1.30695032846342513E-01  3.92302147240832224E-05  0.00000000000000000E+00  0.00000000000000000E+00
  434.000000  4.41523218189129257E+04  4.33674317062464397E+04  3.99089378236836637E+02  3.85439745656976186E+02  2.35786766399708497E-01  1.25167371107983899E-01  3.46351585818270417E-05  0.00000000000000000E+00  0.00000000000000000E+00
  436.000000  4.37355414330595086E+04  4.29859889764173131E+04  3.73710321167692257E+02  3.75508109321497443E+02  2.14308277499270977E-01  1.19687265203725288E-01  3.06102975517964345E-05  0.00000000000000000E+00  0.00000000000000000E+00
  438.000000  4.32380774145328614E+04  4.25233095335603284E+04  3.49273882344316007E+02  3.65184923090588200E+02  1.94777834362957564E-01  1.14270600523284138E-01  2.71027482369434319E-05  0.00000000000000000E+00  0.00000000000000000E+00
  440.000000  4.26630142564030029E+04  4.19822633519402953E+04  3.25957178037402002E+02  3.54507617645779021E+02  1.77157291273993989E-01  1.08927425521605156E-01  2.40627248154808665E-05  0.00000000000000000E+00  0.00000000000000000E+00
  442.000000  4.20126981707896630E+04  4.13650514668733595E+04  3.03875621336314111E+02  3.43506039948488535E+02  1.61356849877633490E-01  1.03664343210339016E-01  2.14384090712751586E-05  0.00000000000000000E+00  0.00000000000000000E+00
  444.000000  4.12892830309427372E+04  4.06737412079840069E+04  2.83088062589200035E+02  3.32208023636280700E+02  1.47230970137093076E-01  9.84865887205476770E-02  1.91743922787384500E-05  0.00000000000000000E+00  0.00000000000000000E+00
  446.000000  4.04952492274201577E+04  3.99107705033742823E+04  2.63606648427403911E+02  3.20644064229778451E+02  1.34594546422667133E-01  9.33996280056893780E-02  1.72142642774451679E-05  0.00000000000000000E+00  0.00000000000000000E+00
  448.000000  3.96338325309256034E+04  3.90793605061881972E+04  2.45409672595804409E+02  3.08850675166024018E+02  1.23251270751791778E-01  8.84101994687808285E-02  1.55053591997158137E-05  0.00000000000000000E+00  0.00000000000000000E+00
  450.000000  3.87093175859065886E+04  3.81837947872307268E+04  2.28454017854891049E+02  2.96872220403019867E+02  1.13019616598939082E-01  8.35267986374176874E-02  1.40027081551863149E-05  0.00000000000000000E+00  0.00000000000000000E+00
  452.000000  3.77271736414063780E+04  3.72295452755996157E+04  2.12684606957323098E+02  2.84761239529887234E+02  1.03746977328672357E-01  7.87596716731764901E-02  1.26705521145091651E-05  0.00000000000000000E+00  0.00000000000000000E+00
  454.000000  3.66940347205237122E+04  3.62232474670477386E+04  1.98040339962661108E+02  2.72577469831403732E+02  9.53117706205599408E-02  7.41204296444815808E-02  1.14816407282812080E-05  0.00000000000000000E+00  0.00000000000000000E+00
  456.000000  3.56175468648449241E+04  3.51725463097691609E+04  1.84457408015683114E+02  2.60385896689316382E+02  8.76185376421304701E-02  6.96214176861306711E-02  1.04154363246780205E-05  0.00000000000000000E+00  0.00000000000000000E+00
  458.000000  3.45061179767620997E+04  3.40858467495818986E+04  1.71871132490692446E+02  2.48254219193915560E+02  8.05910666652525226E-02  6.52749727266788010E-02  9.45620457350349984E-06  0.00000000000000000E+00  0.00000000000000000E+00
  460.000000  3.33686108500291593E+04  3.29720083496469524E+04  1.60217122730833353E+02  2.36250110006021629E+02  7.41663680384001406E-02  6.10926858356261177E-02  8.59147696233722150E-06  0.00000000000000000E+00  0.00000000000000000E+00
  462.000000  3.22140185888125889E+04  3.18400224759894591E+04  1.49432135986229611E+02  2.24438593896018943E+02  6.82903727106114883E-02  5.70847571889044267E-02  7.81098302635971826E-06  0.00000000000000000E+00  0.00000000000000000E+00
  464.000000  3.10511556281994453E+04  3.06987048879546674E+04  1.39454771638751822E+02  2.12879786788753421E+02  6.29152116936196049E-02  5.32594996061106496E-02  7.10597116477536573E-06  0.00000000000000000E+00  0.00000000000000000E+00
  466.000000  2.98883889282702185E+04  2.95564281301204755E+04  1.30226026463972261E+02  2.01627144576643843E+02  5.79976244229444202E-02  4.96230159069671883E-02  6.46879699815270492E-06  0.00000000000000000E+00  0.00000000000000000E+00
  468.000000  2.87334244352333153E+04  2.84209087571425953E+04  1.21689711629890937E+02  1.90726283450738464E+02  5.34980676833961069E-02  4.61790497305379077E-02  5.89267729821909603E-06  0.00000000000000000E+00  0.00000000000000000E+00
  470.000000  2.75931550625478558E+04  2.72990556509741473E+04  1.13792735570760655E+02  1.80214361423062599E+02  4.93802173876366490E-02  4.29289909541932940E-02  5.37153948477072441E-06  0.00000000000000000E+00  0.00000000000000000E+00
  472.000000  2.64735692254162750E+04  2.61968785129156095E+04  1.06485265666276973E+02  1.70119959257192306E+02  4.56106714618990591E-02  3.98720058085957688E-02  4.89992373278128582E-06  0.00000000000000000E+00  0.00000000000000000E+00
  474.000000  2.53797138211599449E+04  2.51194504962953615E+04  9.97207876298184175E+01  1.60463368758883632E+02  4.21587456024977159E-02  3.70052573634134102E-02  4.47291322694005357E-06  0.00000000000000000E+00  0.00000000000000000E+00
  476.000000  2.43157024996974214E+04  2.40709159069902016E+04  9.34560835296388888E+01  1.51257184602730234E+02  3.89963060474829842E-02  3.43241827210331932E-02  4.08607941640816783E-06  0.00000000000000000E+00  0.00000000000000000E+00
  478.000000  2.32847588251780617E+04  2.30545326543792871E+04  8.76511485083488964E+01  1.42507098144193407E+02  3.60976135318557198E-02  3.18227972624006358E-02  3.73543556432612473E-06  0.00000000000000000E+00  0.00000000000000000E+00
  480.000000  2.22892840534834722E+04  2.20727392499187845E+04  8.22690638434195733E+01  1.34212803133288503E+02  3.34391685426414023E-02  2.94940020456693659E-02  3.41739535356896227E-06  0.00000000000000000E+00  0.00000000000000000E+00
  482.000000  2.13309402747510321E+04  2.11272371616634300E+04  7.72758409821660024E+01  1.26368939544223394E+02  3.09995557680500279E-02  2.73298767089739034E-02  3.12873507931119661E-06  0.00000000000000000E+00  0.00000000000000000E+00
  484.000000  2.04107411814833795E+04  2.02190808297443182E+04  7.26402481763288961E+01  1.18966019461095811E+02  2.87592889630948999E-02  2.53219461148819040E-02  2.86655880676010119E-06  0.00000000000000000E+00  0.00000000000000000E+00
  486.000000  1.95291443996943126E+04  1.93487693105681865E+04  6.83336286329084857E+01  1.11991295792441534E+02  2.67006585099138979E-02  2.34614140041932463E-02  2.62826624325628458E-06  0.00000000000000000E+00  0.00000000000000000E+00
  488.000000  1.86861409415630915E+04  1.85163351262218530E+04  6.43297168046311043E+01  1.05429549180246255E+02  2.48075839415909348E-02  2.17393608973598315E-02  2.41152321079195911E-06  0.00000000000000000E+00  0.00000000000000000E+00
  490.000000  1.78813387719547791E+04  1.77214273195398018E+04  6.06044575800776499E+01  9.92637802410148566E+01  2.30654732605867288E-02  2.01469063890940513E-02  2.21423463564652021E-06  0.00000000000000000E+00  0.00000000000000000E+00
  492.000000  1.71140386666504892E+04  1.69633868933505291E+04  5.71358316637559440E+01  9.34758031734077690E+01  2.14610903335894880E-02  1.86753379398040369E-02  2.03451996059254883E-06  0.00000000000000000E+00  0.00000000000000000E+00
  494.000000  1.63833014651204448E+04  1.62413137322508665E+04  5.39036893045366412E+01  8.80467430537790960E+01  1.99824311280972187E-02  1.73162094459160983E-02  1.87069086255585905E-06  0.00000000000000000E+00  0.00000000000000000E+00
  496.000000  1.56880065033121336E+04  1.55541247846530441E+04  5.08895936770858413E+01  8.29574432381939886E+01  1.86186091272551070E-02  1.60614134516928117E-02  1.72123113789476760E-06  0.00000000000000000E+00  0.00000000000000000E+00
  498.000000  1.50269014861392589E+04  1.49006037553218848E+04  4.80766745897332228E+01  7.81887916619170085E+01  1.73597499299204781E-02  1.49032310161561574E-02  1.58477860321955967E-06  0.00000000000000000E+00  0.00000000000000000E+00
  500.000000  1.43986443646625230E+04  1.42794428632936542E+04  4.54494927354255438E+01  7.37219759154175165E+01  1.61968948046151556E-02  1.38343631123562499E-02  1.46010885256684475E-06  0.00000000000000000E+00  0.00000000000000000E+00
  502.000000  1.38018379581023510E+04  1.36892773953557607E+04  4.29939143800494747E+01  6.95386771604912468E+01  1.51219128039749816E-02  1.28479471245867890E-02  1.34612071081932340E-06  0.00000000000000000E+00  0.00000000000000000E+00
  504.000000  1.32350581403220949E+04  1.31287138653958682E+04  4.06969961622062399E+01  6.56212125396460237E+01  1.41274209443829520E-02  1.19375616056448860E-02  1.24182322707738513E-06  0.00000000000000000E+00  0.00000000000000000E+00
  506.000000  1.26968764229764074E+04  1.25963526033984126E+04  3.85468795347855675E+01  6.19526349629673305E+01  1.32067118990258359E-02  1.10972220194280168E-02  1.14632405881484926E-06  0.00000000000000000E+00  0.00000000000000000E+00
  508.000000  1.21858777359524447E+04  1.20908055673409417E+04  3.65326942916344777E+01  5.85167982026571778E+01  1.23536886294378020E-02  1.03213697627984949E-02  1.05881910688131490E-06  0.00000000000000000E+00  0.00000000000000000E+00
  510.000000  1.17006741472794038E+04  1.16107101138556100E+04  3.46444705767370564E+01  5.52983942067335121E+01  1.15628053808943393E-02  9.60485635827132596E-03  9.78583271794884542E-07  0.00000000000000000E+00  0.00000000000000000E+00
  512.000000  1.12399151919442957E+04  1.11547393918040725E+04  3.28730587569329487E+01  5.22829685394956059E+01  1.08290144832754020E-02  8.94292434835584384E-03  9.04962212604797991E-07  0.00000000000000000E+00  0.00000000000000000E+00
  514.000000  1.08022954008694596E+04  1.07216099456678821E+04  3.12100565435461235E+01  4.94569189161315990E+01  1.01477184256254776E-02  8.33118610847623578E-03  8.37365000400937759E-07  0.00000000000000000E+00  0.00000000000000000E+00
  516.000000  1.03865595434979441E+04  1.03100870386793158E+04  2.96477427666012368E+01  4.68074809485356127E+01  9.51472670538766087E-03  7.76560152851789656E-03  7.75257568974401332E-07  0.00000000000000000E+00  0.00000000000000000E+00
  518.000000  9.99150602370072556E+03  9.91898813260711540E+03  2.81790172327517716E+01  4.43227044704213995E+01  8.92621698921793397E-03  7.24245529051295318E-03  7.18156874983692829E-07  0.00000000000000000E+00  0.00000000000000000E+00
  520.000000  9.61598880117801491E+03  9.54718489418335957E+03  2.67973461310736596E+01  4.19914231635083794E+01  8.37870015932644548E-03  6.75833428749698494E-03  6.65625689141044370E-07  0.00000000000000000E+00  0.00000000000000000E+00
  522.000000  9.25891815010402934E+03  9.19360403824787682E+03  2.54967124867384740E+01  3.98032196577103647E+01  7.86898885593281458E-03  6.31010558110396344E-03  6.17267948342591994E-07  0.00000000000000000E+00  0.00000000000000000E+00
  524.000000  8.91926051379385717E+03  8.85722726513829002E+03  2.42715711996196610E+01  3.77483878188836641E+01  7.39416916180139164E-03  5.89489517799916124E-03  5.72724606322212539E-07  0.00000000000000000E+00  0.00000000000000000E+00
  526.000000  8.59603766836650902E+03  8.53709050439278508E+03  2.31168082416465097E+01  3.58178935574863075E+01  6.95157510828726868E-03  5.51006781290624623E-03  5.31669927324176657E-07  0.00000000000000000E+00  0.00000000000000000E+00
  528.000000  8.28832536927634101E+03  8.23228263800631612E+03  2.20277036224041716E+01  3.40033351802454362E+01  6.53876571356395032E-03  5.15320785441755660E-03  4.93808173504317318E-07  0.00000000000000000E+00  0.00000000000000000E+00
  530.000000  7.99525162154917871E+03  7.94194384366349550E+03  2.09998977665341435E+01  3.22969040545902786E+01  6.15350429256918564E-03  4.82210139514463541E-03  4.58870642330044037E-07  0.00000000000000000E+00  0.00000000000000000E+00
  532.000000  7.71599468687304216E+03  7.66526367085572383E+03  2.00293609785128623E+01  3.06913461528405449E+01  5.79373980464458795E-03  4.51471954676232849E-03  4.26613015207164947E-07  0.00000000000000000E+00  0.00000000000000000E+00
  534.000000  7.44978091768597187E+03  7.40147893991417459E+03  1.91123657002667180E+01  2.91799248817594936E+01  5.45759002892848375E-03  4.22920293036478483E-03  3.96812982971207165E-07  0.00000000000000000E+00  0.00000000000000000E+00
  536.000000  7.19588248939866753E+03  7.14987153508523443E+03  1.82454612946883756E+01  2.77563854757650716E+01  5.14332637937673851E-03  3.96384733097048837E-03  3.69268117794517880E-07  0.00000000000000000E+00  0.00000000000000000E+00
  538.000000  6.95361508630426488E+03  6.90976614726359367E+03  1.74254511135218095E+01  2.64149211326959694E+01  4.84936019098046196E-03  3.71709047011271757E-03  3.43793964529220537E-07  0.00000000000000000E+00  0.00000000000000000E+00
  540.000000  6.72233558401210757E+03  6.68052800933615254E+03  1.66493716313073037E+01  2.51501409942584431E+01  4.57423032646840470E-03  3.48749984069600697E-03  3.20222327576426635E-07  0.00000000000000000E+00  0.00000000000000000E+00
  542.000000  6.50143976093327183E+03  6.46156065681837936E+03  1.59144734482472341E+01  2.39570400147336642E+01  4.31659196868786846E-03  3.27376154246440936E-03  2.98399732088157077E-07  0.00000000000000000E+00  0.00000000000000000E+00
  544.000000  6.29036006303853082E+03  6.25230373818213866E+03  1.52182039840875802E+01  2.28309707175880092E+01  4.07520647810916473E-03  3.07467005354067216E-03  2.78186040709625899E-07  0.00000000000000000E+00  0.00000000000000000E+00
  546.000000  6.08856343944953551E+03  6.05223089262921440E+03  1.45581917025310421E+01  2.17676168072554432E+01  3.84893220764517645E-03  2.88911887278178866E-03  2.59453209191363011E-07  0.00000000000000000E+00  0.00000000000000000E+00
  548.000000  5.89554926112741032E+03  5.86084770777556605E+03  1.39322317214646354E+01  2.07629685801484669E+01  3.63671617837145683E-03  2.71609196855970066E-03  2.42084166076107848E-07  0.00000000000000000E+00  0.00000000000000000E+00
  550.000000  5.71084733073862844E+03  5.67768976552874119E+03  1.33382726785176366E+01  1.98133000628961327E+01  3.43758652990608631E-03  2.55465597154562810E-03  2.25971803322513148E-07  0.00000000000000000E+00  0.00000000000000000E+00
  552.000000  5.53401598849204584E+03  5.50232078115273907E+03  1.27744047342900160E+01  1.89151477952781022E+01  3.25064566828118509E-03  2.40395305179169150E-03  2.11018066192151401E-07  0.00000000000000000E+00  0.00000000000000000E+00
  554.000000  5.36464031620038077E+03  5.33433083796851861E+03  1.22388486071643072E+01  1.80652911690990337E+01  3.07506404223881723E-03  2.26319442359772293E-03  1.97133132021379136E-07  0.00000000000000000E+00  0.00000000000000000E+00
  556.000000  5.20233043986651865E+03  5.17333471817810278E+03  1.17299455440220548E+01  1.72607342312473229E+01  2.91007448610569640E-03  2.13165442511241551E-03  1.84234668644688339E-07  0.00000000000000000E+00  0.00000000000000000E+00
  558.000000  5.04671992961742308E+03  5.01897032881382438E+03  1.12461481405474242E+01  1.64986888586068012E+01  2.75496707383691584E-03  2.00866512319556765E-03  1.72247164249267641E-07  0.00000000000000000E+00  0.00000000000000000E+00
  560.000000  4.89746429471731699E+03  4.87089722071343294E+03  1.07860119332297284E+01  1.57765592137200663E+01  2.60908443456603269E-03  1.89361139765375922E-03  1.61101321337391839E-07  0.00000000000000000E+00  0.00000000000000000E+00
  562.000000  4.75423957060407247E+03  4.72879519762401924E+03  1.03481876927558165E+01  1.50919273926157214E+01  2.47181748512068132E-03  1.78592646247397444E-03  1.50733508267635274E-07  0.00000000000000000E+00  0.00000000000000000E+00
  564.000000  4.61674099434121308E+03  4.59236301197590637E+03  9.93141435529106253E+00  1.44425401796062118E+01  2.34260153953271639E-03  1.68508778506260720E-03  1.41085262549684883E-07  0.00000000000000000E+00  0.00000000000000000E+00
  566.000000  4.48468176451880208E+03  4.46131714349843787E+03  9.53451253427280498E+00  1.38262968278603608E+01  2.22091275965090491E-03  1.59061336771824458E-03  1.32102840691737825E-07  0.00000000000000000E+00  0.00000000000000000E+00
  568.000000  4.35779188142914154E+03  4.33539065663234760E+03  9.15637856086119761E+00  1.32412377889218256E+01  2.10626491460916233E-03  1.50205835860329367E-03  1.23736809953440098E-07  0.00000000000000000E+00  0.00000000000000000E+00
  570.000000  4.23581706323618528E+03  4.21433213257687930E+03  8.79597900612710504E+00  1.26855343188549110E+01  1.99820642015204834E-03  1.41901196231501193E-03  1.15941677848809863E-07  0.00000000000000000E+00  0.00000000000000000E+00
  572.000000  4.11851773385802608E+03  4.09790467180123323E+03  8.45234564254115561E+00  1.21574788933210893E+01  1.89631763173188318E-03  1.34109462279830851E-03  1.08675555680863374E-07  0.00000000000000000E+00  0.00000000000000000E+00
  574.000000  4.00566807832504901E+03  3.98588496288461511E+03  8.12457080631455320E+00  1.16554763683976912E+01  1.80020836788685745E-03  1.26795545377817094E-03  1.01899852777824848E-07  0.00000000000000000E+00  0.00000000000000000E+00
  576.000000  3.89705516148640436E+03  3.87806241365111873E+03  7.81180312577297187E+00  1.11780358283968493E+01  1.70951564273822657E-03  1.19926989413801145E-03  9.55789984467281189E-08  0.00000000000000000E+00  0.00000000000000000E+00
  578.000000  3.79247810607373003E+03  3.77423834069449913E+03  7.51324358419406124E+00  1.07237630662000818E+01  1.62390158852677166E-03  1.13473756773108418E-03  8.96801889679634971E-08  0.00000000000000000E+00  0.00000000000000000E+00
  580.000000  3.69174732628898937E+03  3.67422521353879438E+03  7.22814188846493533E+00  1.02913536456768338E+01  1.54305155097155455E-03  1.07408032899699115E-03  8.41731572285082827E-08  0.00000000000000000E+00  0.00000000000000000E+00
  582.000000  3.59468381326372946E+03  3.57784594985470176E+03  6.95579311756594709E+00  9.87958649961206170E+00  1.46667234190793602E-03  1.01704047747854984E-03  7.90299628363208604E-08  0.00000000000000000E+00  0.00000000000000000E+00
  584.000000  3.50111846892259473E+03  3.48493325833115341E+03  6.69553462727088089E+00  9.48731802018461323E+00  1.39449063516056647E-03  9.63379125902814968E-04  7.42248007765718965E-08  0.00000000000000000E+00  0.00000000000000000E+00
  586.000000  3.41089148497107726E+03  3.39532902598312467E+03  6.44674318959995407E+00  9.11347660241804114E+00  1.32625149295133543E-03  9.12874707916757266E-04  6.97338268653112020E-08  0.00000000000000000E+00  0.00000000000000000E+00
  588.000000  3.32385176392059748E+03  3.30888374686473617E+03  6.20883234750974733E+00  8.75705760419261914E+00  1.26171701135270619E-03  8.65321612865560010E-04  6.55349984304271410E-08  0.00000000000000000E+00  0.00000000000000000E+00
  590.000000  3.23985637924890761E+03  3.22545598933689735E+03  5.98124996705717926E+00  8.41711868933472829E+00  1.20066507438134056E-03  8.20528936177721013E-04  6.16079288055449245E-08  0.00000000000000000E+00  0.00000000000000000E+00
  592.000000  3.15877007197768353E+03  3.14491189921832256E+03  5.76347597086215480E+00  8.09277552302295611E+00  1.14288820730474336E-03  7.78319334988581118E-04  5.79337543619777190E-08  0.00000000000000000E+00  0.00000000000000000E+00
  594.000000  3.08046478112418754E+03  3.06712473631980492E+03  5.55502023812746604E+00  7.78319779126012889E+00  1.08819252061226617E-03  7.38527979600480159E-04  5.44950129287611014E-08  0.00000000000000000E+00  0.00000000000000000E+00
  596.000000  3.00481920565325709E+03  2.99197444202739462E+03  5.35542065777641696E+00  7.48760551848126887E+00  1.03639673689322762E-03  7.01001592253734369E-04  5.12755325627730296E-08  0.00000000000000000E+00  0.00000000000000000E+00
  598.000000  2.93171839571453665E+03  2.91934723575548014E+03  5.16424132243926071E+00  7.20526565949736497E+00  9.87331293578645915E-04  6.65597565474710111E-04  4.82603297313263597E-08  0.00000000000000000E+00  0.00000000000000000E+00
  600.000000  2.86105337110544997E+03  2.84913523824330468E+03  4.98107085209380251E+00  6.93548894394758086E+00  9.40837515146513478E-04  6.32183152985674721E-04  4.54355160598498346E-08  0.00000000000000000E+00  0.00000000000000000E+00
  602.000000  2.79272076504046436E+03  2.78123611980574788E+03  4.80552083712490496E+00  6.67762695322777144E+00  8.96766848971220810E-04  6.00634726809330774E-04  4.27882128781748750E-08  0.00000000000000000E+00  0.00000000000000000E+00
  604.000000  2.72662249144437874E+03  2.71555277178384404E+03  4.63722439144924881E+00  6.43106941152410982E+00  8.54980159521579624E-04  5.70837094788830142E-04  4.03064728717621489E-08  0.00000000000000000E+00  0.00000000000000000E+00
  606.000000  2.66266543411295197E+03  2.65199299956378036E+03  4.47583480714530335E+00  6.19524167409742521E+00  8.15347076086652724E-04  5.42682873275272793E-04  3.79792082096834352E-08  0.00000000000000000E+00  0.00000000000000000E+00
  608.000000  2.60076115620383234E+03  2.59046923565062298E+03  4.32102430275532079E+00  5.96960239735780629E+00  7.77745389636436764E-04  5.16071910215641898E-04  3.57961245800846094E-08  0.00000000000000000E+00  0.00000000000000000E+00
  610.000000  2.54082562862996929E+03  2.53089827139035060E+03  4.17248285808014430E+00  5.75364137654208108E+00  7.42060494812887502E-04  4.90910754309067466E-04  3.37476606169574274E-08  0.00000000000000000E+00  0.00000000000000000E+00
  612.000000  2.48277897603185420E+03  2.47320100603612445E+03  4.02991712888898945E+00  5.54687753797603822E+00  7.08184873397351669E-04  4.67112166293168305E-04  3.18249322498719602E-08  0.00000000000000000E+00  0.00000000000000000E+00
  614.000000  2.42654523910083844E+03  2.41730221194905062E+03  3.89304943550989968E+00  5.34885707397345822E+00  6.76017615919473846E-04  4.44594668778746228E-04  3.00196815514985406E-08  0.00000000000000000E+00  0.00000000000000000E+00
  616.000000  2.37205215211373843E+03  2.36313031481014332E+03  3.76161681976121054E+00  5.15915170939959111E+00  6.45463978360433016E-04  4.23282131373585815E-04  2.83242296966525206E-08  0.00000000000000000E+00  0.00000000000000000E+00
  618.000000  2.31923093462445195E+03  2.31061718780439196E+03  3.63537016514064160E+00  4.97735708982859570E+00  6.16434971166278595E-04  4.03103388128940858E-04  2.67314336818236264E-08  0.00000000000000000E+00  0.00000000000000000E+00
  620.000000  2.26801609633200587E+03  2.25969795881027494E+03  3.51407337559578670E+00  4.80309128203772762E+00  5.88846978023949662E-04  3.83991884606534268E-04  2.52346464858704338E-08  0.00000000000000000E+00  0.00000000000000000E+00
  622.000000  2.21834525421828221E+03  2.21031082970078251E+03  3.39750260858045294E+00  4.63599337833717762E+00  5.62621402069229818E-04  3.65885352104410662E-04  2.38276803813483650E-08  0.00000000000000000E+00  0.00000000000000000E+00
  624.000000  2.17015896111301208E+03  2.16239690692530394E+03  3.28544555844158648E+00  4.47572219691763884E+00  5.37684337392126685E-04  3.48725506797254966E-04  2.25047731319115899E-08  0.00000000000000000E+00  0.00000000000000000E+00
  626.000000  2.12340054490607736E+03  2.11590004260325304E+03  3.17770078649842347E+00  4.32195507102975895E+00  5.13966263884001705E-04  3.32457771744455971E-04  2.12605568347883002E-08  0.00000000000000000E+00  0.00000000000000000E+00
  628.000000  2.07801595768296647E+03  2.07076668541524987E+03  3.07407709446045452E+00  4.17438672038330694E+00  4.91401763633359597E-04  3.17031019898041772E-04  2.00900291886427168E-08  0.00000000000000000E+00  0.00000000000000000E+00
  630.000000  2.03395363411212293E+03  2.02694574062976426E+03  2.97439293809415739E+00  4.03272819868263177E+00  4.69929257225545991E-04  3.02397336405357711E-04  1.89885269864765303E-08  0.00000000000000000E+00  0.00000000000000000E+00
  632.000000  1.99116435846073523E+03  1.98438843865024160E+03  2.87847587828849560E+00  3.89670591169637159E+00  4.49490758436455276E-04  2.88511798648802937E-04  1.79517016507430026E-08  0.00000000000000000E+00  0.00000000000000000E+00
  634.000000  1.94960113966157132E+03  1.94304821151308238E+03  2.78616206689024848E+00  3.76606070070454857E+00  4.30031645933956215E-04  2.75332272599298588E-04  1.69754966437696476E-08  0.00000000000000000E+00  0.00000000000000000E+00
  636.000000  1.90921909389360735E+03  1.90288057680642646E+03  2.69729576488060063E+00  3.64054698656900122E+00  4.11500450712786023E-04  2.62819224181840103E-04  1.60561266010182219E-08  0.00000000000000000E+00  0.00000000000000000E+00
  638.000000  1.86997533417951968E+03  1.86384302851942675E+03  2.61172889065159497E+00  3.51993197004849279E+00  3.93848658091687292E-04  2.50935544462625791E-04  1.51900580478531075E-08  0.00000000000000000E+00  0.00000000000000000E+00
  640.000000  1.83182886653551418E+03  1.82589493436360704E+03  2.52932059630716699E+00  3.40399488431529118E+00  3.77030523194911427E-04  2.39646387567718684E-04  1.43739915723921944E-08  0.00000000000000000E+00  0.00000000000000000E+00
  642.000000  1.79474049224577720E+03  1.78899743914422902E+03  2.44993687007421101E+00  3.29252629594981805E+00  3.61002898926700408E-04  2.28919020335504908E-04  1.36048453378968434E-08  0.00000000000000000E+00  0.00000000000000000E+00
  644.000000  1.75867271586100878E+03  1.75311337378635108E+03  2.37345016304818079E+00  3.18532745097148107E+00  3.45725075525058390E-04  2.18722682788420066E-04  1.28797398280099783E-08  0.00000000000000000E+00  0.00000000000000000E+00
  646.000000  1.72358965855056022E+03  1.71820716964991243E+03  2.29973903863187035E+00  3.08220966273035568E+00  3.31158630853427944E-04  2.09028458585836777E-04  1.21959837271496098E-08  0.00000000000000000E+00  0.00000000000000000E+00
  648.000000  1.68945697646227973E+03  1.68424477779241397E+03  2.22868784314499413E+00  2.98299373872422713E+00  3.17267290654480773E-04  1.99809154689266724E-04  1.15510608465550615E-08  0.00000000000000000E+00  0.00000000000000000E+00
  650.000000  1.65624178377030898E+03  1.65119359286355120E+03  2.16018639619651509E+00  2.88750944363127804E+00  3.04016798050554512E-04  1.91039189534618630E-04  1.09426180139500120E-08  0.00000000000000000E+00  0.00000000000000000E+00
  652.000000  1.62391258011089349E+03  1.61902238133568494E+03  2.09412969951066241E+00  2.79559499604865103E+00  2.91374791630404084E-04  1.82694489063748710E-04  1.03684538515902834E-08  0.00000000000000000E+00  0.00000000000000000E+00
  654.000000  1.59243918212940775E+03  1.58770121379688499E+03  2.03041766299542736E+00  2.70709659661946267E+00  2.79310691512797552E-04  1.74752390020579306E-04  9.82650837367873377E-09  0.00000000000000000E+00  0.00000000000000000E+00
  656.000000  1.56179265887862198E+03  1.55720140104983830E+03  1.96895484692632983E+00  2.62186798539954768E+00  2.67795592823788628E-04  1.67191549965004356E-04  9.31485333979695687E-09  0.00000000000000000E+00  0.00000000000000000E+00
  658.000000  1.53194527082828745E+03  1.52749543377974601E+03  1.90965021920162026E+00  2.53977002647848238E+00  2.56802166067456646E-04  1.59991863502084649E-04  8.83168330618306348E-09  0.00000000000000000E+00  0.00000000000000000E+00
  660.000000  1.50287041226046358E+03  1.49855692556843201E+03  1.85241692669623270E+00  2.46067031801196867E+00  2.46304563908892704E-04  1.53134384264076641E-04  8.37530732141492941E-09  0.00000000000000000E+00  0.00000000000000000E+00
  662.000000  1.47454255684189570E+03  1.47036055904859177E+03  1.79717207981270555E+00  2.38444282596072155E+00  2.36278333924530635E-04  1.46601252219850990E-04  7.94414121738627789E-09  0.00000000000000000E+00  0.00000000000000000E+00
  664.000000  1.44693720617776830E+03  1.44288203500492682E+03  1.74383654938874133E+00  2.31096753995312154E+00  2.26700336907932306E-04  1.40375625919843608E-04  7.53670045041336322E-09  0.00000000000000000E+00  0.00000000000000000E+00
  666.000000  1.42003084116486571E+03  1.41609802424243958E+03  1.69233477518022801E+00  2.24013014980460445E+00  2.17548670349723537E-04  1.34441619315612231E-04  7.15159345093504122E-09  0.00000000000000000E+00  0.00000000000000000E+00
  668.000000  1.39380087597425245E+03  1.38998612205410041E+03  1.64259458519266865E+00  2.17182174133225203E+00  2.08802596738527283E-04  1.28784242821342358E-04  6.78751544358023012E-09  0.00000000000000000E+00  0.00000000000000000E+00
  670.000000  1.36822561450453009E+03  1.36452480513087880E+03  1.59454702518314462E+00  2.10593851020001699E+00  2.00442476355559466E-04  1.23389348310528837E-04  6.44324270241044712E-09  0.00000000000000000E+00  0.00000000000000000E+00
  672.000000  1.34328420915802849E+03  1.33969339076830511E+03  1.54812619770255067E+00  2.04238149262119784E+00  1.92449704259506479E-04  1.18243577764895835E-04  6.11762720892949002E-09  0.00000000000000000E+00  0.00000000000000000E+00
  674.000000  1.31895662180079216E+03  1.31547199823210144E+03  1.50326911008873454E+00  1.98105631182605779E+00  1.84806651180199286E-04  1.13334315314320941E-04  5.80959168299566068E-09  0.00000000000000000E+00  0.00000000000000000E+00
  676.000000  1.29522358677755051E+03  1.29184151215563793E+03  1.45991553086261749E+00  1.92187293928123726E+00  1.77496608059946683E-04  1.08649642426648279E-04  5.51812495911537680E-09  0.00000000000000000E+00  0.00000000000000000E+00
  678.000000  1.27206657586036044E+03  1.26878354784935618E+03  1.41800785401507179E+00  1.86474546971705868E+00  1.70503734000158739E-04  1.04178296024578335E-04  5.24227768273721863E-09  0.00000000000000000E+00  0.00000000000000000E+00
  680.000000  1.24946776501802765E+03  1.24628041841061736E+03  1.37749097070698068E+00  1.80959190908547951E+00  1.63813007388090585E-04  9.99096293237575434E-05  4.98115830313796680E-09  0.00000000000000000E+00  0.00000000000000000E+00
  682.000000  1.22741000290005672E+03  1.22431510352900068E+03  1.33831214793584352E+00  1.75633397463113816E+00  1.57410179994559946E-04  9.58335752016622631E-05  4.73392934129408061E-09  0.00000000000000000E+00  0.00000000000000000E+00
  684.000000  1.20587678093653108E+03  1.20287121988961735E+03  1.30042091375271784E+00  1.70489690631541202E+00  1.51281733848302455E-04  9.19406119212138180E-05  4.49980391280036202E-09  0.00000000000000000E+00  0.00000000000000000E+00
  686.000000  1.18485220496060288E+03  1.18193299308222981E+03  1.26376894863927114E+00  1.65520928888398822E+00  1.45414840706123574E-04  8.82217310461157000E-05  4.27804248741554777E-09  0.00000000000000000E+00  0.00000000000000000E+00
  688.000000  1.16432096826698285E+03  1.16148523093058452E+03  1.22830998268119540E+00  1.60720288391773081E+00  1.39797323950814568E-04  8.46684073970533989E-05  4.06794986822356826E-09  0.00000000000000000E+00  0.00000000000000000E+00
  690.000000  1.14426832602473337E+03  1.14151329816122325E+03  1.19399969819690588E+00  1.56081247125068789E+00  1.34417622760314031E-04  8.12725709089957008E-05  3.86887237468620576E-09  0.00000000000000000E+00  0.00000000000000000E+00
  692.000000  1.12468007096842302E+03  1.12200309233671965E+03  1.16079563750323378E+00  1.51597569918114417E+00  1.29264758402574412E-04  7.80265802601284273E-05  3.68019521505270552E-09  0.00000000000000000E+00  0.00000000000000000E+00
  694.000000  1.10554251029521561E+03  1.10294102098175631E+03  1.12865711551878389E+00  1.47263294293855096E+00  1.24328302520377340E-04  7.49231981523265249E-05  3.50134003468101360E-09  0.00000000000000000E+00  0.00000000000000000E+00
  696.000000  1.08684244370136889E+03  1.08431397983628881E+03  1.09754513692622835E+00  1.43072717090664714E+00  1.19598347279869808E-04  7.19555681318882122E-05  3.33176262783621340E-09  0.00000000000000000E+00  0.00000000000000000E+00
  698.000000  1.06856714249511128E+03  1.06610933217350293E+03  1.06742231763172857E+00  1.39020381813538063E+00  1.15065477265077594E-04  6.91171928472472950E-05  3.17095080145656698E-09  0.00000000000000000E+00  0.00000000000000000E+00
  700.000000  1.05070432972584808E+03  1.04831488912319423E+03  1.03825281027512850E+00  1.35101066670371073E+00  1.10720743008500656E-04  6.64019136477498261E-05  3.01842238022952138E-09  0.00000000000000000E+00  0.00000000000000000E+00
  702.000000  1.03324216127514956E+03  1.03091889094665976E+03  1.01000223356200736E+00  1.31309773252649875E+00  1.06555636055573336E-04  6.38038914345570834E-05  2.87372334311303744E-09  0.00000000000000000E+00  0.00000000000000000E+00
  704.000000  1.01616920785631862E+03  1.01390998921050482E+03  9.82637605200853970E-01  1.27641715822247925E+00  1.02562065467356794E-04  6.13175886809332196E-05  2.73642608215803826E-09  0.00000000000000000E+00  0.00000000000000000E+00
  706.000000  9.99474437874138630E+02  9.97277229811513507E+02  9.56127278243452783E-01  1.24092311168725167E+00  9.87323356724103754E-05  5.89377525451387213E-05  2.60612777516269577E-09  0.00000000000000000E+00  0.00000000000000000E+00
  708.000000  9.83147201098154028E+02  9.81010036806472499E+02  9.30440880638136680E-01  1.20657169003643094E+00  9.50591255845666301E-05  5.66593990044766900E-05  2.48244886430373153E-09  0.00000000000000000E+00  0.00000000000000000E+00
  710.000000  9.67177213106049294E+02  9.65098197003993960E+02  9.05549257817304110E-01  1.17332082860632703E+00  9.15354689088843337E-05  5.44777979440776210E-05  2.36503163346304837E-09  0.00000000000000000E+00  0.00000000000000000E+00
  712.000000  9.51554540456699215E+02  9.49531845278379365E+02  8.81424418152100597E-01  1.14113021471964116E+00  8.81547355632497648E-05  5.23884591386561521E-05  2.25353887749501920E-09  0.00000000000000000E+00  0.00000000000000000E+00
  714.000000  9.36269586553676504E+02  9.34301450566738708E+02  8.58039481115984382E-01  1.10996120594093273E+00  8.49106141476409714E-05  5.03871190696925930E-05  2.14765265716526154E-09  0.00000000000000000E+00  0.00000000000000000E+00
  716.000000  9.21313078163748969E+02  9.19397802514302612E+02  8.35368628009858005E-01  1.07977675256555949E+00  8.17970953977218296E-05  4.84697285245439612E-05  2.04707313394413502E-09  0.00000000000000000E+00  0.00000000000000000E+00
  718.000000  9.06676052555425485E+02  9.04811998733367659E+02  8.13387055108806489E-01  1.05054132410000745E+00  7.88084565633744634E-05  4.66324409275740444E-05  1.95151747925158584E-09  0.00000000000000000E+00  0.00000000000000000E+00
  720.000000  8.92349845226377283E+02  8.90535432645059473E+02  7.92070929100362364E-01  1.02222083950861342E+00  7.59392466567151731E-05  4.48716013568991164E-05  1.86071885313829140E-09  0.00000000000000000E+00  0.00000000000000000E+00
  722.000000  8.78326078188326051E+02  8.76559781872839608E+02  7.71397344690068154E-01  9.94782601013241341E-01  7.31842725176031384E-05  4.31837362033891478E-05  1.77442544773975818E-09  0.00000000000000000E+00  0.00000000000000000E+00
  724.000000  8.64596648781679050E+02  8.62876997160350470E+02  7.51344284259207518E-01  9.68195231247798604E-01  7.05385856480910252E-05  4.15655434316012927E-05  1.69239959117336697E-09  0.00000000000000000E+00  0.00000000000000000E+00
  726.000000  8.51153718992552399E+02  8.49479291786539534E+02  7.31890579465036217E-01  9.42428613580151175E-01  6.79974697702329334E-05  4.00138834049675838E-05  1.61441690785107905E-09  0.00000000000000000E+00  0.00000000000000000E+00
  728.000000  8.37989705246698350E+02  8.36359131452852239E+02  7.13015874680725359E-01  9.17453835425822262E-01  6.55564290646602326E-05  3.85257702401051915E-05  1.54026553146325918E-09  0.00000000000000000E+00  0.00000000000000000E+00
  730.000000  8.25097268656573419E+02  8.23509224618996086E+02  6.94700592178187581E-01  8.93243134388757465E-01  6.32111770499395168E-05  3.70983636574702559E-05  1.46974536715126263E-09  0.00000000000000000E+00  0.00000000000000000E+00
  732.000000  8.12469305698716653E+02  8.10922513264690224E+02  6.76925898962485451E-01  8.69769847073953106E-01  6.09576260652949290E-05  3.57289612977337780E-05  1.40266739962826449E-09  0.00000000000000000E+00  0.00000000000000000E+00
  734.000000  8.00098939299820358E+02  7.98592164056015349E+02  6.59673675171357332E-01  8.47008360425948514E-01  5.87918773215597402E-05  3.44149914752781051E-05  1.33885304423216526E-09  0.00000000000000000E+00  0.00000000000000000E+00
  736.000000  7.87979510311927811E+02  7.86511559897015559E+02  6.42926483959373130E-01  8.24934065456819354E-01  5.67102114874952791E-05  3.31540063421293174E-05  1.27813353810412092E-09  0.00000000000000000E+00  0.00000000000000000E+00
  738.000000  7.76104569356706634E+02  7.74674291846708229E+02  6.26667542789210552E-01  8.03523313233668213E-01  5.47090797805187197E-05  3.19436754373184236E-05  1.22034936887700607E-09  0.00000000000000000E+00  0.00000000000000000E+00
  740.000000  7.64467869021512229E+02  7.63074151384408196E+02  6.10880696058463180E-01  7.82753373005116382E-01  5.27850955329366948E-05  3.07817795983648769E-05  1.16534973843989827E-09  0.00000000000000000E+00  0.00000000000000000E+00
  742.000000  7.53063356389721662E+02  7.51705123006031727E+02  5.95550388993439261E-01  7.62602392352048075E-01  5.09350262064383859E-05  2.96662052130364275E-05  1.11299205950897253E-09  0.00000000000000000E+00  0.00000000000000000E+00
  744.000000  7.41885165889396490E+02  7.40561377135607927E+02  5.80661642745598505E-01  7.43049359255275377E-01  4.91557858293445956E-05  2.85949387909750263E-05  1.06314148289103810E-09  0.00000000000000000E+00  0.00000000000000000E+00
  746.000000  7.30927612444622127E+02  7.29637263336508795E+02  5.66200030629586015E-01  7.24074065978358217E-01  4.74444278326100665E-05  2.75660618360642841E-05  1.01567045346764784E-09  0.00000000000000000E+00  0.00000000000000000E+00
  748.000000  7.20185184915524360E+02  7.18927303808553347E+02  5.52151655445727751E-01  7.05657074670610340E-01  4.57981382620685398E-05  2.65777460016726602E-05  9.70458293062897203E-10  0.00000000000000000E+00  0.00000000000000000E+00
  750.000000  7.09652539812880150E+02  7.08426187157042818E+02  5.38503127832289374E-01  6.87779684599834407E-01  4.42142293457496133E-05  2.56282485120067453E-05  9.27390808479783099E-10  0.00000000000000000E+00  0.00000000000000000E+00
  752.000000  6.99324495274368360E+02  6.98128762420914427E+02  5.25241545596319415E-01  6.70423900929983274E-01  4.26901333963669366E-05  2.47159078338891617E-05  8.86359923106134320E-10  0.00000000000000000E+00  0.00000000000000000E+00
  754.000000  6.89196025290426178E+02  6.88030033348103757E+02  5.12354473974543367E-01  6.53572404963908560E-01  4.12233970302799854E-05  2.38391395842715263E-05  8.47263330597607051E-10  0.00000000000000000E+00  0.00000000000000000E+00
  756.000000  6.79262254167606670E+02  6.78125152906134872E+02  4.99829926778161071E-01  6.37208525775260992E-01  3.98116756853398755E-05  2.29964326596905433E-05  8.10004169244479761E-10  0.00000000000000000E+00  0.00000000000000000E+00
  758.000000  6.69518451218800465E+02  6.68409418017415192E+02  4.87656348378339655E-01  6.21316213158632946E-01  3.84527284210672967E-05  2.21863455747671874E-05  7.74490715721662415E-10  0.00000000000000000E+00  0.00000000000000000E+00
  760.000000  6.59960025669614765E+02  6.58878264508636562E+02  4.75822596491098981E-01  6.05880011830455256E-01  3.71444129856128525E-05  2.14075029976296489E-05  7.40636097007268129E-10  0.00000000000000000E+00  0.00000000000000000E+00
  762.000000  6.50582521770887070E+02  6.49527262264365504E+02  4.64317925722668501E-01  5.90885036817002995E-01  3.58846811348152278E-05  2.06585924708957770E-05  7.08358019334596365E-10  0.00000000000000000E+00  0.00000000000000000E+00
  764.000000  6.41381614108118356E+02  6.40352110575696997E+02  4.53131971838514169E-01  5.76316949969724712E-01  3.46715741896078076E-05  1.99383613075640112E-05  6.77578513117893984E-10  0.00000000000000000E+00  0.00000000000000000E+00
  766.000000  6.32353103098789234E+02  6.31348633675036353E+02  4.42254736721112374E-01  5.62161937551056701E-01  3.35032188187562335E-05  1.92456136518016816E-05  6.48223692860659453E-10  0.00000000000000000E+00  0.00000000000000000E+00
  768.000000  6.23492910668849163E+02  6.22512776448378077E+02  4.31676573983223844E-01  5.48406688836974410E-01  3.23778230347025162E-05  1.85792076952335088E-05  6.20223531120096499E-10  0.00000000000000000E+00  0.00000000000000000E+00
  770.000000  6.14797076100665663E+02  6.13840600317455255E+02  4.21388175205620497E-01  5.35038375685907508E-01  3.12936723910017909E-05  1.79380530399172459E-05  5.93511645662052964E-10  0.00000000000000000E+00  0.00000000000000000E+00
  772.000000  6.06261752044440414E+02  6.05328279283842903E+02  4.11380556769229022E-01  5.22044633025812499E-01  3.02491263704837299E-05  1.73211081997120200E-05  5.68025098995886634E-10  0.00000000000000000E+00  0.00000000000000000E+00
  774.000000  5.97883200685971701E+02  5.96972096127966893E+02  4.01645047253721021E-01  5.09413540214234795E-01  2.92426149539123219E-05  1.67273782322564155E-05  5.43704209531837623E-10  0.00000000000000000E+00  0.00000000000000000E+00
  776.000000  5.89657790063823086E+02  5.88768438756150545E+02  3.92173275375793551E-01  4.97133603228434195E-01  2.82726353594864173E-05  1.61559124942382140E-05  5.20492373651797201E-10  0.00000000000000000E+00  0.00000000000000000E+00
  778.000000  5.81581990529265227E+02  5.80713796689128685E+02  3.82957158441771472E-01  4.85193737644974810E-01  2.73377489440966843E-05  1.56058025130744066E-05  4.98335898029693308E-10  0.00000000000000000E+00  0.00000000000000000E+00
  780.000000  5.73652371342750712E+02  5.72804757685854611E+02  3.73988891290443104E-01  4.73583252370335328E-01  2.64365782577423410E-05  1.50761799685315385E-05  4.77183841580540157E-10  0.00000000000000000E+00  0.00000000000000000E+00
  782.000000  5.65865597400932643E+02  5.65038004496667099E+02  3.65260935703399514E-01  4.62291834086166809E-01  2.55678042430255775E-05  1.45662147782007218E-05  4.56987866456215789E-10  0.00000000000000000E+00  0.00000000000000000E+00
  784.000000  5.58218426088660863E+02  5.57410311740310362E+02  3.56766010261155786E-01  4.51309532374774225E-01  2.47301635720734636E-05  1.40751132811029513E-05  4.37702097543401686E-10  0.00000000000000000E+00  0.00000000000000000E+00
  786.000000  5.50707704250394158E+02  5.49918542899295744E+02  3.48497080624479150E-01  4.40626745492070537E-01  2.39224461136866131E-05  1.36021165140327541E-05  4.19282989953231524E-10  0.00000000000000000E+00  0.00000000000000000E+00
  788.000000  5.43330365276164571E+02  5.42559647428793141E+02  3.40447350221459055E-01  4.30234206757249216E-01  2.31434925239019610E-05  1.31464985755734835E-05  4.01689204024661269E-10  0.00000000000000000E+00  0.00000000000000000E+00
  790.000000  5.36083426296770199E+02  5.35330657973777306E+02  3.32610251321613426E-01  4.20122971529515443E-01  2.23921919535367229E-05  1.27075650729975817E-05  3.84881487393183869E-10  0.00000000000000000E+00  0.00000000000000000E+00
  792.000000  5.28963985484059094E+02  5.28228687690334709E+02  3.24979436479564898E-01  4.10284404744466258E-01  2.16674798666581227E-05  1.22846516475662567E-05  3.68822563705148762E-10  0.00000000000000000E+00  0.00000000000000000E+00
  794.000000  5.21969219451483013E+02  5.21250927666356120E+02  3.17548770331442409E-01  4.00710168983447634E-01  2.09683359642275783E-05  1.18771225739807471E-05  3.53477027583639176E-10  0.00000000000000000E+00  0.00000000000000000E+00
  796.000000  5.15096380750824324E+02  5.14394644437554916E+02  3.10312321728059615E-01  3.91392213050968607E-01  2.02937822075109793E-05  1.14843694299960384E-05  3.38811245476651253E-10  0.00000000000000000E+00  0.00000000000000000E+00
  798.000000  5.08342795461177104E+02  5.07657177594935206E+02  3.03264356189801465E-01  3.82322761036515135E-01  1.96428809361300220E-05  1.11058098324350570E-05  3.24793262041230462E-10  0.00000000000000000E+00  0.00000000000000000E+00
  800.000000  5.01705860866070282E+02  5.01035937479632821E+02  2.96399328668696616E-01  3.73494301838030618E-01  1.90147330759085344E-05  1.07408862360496179E-05  3.11392711738349601E-10  0.00000000000000000E+00  0.00000000000000000E+00
  802.000000  4.95183043215366808E+02  4.94528402961796985E+02  2.89711876604094698E-01  3.64899579125897211E-01  1.84084764319461110E-05  1.03890647918889611E-05  2.98580735333846407E-10  0.00000000000000000E+00  0.00000000000000000E+00
  804.000000  4.88771875568300572E+02  4.88132119299910073E+02  2.83196813258857538E-01  3.56531581726998781E-01  1.78232840625818219E-05  1.00498342620167178E-05  2.86329901018907174E-10  0.00000000000000000E+00  0.00000000000000000E+00
  806.000000  4.82469955714268622E+02  4.81844696077193134E+02  2.76849121323613945E-01  3.48383534409544726E-01  1.72583627301613707E-05  9.72270498759864105E-06  2.74614129881592910E-10  0.00000000000000000E+00  0.00000000000000000E+00
  808.000000  4.76274944168344177E+02  4.75663805212093621E+02  2.70663946777356168E-01  3.40448889050432912E-01  1.67129514247189691E-05  9.40720790755447571E-06  2.63408625476941484E-10  0.00000000000000000E+00  0.00000000000000000E+00
  810.000000  4.70184562238371029E+02  4.69587179039744058E+02  2.64636592993068853E-01  3.32721316167670977E-01  1.61863199569328631E-05  9.10289362512103145E-06  2.52689807258836737E-10  0.00000000000000000E+00  0.00000000000000000E+00
  812.000000  4.64196590160724327E+02  4.63612608461503726E+02  2.58762515077696209E-01  3.25194696801292538E-01  1.56777676168529473E-05  8.80933151982216339E-06  2.42435247650910745E-10  0.00000000000000000E+00  0.00000000000000000E+00
  814.000000  4.58308865302134393E+02  4.57737941160007495E+02  2.53037314436290406E-01  3.17863114727160112E-01  1.51866218951535670E-05  8.52610890248639161E-06  2.32623612547548495E-10  0.00000000000000000E+00  0.00000000000000000E+00
  816.000000  4.52519280424655108E+02  4.51961079876825352E+02  2.47456733550555030E-01  3.10720848988496612E-01  1.47122372637607666E-05  8.25283021107341446E-06  2.23234605048307222E-10  0.00000000000000000E+00  0.00000000000000000E+00
  818.000000  4.46825782011586512E+02  4.46279980750568200E+02  2.42016650962597724E-01  3.03762366731164246E-01  1.42539940129484043E-05  7.98911624520792524E-06  2.14248912241195891E-10  0.00000000000000000E+00  0.00000000000000000E+00
  820.000000  4.41226368651631219E+02  4.40692651712740997E+02  2.36713076455034532E-01  2.96982316328936624E-01  1.38112971420820582E-05  7.73460343742173612E-06  2.05648154861097049E-10  0.00000000000000000E+00  0.00000000000000000E+00
  822.000000  4.35719089479193201E+02  4.35197150939272262E+02  2.31542146419021821E-01  2.90375520786046948E-01  1.33835753013871399E-05  7.48894315922539542E-06  1.97414839660161656E-10  0.00000000000000000E+00  0.00000000000000000E+00
  824.000000  4.30302042668479658E+02  4.29791585355402447E+02  2.26500119402228778E-01  2.83936971404657790E-01  1.29702797822287326E-05  7.25180106022622958E-06  1.89532314336518342E-10  0.00000000000000000E+00  0.00000000000000000E+00
  826.000000  4.24973373979428914E+02  4.24474109191972104E+02  2.21583371829119663E-01  2.77661821705694978E-01  1.25708835535307646E-05  7.02285643861262407E-06  1.81984724877078074E-10  0.00000000000000000E+00  0.00000000000000000E+00
  828.000000  4.19731275353283024E+02  4.19242922590948297E+02  2.16788393886176267E-01  2.71545381591810242E-01  1.21848803420875180E-05  6.80180164140910607E-06  1.74756975178376243E-10  0.00000000000000000E+00  0.00000000000000000E+00
  830.000000  4.14573983556130315E+02  4.14096270258529898E+02  2.12111785565243682E-01  2.65583111742083822E-01  1.18117837546317064E-05  6.58834149300159046E-06  1.67834688817804180E-10  0.00000000000000000E+00  0.00000000000000000E+00
  832.000000  4.09499778868192038E+02  4.09032440163625381E+02  2.07550252858145212E-01  2.59770618228143790E-01  1.14511264396335987E-05  6.38219275050160087E-06  1.61204172854693287E-10  0.00000000000000000E+00  0.00000000000000000E+00
  834.000000  4.04506983817535399E+02  4.04049762280398795E+02  2.03100604096507542E-01  2.54103647342388217E-01  1.11024592869213473E-05  6.18308358460899794E-06  1.54852383548227728E-10  0.00000000000000000E+00  0.00000000000000000E+00
  836.000000  3.99593961956110945E+02  3.99146607372798996E+02  1.98759746430474532E-01  2.48578080628920062E-01  1.07653506632910047E-05  5.99075308469083070E-06  1.48766893885392754E-10  0.00000000000000000E+00  0.00000000000000000E+00
  838.000000  3.94759116676919234E+02  3.94321385819890281E+02  1.94524682440804730E-01  2.43189930108736851E-01  1.04393856823934094E-05  5.80495078687511664E-06  1.42935862818670038E-10  0.00000000000000000E+00  0.00000000000000000E+00
  840.000000  3.90000890070236039E+02  3.89572546479927894E+02  1.90392506878556300E-01  2.37935333690551587E-01  1.01241655072418803E-05  5.62543622400809898E-06  1.37348006118772843E-10  0.00000000000000000E+00  0.00000000000000000E+00
  842.000000  3.85317761817913492E+02  3.84898575592209397E+02  1.86360403527328994E-01  2.32810550759629642E-01  9.81930668380151165E-06  5.45197849639940355E-06  1.31992568753481932E-10  0.00000000000000000E+00  0.00000000000000000E+00
  844.000000  3.80708248124135650E+02  3.80297995715092497E+02  1.82425642182995895E-01  2.27811957936979587E-01  9.52444050417655067E-06  5.28435586232643882E-06  1.26859298708615501E-10  0.00000000000000000E+00  0.00000000000000000E+00
  846.000000  3.76170900681087005E+02  3.75769364698649838E+02  1.78585575745937725E-01  2.22936045001571825E-01  9.23921239799122798E-06  5.12235534732339568E-06  1.21938422171948181E-10  0.00000000000000000E+00  0.00000000000000000E+00
  848.000000  3.71704305668613074E+02  3.71311274691051722E+02  1.74837637421475178E-01  2.18179410968955240E-01  8.96328135063847619E-06  4.96577237133940843E-06  1.17220620005701658E-10  0.00000000000000000E+00  0.00000000000000000E+00
  850.000000  3.67307082786202443E+02  3.66922351177016708E+02  1.71179338023833755E-01  2.13538760319465337E-01  8.69631934712818663E-06  4.81441039288736148E-06  1.12697005437170892E-10  0.00000000000000000E+00  0.00000000000000000E+00
  852.000000  3.62977884316483312E+02  3.62601252047533819E+02  1.67608263379685596E-01  2.09010899369995118E-01  8.43801084033657095E-06  4.66808056936076442E-06  1.08359102901391573E-10  0.00000000000000000E+00  0.00000000000000000E+00
  854.000000  3.58715394218821928E+02  3.58346666699453749E+02  1.64122071827096483E-01  2.04592732783200559E-01  8.18805224251405814E-06  4.52660143273124789E-06  1.04198827973266073E-10  0.00000000000000000E+00  0.00000000000000000E+00
  856.000000  3.54518327251968628E+02  3.54157315163903831E+02  1.60718491806103564E-01  2.00281260208478584E-01  7.94615143896527161E-06  4.38979857988289285E-06  1.00208468330259075E-10  0.00000000000000000E+00  0.00000000000000000E+00
  858.000000  3.50385428124790451E+02  3.50031947262575784E+02  1.57395319537264072E-01  1.96073573049312999E-01  7.71202732287559726E-06  4.25750437687918726E-06  9.63806656901203622E-11  0.00000000000000000E+00  0.00000000000000000E+00
  860.000000  3.46315470673968377E+02  3.45969341790772205E+02  1.54150416784655436E-01  1.91966851351743156E-01  7.48540935029776319E-06  4.12955767649201054E-06  9.27083986711345037E-11  0.00000000000000000E+00  0.00000000000000000E+00
  862.000000  3.42307257067804073E+02  3.41968305726365202E+02  1.50981708699996886E-01  1.87958360809039993E-01  7.26603711437528994E-06  4.00580354835847069E-06  8.91849665254766493E-11  0.00000000000000000E+00  0.00000000000000000E+00
  864.000000  3.38359617035020278E+02  3.38027673463559154E+02  1.47887181744611684E-01  1.84045449877754813E-01  7.05365993790657063E-06  3.88609302116102513E-06  8.58039736989229786E-11  0.00000000000000000E+00  0.00000000000000000E+00
  866.000000  3.34471407117807530E+02  3.34146306070718765E+02  1.44864881686231156E-01  1.80225547000685521E-01  6.84803648341701783E-06  3.77028283626058262E-06  8.25593151728515342E-11  0.00000000000000000E+00  0.00000000000000000E+00
  868.000000  3.30641509948278269E+02  3.30323090571429077E+02  1.41912911667705088E-01  1.76496157932436171E-01  6.64893437993259796E-06  3.65823521223932939E-06  7.94451625469529075E-11  0.00000000000000000E+00  0.00000000000000000E+00
  870.000000  3.26868833547400129E+02  3.26556939247868058E+02  1.39029430344737748E-01  1.72854863163373174E-01  6.45612986569365490E-06  3.54981761983665335E-06  7.64559508233003616E-11  0.00000000000000000E+00  0.00000000000000000E+00
  872.000000  3.23152310645563887E+02  3.22846788965652308E+02  1.36212650089974852E-01  1.69299315437992537E-01  6.26940744608230934E-06  3.44490256678779023E-06  7.35863658546826004E-11  0.00000000000000000E+00  0.00000000000000000E+00
  874.000000  3.19490898024269143E+02  3.19191600519646386E+02  1.33460835260923144E-01  1.65827237364038121E-01  6.08855956607733379E-06  3.34336739210268318E-06  7.08313324221721977E-11  0.00000000000000000E+00  0.00000000000000000E+00
  876.000000  3.15883575877903468E+02  3.15590357999717128E+02  1.30772300529144098E-01  1.62436419108599073E-01  5.91338629657305447E-06  3.24509406933993512E-06  6.81860029087810672E-11  0.00000000000000000E+00  0.00000000000000000E+00
  878.000000  3.12329347195120931E+02  3.12042068175945019E+02  1.28145409268398569E-01  1.59124716177827835E-01  5.74369503394324894E-06  3.14996901845820244E-06  6.56457465379373312E-11  0.00000000000000000E+00  0.00000000000000000E+00
  880.000000  3.08827237159015226E+02  3.08545759902555687E+02  1.25578571999494765E-01  1.55890047276931093E-01  5.57930021225069340E-06  3.05788292584528317E-06  0.00000000000000000E+00  0.00000000000000000E+00  0.00000000000000000E+00
  882.000000  3.05376292565703181E+02  3.05100483539812842E+02  1.23070244889582875E-01  1.52730392247203722E-01  5.42002302753586733E-06  2.96873057214436236E-06  0.00000000000000000E+00  0.00000000000000000E+00  0.00000000000000000E+00
  884.000000  3.01975581259973922E+02  3.01705310393490947E+02  1.20618928303920500E-01  1.49643790077191363E-01  5.26569117364610011E-06  2.88241066751937559E-06  0.00000000000000000E+00  0.00000000000000000E+00  0.00000000000000000E+00
  886.000000  2.98624191588471319E+02  2.98359332171114033E+02  1.18223165408024369E-01  1.46628336984963248E-01  5.11613858908892759E-06  2.79882569401435427E-06  0.00000000000000000E+00  0.00000000000000000E+00  0.00000000000000000E+00
  888.000000  2.95321231868923405E+02  2.95061660454449338E+02  1.15881540818333434E-01  1.43682184568751981E-01  4.97120521442187790E-06  2.71788175468146293E-06  0.00000000000000000E+00  0.00000000000000000E+00  0.00000000000000000E+00
  890.000000  2.92065829875375300E+02  2.91811426187827124E+02  1.13592679299565361E-01  1.40803538023348385E-01  4.83073675970972066E-06  2.63948842916871769E-06  0.00000000000000000E+00  0.00000000000000000E+00  0.00000000000000000E+00
  892.000000  2.88857132338579277E+02  2.88607779181509670E+02  1.11355244506936138E-01  1.37990654419585829E-01  4.69458448160515490E-06  2.56355863547018617E-06  0.00000000000000000E+00  0.00000000000000000E+00  0.00000000000000000E+00
  894.000000  2.85694304461288255E+02  2.85449887629858551E+02  1.09167937771646503E-01  1.35241841044595495E-01  4.56260496962903957E-06  2.49000849756032722E-06  0.00000000000000000E+00  0.00000000000000000E+00  0.00000000000000000E+00
  896.000000  2.82576529447777204E+02  2.82336937643631643E+02  1.07029496927940629E-01  1.32555453800407008E-01  4.43465994124565600E-06  2.41875721864395389E-06  0.00000000000000000E+00  0.00000000000000000E+00  0.00000000000000000E+00
  898.000000  2.79503008047194328E+02  2.79268132796012424E+02  1.04938695180227276E-01  1.29929895658685318E-01  4.31061604534781157E-06  2.34972695976815363E-06  0.00000000000000000E+00  0.00000000000000000E+00  0.00000000000000000E+00
  900.000000  2.76472958110249010E+02  2.76242693681883452E+02  1.02894340008748642E-01  1.27363615169445332E-01  4.19034467378403073E-06  2.28284272355417475E-06  0.00000000000000000E+00  0.00000000000000000E+00  0.00000000000000000E+00
