# Wavelength || Total || n=1 | n=2 | ...
  300.000000  2.16250259782629837E+03  1.85485127608747371E+03  2.19421316832625848E+02  8.73215582989678722E+01  7.72763138912240355E-01  1.35055965362851804E-01  5.91993477929093404E-04  3.53895806014403955E-05  1.19897308969303964E-07
  302.000000  2.30011174964367365E+03  1.98235648031403321E+03  2.26765967130053866E+02  9.00695178518001569E+01  7.83788691402788507E-01  1.35372585211676222E-01  5.88437018683862865E-04  3.45178489565410273E-05  1.16303868314163029E-07
  304.000000  2.44530070025471059E+03  2.11718942974364563E+03  2.34307749950810972E+02  9.28717658442319731E+01  7.95460174069098191E-01  1.35675193168007469E-01  5.85562975583359948E-04  3.36728326936162000E-05  1.12976950175720529E-07
  306.000000  2.59853863849719210E+03  2.25979647201169473E+03  2.42065068769716987E+02  9.57326216991826158E+01  8.07889507460292866E-01  1.35970111425720908E-01  5.83432491278137143E-04  3.28553071401476620E-05  1.09913140643372350E-07
  308.000000  2.76033227092789457E+03  2.41065939760088804E+03  2.50058137403794632E+02  9.86566580235703583E+01  8.21200125177591223E-01  1.36263489627938189E-01  5.82111816675778501E-04  3.20659094049364793E-05  1.07109818217148198E-07
  310.000000  2.93122928228617775E+03  2.57029865074514737E+03  2.58309218876664545E+02  1.01648708842297637E+02  8.35529394137099257E-01  1.36561344279295588E-01  5.81673915176752630E-04  3.13051703255338548E-05  1.04565373627248901E-07
  312.000000  3.11182215668669005E+03  2.73927685114870746E+03  2.66842913321925550E+02  1.04713878280663408E+02  8.51031557499268176E-01  1.36869604011978063E-01  5.82200335693466896E-04  3.05735461815186528E-05  0.00000000000000000E+00
  314.000000  3.30275240405186469E+03  2.91820265821450266E+03  2.75686507069987840E+02  1.07857549610951821E+02  8.67881338801751889E-01  1.37194162733788427E-01  5.83783435292242942E-04  2.98714511214072308E-05  0.00000000000000000E+00
  316.000000  3.50471524097295787E+03  3.10773501246891055E+03  2.84870398832373780E+02  1.11085394610818682E+02  8.86278388972822406E-01  1.37540943534689042E-01  5.86529056553626062E-04  2.91992914944514939E-05  0.00000000000000000E+00
  318.000000  3.71846478721360882E+03  3.30858779202587675E+03  2.94428624025689999E+02  1.14403383250924023E+02  9.06452816381450366E-01  1.37915977435110582E-01  5.90559797814464824E-04  2.85575036307276043E-05  0.00000000000000000E+00
  320.000000  3.94481984599698080E+03  3.52153492521626595E+03  3.04399505326726626E+02  1.17817793865378263E+02  9.28672120150054625E-01  1.38325502802231826E-01  5.96019060015892470E-04  2.79465971256214874E-05  0.00000000000000000E+00
  322.000000  4.18467035184689485E+03  3.74741600380419732E+03  3.14826467341282296E+02  1.21335224206545547E+02  9.53249957735553988E-01  1.38776093810416445E-01  6.03076117367251359E-04  2.73672064375022184E-05  0.00000000000000000E+00
  324.000000  4.43898458647572897E+03  3.98714244431713223E+03  3.25759067021195051E+02  1.24962604221832223E+02  9.80557332762129974E-01  1.39274830103491315E-01  6.11932548606125733E-04  2.68201547249975210E-05  0.00000000000000000E+00
  326.000000  4.70881728626607674E+03  4.24170424745406126E+03  3.37254311001975509E+02  1.28707212139047897E+02  1.01103700846174083E+00  1.39829525501020957E-01  6.22830493732313062E-04  2.63065355329609421E-05  0.00000000000000000E+00
  328.000000  4.99531879529561138E+03  4.51217740625159877E+03  3.49378359129283808E+02  1.32576696714725642E+02  1.04522226653270622E+00  1.40449042263194573E-01  6.36063387045152301E-04  2.58278205132753438E-05  0.00000000000000000E+00
  330.000000  5.29974545776701143E+03  4.79973201010072171E+03  3.62208754349309913E+02  1.36579110621937474E+02  1.08376158806714851E+00  1.41143730877989981E-01  6.51990091679668709E-04  2.53860053954752184E-05  0.00000000000000000E+00
  332.000000  5.62347149388733214E+03  5.10564107735455400E+03  3.75837379459523788E+02  1.40722963472558064E+02  1.12745150651380310E+00  1.41926056597510508E-01  6.71053772840145518E-04  2.49838128799566223E-05  0.00000000000000000E+00
  334.000000  5.96800265774274976E+03  5.43129010690000359E+03  3.90374431281967816E+02  1.45017308729641883E+02  1.17728089028301874E+00  1.42811508394348030E-01  6.93807477074053283E-04  2.46249817932465857E-05  0.00000000000000000E+00
  336.000000  6.33499200323609966E+03  5.77818721977595578E+03  4.05953838808467253E+02  1.49471887999262748E+02  1.23449144466068206E+00  1.43819943697535729E-01  7.20949365754799411E-04  2.43146900898521086E-05  0.00000000000000000E+00
  338.000000  6.72625796236700171E+03  6.14797341662679901E+03  4.22740758702057008E+02  1.54097370394066900E+02  1.30066158794415943E+00  1.44977623846734127E-01  7.53372096802713831E-04  2.40601916333206181E-05  0.00000000000000000E+00
  340.000000  7.14380421147920242E+03  6.54243141048282087E+03  4.40942095207622401E+02  1.58905744746489177E+02  1.37782454841340241E+00  1.46320388775173088E-01  7.92233275939988133E-04  2.38718052273835834E-05  0.00000000000000000E+00
  342.000000  7.58983771987811815E+03  6.96348792079698615E+03  4.60821453482364120E+02  1.63910946682186648E+02  1.46863725785084642E+00  1.47898836723748484E-01  8.39057513015383036E-04  2.37644941400708903E-05  0.00000000000000000E+00
  344.000000  8.06676947902776374E+03  7.41319175451117280E+03  4.82720563631710831E+02  1.69129828875291651E+02  1.57662491021661810E+00  1.49787454132714382E-01  8.95884879382411728E-04  2.37603600072011668E-05  0.00000000000000000E+00
  346.000000  8.57714621561545937E+03  7.89361287158259711E+03  5.07090121608733796E+02  1.74583595840578624E+02  1.70653383139764969E+00  1.52103380324870807E-01  9.65480439851662260E-04  2.38913867635006194E-05  0.00000000000000000E+00
  348.000000  9.12342033026136232E+03  8.40656449608468210E+03  5.34535928750347352E+02  1.80298962520088537E+02  1.86480471255151015E+00  1.55062438771676886E-01  1.05155890596122180E-03  2.41960166741109548E-05  0.00000000000000000E+00
  350.000000  9.70760099521571101E+03  8.95318333962799807E+03  5.65896488732386047E+02  1.86300726280286568E+02  2.05999943106360828E+00  1.59258789581133958E-01  1.15742898173079806E-03  2.49254145845232866E-05  0.00000000000000000E+00
  352.000000  1.03309225838811926E+04  9.53350351033281368E+03  6.02379113226389563E+02  1.92569644422269391E+02  2.30268908161882724E+00  1.66323418586730498E-01  1.27582786479423557E-03  2.75716519709030471E-05  0.00000000000000000E+00
  354.000000  1.09954466324350597E+04  1.01478288363338670E+04  6.45861701890355448E+02  1.98968827166080644E+02  2.61047638171877061E+00  1.75355952855646646E-01  1.40264510413123152E-03  3.20650801868059177E-05  0.00000000000000000E+00
  356.000000  1.16991674430161365E+04  1.07920448789225993E+04  6.99283810521661394E+02  2.04632927219008906E+02  3.02838768948201098E+00  1.75803457643144395E-01  1.60223101834644564E-03  3.29747216423892844E-05  0.00000000000000000E+00
  358.000000  1.24210731274348091E+04  1.14426941087615287E+04  7.67459936455919774E+02  2.07126445285813759E+02  3.63865486104797276E+00  1.52001473892853040E-01  1.95538688692697754E-03  2.52097190636248888E-05  0.00000000000000000E+00
  360.000000  1.32068806913700628E+04  1.21345351473654428E+04  8.59023356449070889E+02  2.08662299383808175E+02  4.54094309663750106E+00  1.16424350447213512E-01  2.50813374287761886E-03  1.25909140056240328E-05  0.00000000000000000E+00
  362.000000  1.41234103812970152E+04  1.29141562244786546E+04  9.87190900204896479E+02  2.16149368678932603E+02  5.80211613939292636E+00  1.08542162317572091E-01  3.22155128313863755E-03  8.08153707755856843E-06  0.00000000000000000E+00
  364.000000  1.51435145725045822E+04  1.37295508645718819E+04  1.17573128002614453E+03  2.30440676910926896E+02  7.66413750080325595E+00  1.23386778132665395E-01  4.21637013549829454E-03  1.03465591687238467E-05  0.00000000000000000E+00
  366.000000  1.62504378135588886E+04  1.45147151100313804E+04  1.46907049331291614E+03  2.55888736303126336E+02  1.05996996367484790E+01  1.58003808694509196E-01  5.75342822205038122E-03  1.70378007880173985E-05  0.00000000000000000E+00
  368.000000  1.74313861693421386E+04  1.51693826953016778E+04  1.93908554094803276E+03  3.07386035519619384E+02  1.52931295119755131E+01  2.30568483018635362E-01  8.16900559781555229E-03  3.05722174760792370E-05  0.00000000000000000E+00
  370.000000  1.86609538611966127E+04  1.55991818581458956E+04  2.63052103602692387E+03  4.08878147727543251E+02  2.19927429873707929E+01  3.68496997647314362E-01  1.15246730621521316E-02  5.46381654270102870E-05  0.00000000000000000E+00
  372.000000  1.99631124919585091E+04  1.61431127949103648E+04  3.25744370074507015E+03  5.34553217123621721E+02  2.74686092411302489E+01  5.20019057206073776E-01  1.40725980092910978E-02  7.82831069746844503E-05  0.00000000000000000E+00
  374.000000  2.11860636100650081E+04  1.74283782447646736E+04  3.15186843737135723E+03  5.80088754601225105E+02  2.51698219499508049E+01  5.45716074002036478E-01  1.25566128055460621E-02  7.86909953108695101E-05  0.00000000000000000E+00
  376.000000  2.22276378033063993E+04  1.91492087593535944E+04  2.50417207132747671E+03  5.56068159964806000E+02  1.76964193823231852E+01  4.83781026507950185E-01  8.54675382404089176E-03  6.54978672421080015E-05  0.00000000000000000E+00
  378.000000  2.33844859936445646E+04  2.09065850473596365E+04  1.94074938162597459E+03  5.25251855744031445E+02  1.14734610224456226E+01  4.20867450806184706E-01  5.32701963824906873E-03  5.34220367072366472E-05  0.00000000000000000E+00
  380.000000  2.47495498643696410E+04  2.26425118876783381E+04  1.59334136490866263E+03  5.05698105710726907E+02  7.61859998408124373E+00  3.76485860713125342E-01  3.37519334527256170E-03  4.50337764823331574E-05  0.00000000000000000E+00
  382.000000  2.62857941859846942E+04  2.43877047479420362E+04  1.39582618391335473E+03  4.96580167628034360E+02  5.33368063547461357E+00  3.47128788951611755E-01  2.23769099556007066E-03  3.93858454165781300E-05  0.00000000000000000E+00
  384.000000  2.79548278810749107E+04  2.61698074425753184E+04  1.28599540307445022E+03  4.94754294457293099E+02  3.94148096534537062E+00  3.27670020340016077E-01  1.55450243215124852E-03  3.54797298288835497E-05  0.00000000000000000E+00
  386.000000  2.97319294085698239E+04  2.80036536944762702E+04  1.22710352666222548E+03  4.97800317590775023E+02  3.05615947574856417E+00  3.14552261246036913E-01  1.12543539031483919E-03  3.26681697857533681E-05  0.00000000000000000E+00
  388.000000  3.15994558691400634E+04  2.98938949086792891E+04  1.19870356370762170E+03  5.04081877645898714E+02  2.46912034158662808E+00  3.05524203392280203E-01  8.44004452100277440E-04  3.05578240470972677E-05  0.00000000000000000E+00
  390.000000  3.35413375194156470E+04  3.18373930515570391E+04  1.18910997623648473E+03  5.12469538755052895E+02  2.06512757803665981E+00  2.99144203468886816E-01  6.52179412464028011E-04  2.89061522507827894E-05  0.00000000000000000E+00
  392.000000  3.55398926882668529E+04  3.38244224009241007E+04  1.19126854602976482E+03  5.22128838367604430E+02  1.77790958870128812E+00  2.94448780537152621E-01  5.17018044412819399E-04  2.75580995098959892E-05  0.00000000000000000E+00
  394.000000  3.75740160960660942E+04  3.58391448389318321E+04  1.20062256888767138E+03  5.32389804443375056E+02  1.56767973072409705E+00  2.90758653057074712E-01  4.19009082644094556E-04  2.64103533643572449E-05  0.00000000000000000E+00
  396.000000  3.96181590322557386E+04  3.78597903493047270E+04  1.21400005286139367E+03  5.42671164191441335E+02  1.40955178189489372E+00  2.87567985906057699E-01  3.46130373548456972E-04  0.00000000000000000E+00  0.00000000000000000E+00
  398.000000  4.16418778407669961E+04  3.98588463671120335E+04  1.22902063089328135E+03  5.52438708293750778E+02  1.28736222791509514E+00  2.84481532851894425E-01  2.90707161706224983E-04  0.00000000000000000E+00  0.00000000000000000E+00
  400.000000  4.36099116002555820E+04  4.18034776488220086E+04  1.24377649937849196E+03  5.61185772416220061E+02  1.19025221842370321E+00  2.81179735887022941E-01  2.47684550146775706E-04  0.00000000000000000E+00  0.00000000000000000E+00
  402.000000  4.54828253925322424E+04  4.36563425050777805E+04  1.25666550422405658E+03  5.68429058605455111E+02  1.11071030870544019E+00  2.77400674915654344E-01  2.13641322021002349E-04  0.00000000000000000E+00  0.00000000000000000E+00
  404.000000  4.72182599674964440E+04  4.53769143506323962E+04  1.26631343372846663E+03  5.73715646938849204E+02  1.04341758085015490E+00  2.72932408599672882E-01  1.86207280502196016E-04  0.00000000000000000E+00  0.00000000000000000E+00
  406.000000  4.87727839664934581E+04  4.69233430880040760E+04  1.27155052736367725E+03  5.76638027295404186E+02  9.84548536329678203E-01  2.67611585882089331E-01  1.63708083663120633E-04  0.00000000000000000E+00  0.00000000000000000E+00
  408.000000  5.01042619063900784E+04  4.82547948315812027E+04  1.27142023512674291E+03  5.76854031561886472E+02  9.31337830929399368E-01  2.61325346849790252E-01  1.44942460129674036E-04  0.00000000000000000E+00  0.00000000000000000E+00
  410.000000  5.11745483762777585E+04  4.93341000372138951E+04  1.26520418449092222E+03  5.74108206998157243E+02  8.81804421484590928E-01  2.54014114681652470E-01  1.29038610023590825E-04  0.00000000000000000E+00  0.00000000000000000E+00
  412.000000  5.19522219033580332E+04  5.01304404206315594E+04  1.25245023452901069E+03  5.68250890739451506E+02  8.34568803025274475E-01  2.45673295895815463E-01  1.15359093923784133E-04  0.00000000000000000E+00  0.00000000000000000E+00
  414.000000  5.24150114323629241E+04  5.06217421441544720E+04  1.23299272505051431E+03  5.59251383189342050E+02  7.88724152058580597E-01  2.36352380518443372E-01  1.03436019369791622E-04  0.00000000000000000E+00  0.00000000000000000E+00
  416.000000  5.25515709262750679E+04  5.07964417796030611E+04  1.20695678416858618E+03  5.47202381497878491E+02  7.43737520150796194E-01  2.26150559857282191E-01  9.29255341203324850E-05  0.00000000000000000E+00  0.00000000000000000E+00
  418.000000  5.23623345934668469E+04  5.06543635148153990E+04  1.17474221055743737E+03  5.32314208525396452E+02  6.99367265869276222E-01  2.15208727828676533E-01  8.35749167994148781E-05  0.00000000000000000E+00  0.00000000000000000E+00
  420.000000  5.18593253540254227E+04  5.02065802200989638E+04  1.13698666286864204E+03  5.14899107593744361E+02  6.55589786656673779E-01  2.03698479249806552E-01  7.51981635465754326E-05  0.00000000000000000E+00  0.00000000000000000E+00
  422.000000  5.10649596352486624E+04  4.94742957797052222E+04  1.09451188423091935E+03  4.95347561137705441E+02  6.12533212808667571E-01  1.91809304446107637E-01  6.76575687662133189E-05  0.00000000000000000E+00  0.00000000000000000E+00
  424.000000  5.00100490834279335E+04  4.84869394518540212E+04  1.04825960106157004E+03  4.74099815745947012E+02  5.70418442433112238E-01  1.79735474207609880E-01  6.08497609812791164E-05  0.00000000000000000E+00  0.00000000000000000E+00
  426.000000  4.87313060716830296E+04  4.72797675695600483E+04  9.99224987148939135E+02  4.51616287187448279E+02  5.29509024569316034E-01  1.67664066817744817E-01  5.46952074128791800E-05  0.00000000000000000E+00  0.00000000000000000E+00
  428.000000  4.72686949621486201E+04  4.58913037352120155E+04  9.48395100031968468E+02  4.28350241189256451E+02  4.90071323097680867E-01  1.55765261792937038E-01  4.91304957314841884E-05  0.00000000000000000E+00  0.00000000000000000E+00
  430.000000  4.56629376988265140E+04  4.43609179612412190E+04  8.96697879966503137E+02  4.04725282383656975E+02  4.52345596735259814E-01  1.44185535559795963E-01  4.41028477613920642E-05  0.00000000000000000E+00  0.00000000000000000E+00
  432.000000  4.39534011260558837E+04  4.27267676463415046E+04  8.44964827978536050E+02  3.81119040695155604E+02  4.16527589908219809E-01  1.33043884381424615E-01  3.95663944511510029E-05  0.00000000000000000E+00  0.00000000000000000E+00
  434.000000  4.21764926486708791E+04  4.10242260628442164E+04  7.93908031992541055E+02  3.57853328253262760E+02  3.82759317999995630E-01  1.22430783053114181E-01  3.54797923347638500E-05  0.00000000000000000E+00  0.00000000000000000E+00
  436.000000  4.03645959124161236E+04  3.92848318971093177E+04  7.44110278853650129E+02  3.35190168169297976E+02  3.51127155027365134E-01  1.12409324016270282E-01  3.18048132843470831E-05  0.00000000000000000E+00  0.00000000000000000E+00
  438.000000  3.85455054823528262E+04  3.75357224122018815E+04  6.96025794856883863E+02  3.13332563773930019E+02  3.21665138182584021E-01  1.03017876349210530E-01  2.85055986558653341E-05  0.00000000000000000E+00  0.00000000000000000E+00
  440.000000  3.67422750726066079E+04  3.57994690599348542E+04  6.49988680786108489E+02  2.92428671184954624E+02  2.94361526266242235E-01  9.42736260900153833E-02  2.55483332289826595E-05  0.00000000000000000E+00  0.00000000000000000E+00
  442.000000  3.49733756792959903E+04  3.40942160436208651E+04  6.06226186512939194E+02  2.72578082827598962E+02  2.69166972027903906E-01  8.61764614017935249E-02  2.29011574036936759E-05  0.00000000000000000E+00  0.00000000000000000E+00
  444.000000  3.32530614884063543E+04  3.24340232325027791E+04  5.64874392330502246E+02  2.53839127160545956E+02  2.46003075495318524E-01  7.87128028364490889E-02  2.05341922239505295E-05  0.00000000000000000E+00  0.00000000000000000E+00
  446.000000  3.15918550186279208E+04  3.08293275823597432E+04  5.25994435796025982E+02  2.36236352448600030E+02  2.24770487607892366E-01  7.18591163492599549E-02  1.84195975290085292E-05  0.00000000000000000E+00  0.00000000000000000E+00
  448.000000  2.99970819424692963E+04  2.92874553557051040E+04  4.89588002756201320E+02  2.19767626434270056E+02  2.05356077585764296E-01  6.55849645168769535E-02  1.65316179247482330E-05  0.00000000000000000E+00  0.00000000000000000E+00
  450.000000  2.84734056342961267E+04  2.78131363065661390E+04  4.55611306224911630E+02  2.04410512175896542E+02  1.87638941396172015E-01  5.98555411903454598E-02  1.48465951800698677E-05  0.00000000000000000E+00  0.00000000000000000E+00
  452.000000  2.70233289044727389E+04  2.64089878330710126E+04  4.23987171406986647E+02  1.90127757743546226E+02  1.71495212009663001E-01  5.46336962419246772E-02  1.33429409353329438E-05  0.00000000000000000E+00  0.00000000000000000E+00
  454.000000  2.56476443432684609E+04  2.50759506589445773E+04  3.94615126131458624E+02  1.76871862950712767E+02  1.56801746400591302E-01  4.98814942351697085E-02  1.20010724013494243E-05  0.00000000000000000E+00  0.00000000000000000E+00
  456.000000  2.43458250132812282E+04  2.38136676578350307E+04  3.67379577691178667E+02  1.64588766756725647E+02  1.43438825468955117E-01  4.55613695102922364E-02  1.08033180177550994E-05  0.00000000000000000E+00  0.00000000000000000E+00
  458.000000  2.31163542776631803E+04  2.26208043336235569E+04  3.42156261003207874E+02  1.53220744329470648E+02  1.31292027121661742E-01  4.16369460181720621E-02  9.73380145273118643E-06  0.00000000000000000E+00  0.00000000000000000E+00
  460.000000  2.19569979638119039E+04  2.14953138141353556E+04  3.18817190890101585E+02  1.42708622987050433E+02  1.20253433048113395E-01  3.80735880340105151E-02  8.77831206890466637E-06  0.00000000000000000E+00  0.00000000000000000E+00
  462.000000  2.08650245065451563E+04  2.04346516457383150E+04  2.97234361936784808E+02  1.32993429888206293E+02  1.10222316439362783E-01  3.48387412413728795E-02  7.92416888161544944E-06  0.00000000000000000E+00  0.00000000000000000E+00
  464.000000  1.98373797858121470E+04  1.94359467656344277E+04  2.77282427435102363E+02  1.24017578029298647E+02  1.01105438143089019E-01  3.19021150934948108E-02  7.16008362267221927E-06  0.00000000000000000E+00  0.00000000000000000E+00
  466.000000  1.88708235500270639E+04  1.84961352402544508E+04  2.58840564924358603E+02  1.15725685566701330E+02  9.28170571079087181E-02  2.92357484175970669E-02  6.47602710242457841E-06  0.00000000000000000E+00  0.00000000000000000E+00
  468.000000  1.79620339547223557E+04  1.76120630394002364E+04  2.41793706847966689E+02  1.08065109879049885E+02  8.52787401552886348E-02  2.68139918427552082E-02  5.86310179391030702E-06  0.00000000000000000E+00  0.00000000000000000E+00
  470.000000  1.71076860989315210E+04  1.67805635117860911E+04  2.26033285289737165E+02  1.00986264071491973E+02  7.84190375263788680E-02  2.46134332535549449E-02  5.31342250952638698E-06  0.00000000000000000E+00  0.00000000000000000E+00
  472.000000  1.63045096759175376E+04  1.59985145021836888E+04  2.11457612145989259E+02  9.44427709067534096E+01  7.21730748438420139E-02  2.26127862569424527E-02  4.82000621305258889E-06  0.00000000000000000E+00  0.00000000000000000E+00
  474.000000  1.55493300749398913E+04  1.52628793060875050E+04  1.97971991666225080E+02  8.83914979537482708E+01  6.64820991598515515E-02  2.07927565813580718E-02  4.37667138913253804E-06  0.00000000000000000E+00  0.00000000000000000E+00
  476.000000  1.48390965369457936E+04  1.45707349543411347E+04  1.85488641480780529E+02  8.27925082422234340E+01  6.12930064128981572E-02  1.91358972978236293E-02  3.97794694734737309E-06  0.00000000000000000E+00  0.00000000000000000E+00
  478.000000  1.41709003098887079E+04  1.39192906881034087E+04  1.73926480976583662E+02  7.76089528595637859E+01  5.65578695460939931E-02  1.76264606162092018E-02  3.61899033475492773E-06  0.00000000000000000E+00  0.00000000000000000E+00
  480.000000  1.35419851802779158E+04  1.33058989358060353E+04  1.63210831873797815E+02  7.28069255705858893E+01  5.22334803716887480E-02  1.62502516131978296E-02  3.29551433718690487E-06  0.00000000000000000E+00  0.00000000000000000E+00
  482.000000  1.29497522767278497E+04  1.27280606391597230E+04  1.53273064679166140E+02  6.83552944841508463E+01  4.82809136398618111E-02  1.49944874482115173E-02  3.00372193807792734E-06  0.00000000000000000E+00  0.00000000000000000E+00
  484.000000  1.23917606424224614E+04  1.21834263891759892E+04  1.44050215900362360E+02  6.42255218232047724E+01  4.46651183632436333E-02  1.38476642938306759E-02  2.74024855142951694E-06  0.00000000000000000E+00  0.00000000000000000E+00
  486.000000  1.18657247474447850E+04  1.16697945171104020E+04  1.35484594078096478E+02  6.03914797819453071E+01  4.13545389899256655E-02  1.27994332423971534E-02  2.50211093484638942E-06  0.00000000000000000E+00  0.00000000000000000E+00
  488.000000  1.13695098485789986E+04  1.11851070294883630E+04  1.27523387450218110E+02  5.68292681007078144E+01  3.83207672830745763E-02  1.18404857641479424E-02  2.28666210571680346E-06  0.00000000000000000E+00  0.00000000000000000E+00
  490.000000  1.09011258935942024E+04  1.07274440715397541E+04  1.20118282081750635E+02  5.35170372077529777E+01  3.55382245759085780E-02  1.09624488156937639E-02  2.09155161839148852E-06  0.00000000000000000E+00  0.00000000000000000E+00
  492.000000  1.04587204999837522E+04  1.02950174406566111E+04  1.13225096306032555E+02  5.04348194437576254E+01  3.29838732858441647E-02  1.01577893769962731E-02  1.91469060523878470E-06  0.00000000000000000E+00  0.00000000000000000E+00
  494.000000  1.00405714066678902E+04  9.88616354322537882E+03  1.06803435104992076E+02  4.75643698992281756E+01  3.06369560825216908E-02  9.41972798867091177E-03  1.75422103450058095E-06  0.00000000000000000E+00  0.00000000000000000E+00
  496.000000  9.64507869440811737E+03  9.49933608776741130E+03  1.00816366433861120E+02  4.48890176767888818E+01  2.84787608280573090E-02  8.74216073774944195E-03  1.60848868934811348E-06  0.00000000000000000E+00  0.00000000000000000E+00
  498.000000  9.27075699089993759E+03  9.13309872922273098E+03  9.52301203270996979E+01  4.23935278757299230E+01  2.64924092818354141E-02  8.11958907510288395E-03  1.47601942306461101E-06  0.00000000000000000E+00  0.00000000000000000E+00
  500.000000  8.91622781498173390E+03  8.78611781886863355E+03  9.00138107977216038E+01  4.00639742355160635E+01  2.46626675397577308E-02  7.54705682374843308E-03  1.35549829336444401E-06  0.00000000000000000E+00  0.00000000000000000E+00
  502.000000  8.58021216727905630E+03  8.45715536805790543E+03  8.51391799759488066E+01  3.78876221294850382E+01  2.29757762248547458E-02  7.02009374109974129E-03  1.24575122362615363E-06  0.00000000000000000E+00  0.00000000000000000E+00
  504.000000  8.26152343880797525E+03  8.14506229869954404E+03  8.05803635591618246E+01  3.58528214399829892E+01  2.14192985375293958E-02  6.53466502029204956E-03  1.14572887984129974E-06  0.00000000000000000E+00  0.00000000000000000E+00
  506.000000  7.95906068208825855E+03  7.84877202676190154E+03  7.63136764125065667E+01  3.39489087488175869E+01  1.99819843914543355E-02  6.08712614908261864E-03  1.05449248922097522E-06  0.00000000000000000E+00  0.00000000000000000E+00
  508.000000  7.67180226922839211E+03  7.56729440517056355E+03  7.23174170300451209E+01  3.21661182250044462E+01  1.86536489926782331E-02  5.67418258460045209E-03  9.71201359724388791E-07  0.00000000000000000E+00  0.00000000000000000E+00
  510.000000  7.39879994665567392E+03  7.29971003775980535E+03  6.85716895104999935E+01  3.04955005721662680E+01  1.74250643559430186E-02  5.29285374493264175E-03  8.95101889451221212E-07  0.00000000000000000E+00  0.00000000000000000E+00
  512.000000  7.13917328545903365E+03  7.04516496523178466E+03  6.50582416976022841E+01  2.89288494008788923E+01  1.62878623876242974E-02  4.94044086184230232E-03  8.25517881128225898E-07  0.00000000000000000E+00  0.00000000000000000E+00
  514.000000  6.89210451874703176E+03  6.80286571646242919E+03  6.17603181666436285E+01  2.74586344095401707E+01  1.52344482952961550E-02  4.61449828126245156E-03  7.61842000105530829E-07  0.00000000000000000E+00  0.00000000000000000E+00
  516.000000  6.65683375222166251E+03  6.57207471320796321E+03  5.86625267936326011E+01  2.60779407854929595E+01  1.42579232071848860E-02  4.31280783858798821E-03  7.03528234653701224E-07  0.00000000000000000E+00  0.00000000000000000E+00
  518.000000  6.43265453076178255E+03  6.35210601275560566E+03  5.57507177128101219E+01  2.47804142723085654E+01  1.33520149994473692E-02  4.03335597361852236E-03  6.50085235212619292E-07  0.00000000000000000E+00  0.00000000000000000E+00
  520.000000  6.21890974175997962E+03  6.14232137089682510E+03  5.30118735458021604E+01  2.35602113865627345E+01  1.25110164347121116E-02  3.77431328499165924E-03  6.01070424868049130E-07  0.00000000000000000E+00  0.00000000000000000E+00
  522.000000  6.01498783487578567E+03  5.94212660640115882E+03  5.04340098665165115E+01  2.24119543059583393E+01  1.17297298114620707E-02  3.53401625595862242E-03  5.56084786975341218E-07  0.00000000000000000E+00  0.00000000000000000E+00
  524.000000  5.82031933754019246E+03  5.75096824772081163E+03  4.80060849472116900E+01  2.13306899890767134E+01  1.10034174109579722E-02  3.31095091244906900E-03  5.14768247755005190E-07  0.00000000000000000E+00  0.00000000000000000E+00
  526.000000  5.63437364572176375E+03  5.56833044271495783E+03  4.57179179104394464E+01  2.03118531242633757E+01  1.03277571068574932E-02  3.10373820063047316E-03  4.76795582060662219E-07  0.00000000000000000E+00  0.00000000000000000E+00
  528.000000  5.45665607000892032E+03  5.39373211261540928E+03  4.35601144875177084E+01  1.93512325406515693E+01  9.69880257306760321E-03  2.91112089476644638E-03  4.41872779559952830E-07  0.00000000000000000E+00  0.00000000000000000E+00
  530.000000  5.28670511786009774E+03  5.22672433214720604E+03  4.15239996559624061E+01  1.84449407477395653E+01  9.11294758831218341E-03  2.73195186730684379E-03  4.09733816443388901E-07  0.00000000000000000E+00  0.00000000000000000E+00
  532.000000  5.12408999381997546E+03  5.06688791856598436E+03  3.96015564952696266E+01  1.75893863010193847E+01  8.56689399200966095E-03  2.56518357199690683E-03  3.80137784633298182E-07  0.00000000000000000E+00  0.00000000000000000E+00
  534.000000  4.96840830054628714E+03  4.91383121332947849E+03  3.77853706625412542E+01  1.67812487198982865E+01  8.05762289600795399E-03  2.40985860758503347E-03  3.52866336437921810E-07  0.00000000000000000E+00  0.00000000000000000E+00
  536.000000  4.81928392457463815E+03  4.76718804111981717E+03  3.60685799465290273E+01  1.60174557105245121E+01  7.58236880109642609E-03  2.26510124463089957E-03  3.27721407799122905E-07  0.00000000000000000E+00  0.00000000000000000E+00
  538.000000  4.67636509184557144E+03  4.62661583195371168E+03  3.44448284109795964E+01  1.52951624702395463E+01  7.13859630659598957E-03  2.13010981116217414E-03  3.04523187817132204E-07  0.00000000000000000E+00  0.00000000000000000E+00
  540.000000  4.53932257909366945E+03  4.49179389312345302E+03  3.29082246858160374E+01  1.46117328723115936E+01  6.72397913624239816E-03  2.00414984467068170E-03  2.83108306189302170E-07  0.00000000000000000E+00  0.00000000000000000E+00
  542.000000  4.40784806824149109E+03  4.36242181869149408E+03  3.14533040079992148E+01  1.39647223495071486E+01  6.33638123451518535E-03  1.88654792834171050E-03  2.63328213649218347E-07  0.00000000000000000E+00  0.00000000000000000E+00
  544.000000  4.28165263193863848E+03  4.23821802520150777E+03  3.00749936531606679E+01  1.33518623130684961E+01  5.97383971496304612E-03  1.77668613862158142E-03  2.45047733503269254E-07  0.00000000000000000E+00  0.00000000000000000E+00
  546.000000  4.16046533932817783E+03  4.11891840315903119E+03  2.87685814345703506E+01  1.27710459599256616E+01  5.63454946633339723E-03  1.67399703937987912E-03  2.28143764991293351E-07  0.00000000000000000E+00  0.00000000000000000E+00
  548.000000  4.04403197201009743E+03  4.00427507467550731E+03  2.75296869780395852E+01  1.22203153356376752E+01  5.31684924379414482E-03  1.57795916513775122E-03  2.12504121496990597E-07  0.00000000000000000E+00  0.00000000000000000E+00
  550.000000  3.93211384100042778E+03  3.89405524845636046E+03  2.63542355102383254E+01  1.16978495337687995E+01  5.01920909155674239E-03  1.48809294221765708E-03  1.98026488644527671E-07  0.00000000000000000E+00  0.00000000000000000E+00
  552.000000  3.82448669625022967E+03  3.78804016404149570E+03  2.52384339238804252E+01  1.12019539242733668E+01  4.74021896004241106E-03  1.40395700231856413E-03  1.84617489078105959E-07  0.00000000000000000E+00  0.00000000000000000E+00
  554.000000  3.72093972100366500E+03  3.68602411788743302E+03  2.41787489066427490E+01  1.07310503141532312E+01  4.47857839565720013E-03  1.32514484802245813E-03  1.72191842263964524E-07  0.00000000000000000E+00  0.00000000000000000E+00
  556.000000  3.62127460393085858E+03  3.58781356450619614E+03  2.31718869417162168E+01  1.02836679532456259E+01  4.23308719446135236E-03  1.25128183416592571E-03  1.60671609006958464E-07  0.00000000000000000E+00  0.00000000000000000E+00
  558.000000  3.52530468257325401E+03  3.49322628645052282E+03  2.22147760067783366E+01  9.85843530661144563E+00  4.00263692272791270E-03  1.18202243293171198E-03  1.49985511561096730E-07  0.00000000000000000E+00  0.00000000000000000E+00
  560.000000  3.43285415219589868E+03  3.40209062746694190E+03  2.13045488151788156E+01  9.45407252273814258E+00  3.78620321778559482E-03  1.11704775399129055E-03  1.40068321256425018E-07  0.00000000000000000E+00  0.00000000000000000E+00
  562.000000  3.34375733465003987E+03  3.31424478362497712E+03  2.04385274583954697E+01  9.06938453372107212E+00  3.58283879175987172E-03  1.05606329411085014E-03  1.30860306481917404E-07  0.00000000000000000E+00  0.00000000000000000E+00
  564.000000  3.25785800231313169E+03  3.22953614767451609E+03  1.96142093225246690E+01  8.70325472982173842E+00  3.39166706901262386E-03  9.98796893365675852E-04  1.22306734670939561E-07  0.00000000000000000E+00  0.00000000000000000E+00
  566.000000  3.17500875259892427E+03  3.14782070229099691E+03  1.88292541638924078E+01  8.35463915640474397E+00  3.21187639535440135E-03  9.44996877533969891E-04  1.14357422646935050E-07  0.00000000000000000E+00  0.00000000000000000E+00
  568.000000  3.09507042892209802E+03  3.06896245824373500E+03  1.80814722399693331E+01  8.02256118629585302E+00  3.04271476357364720E-03  8.94430368396494395E-04  1.06966330313902627E-07  0.00000000000000000E+00  0.00000000000000000E+00
  570.000000  3.01791158435041189E+03  2.99283293385677143E+03  1.73688134016896747E+01  7.70610662510870270E+00  2.88348500557299246E-03  8.46881745581310082E-04  1.00091193229199259E-07  0.00000000000000000E+00  0.00000000000000000E+00
  572.000000  2.94340798450873626E+03  2.91931067244994347E+03  1.66893570622759952E+01  7.40441921117156188E+00  2.73354040653050936E-03  8.02151245297887008E-04  9.36931900851209531E-08  0.00000000000000000E+00  0.00000000000000000E+00
  574.000000  2.87144214658653254E+03  2.84828079472341824E+03  1.60413029656749622E+01  7.11669647531856242E+00  2.59228070105930325E-03  7.60053682817806320E-04  8.77366415573876964E-08  0.00000000000000000E+00  0.00000000000000000E+00
  576.000000  2.80190291157449383E+03  2.77963458331250422E+03  1.54229626849895425E+01  6.84218592910862444E+00  2.45914841540857687E-03  7.20417286910130417E-04  8.21887373611461632E-08  0.00000000000000000E+00  0.00000000000000000E+00
  578.000000  2.73468504710002753E+03  2.71326909697404972E+03  1.48327517878095652E+01  6.58018155299003737E+00  2.33362552337821163E-03  6.83082635641826395E-04  7.70192886936234308E-08  0.00000000000000000E+00  0.00000000000000000E+00
  580.000000  2.66968887845252857E+03  2.64908681207846757E+03  1.42691826112056539E+01  6.33002055858406720E+00  2.21523038685391208E-03  6.47901684025315437E-04  7.22005035425643433E-08  0.00000000000000000E+00  0.00000000000000000E+00
  582.000000  2.60681994559526447E+03  2.58699528927960137E+03  1.37308575944605629E+01  6.09108040166576270E+00  2.10351495476775218E-03  6.14736874953285338E-04  6.77067826060750516E-08  0.00000000000000000E+00  0.00000000000000000E+00
  584.000000  2.54598868414598428E+03  2.52690686341298169E+03  1.32164631223857860E+01  5.86277602457970115E+00  1.99806219687565564E-03  5.83460325715498248E-04  6.35145338058556945E-08  0.00000000000000000E+00  0.00000000000000000E+00
  586.000000  2.48711012847553275E+03  2.46873835483395624E+03  1.27247638363676430E+01  5.64455730877272011E+00  1.89848375105686174E-03  5.53953083156165913E-04  5.96020035860392504E-08  0.00000000000000000E+00  0.00000000000000000E+00
  588.000000  2.43010363523032447E+03  2.41241080055809380E+03  1.22545973741856198E+01  5.43590671988980301E+00  1.80441776491709733E-03  5.26104441214537673E-04  5.59491233768348300E-08  0.00000000000000000E+00  0.00000000000000000E+00
  590.000000  2.37489262572321513E+03  2.35784920369983365E+03  1.18048695031521902E+01  5.23633712946234375E+00  1.71552691433292945E-03  4.99811315202876999E-04  5.25373697686791548E-08  0.00000000000000000E+00  0.00000000000000000E+00
  592.000000  2.32140434576689177E+03  2.30498229983033752E+03  1.13745496142988323E+01  5.04538979865507731E+00  1.63149658324348960E-03  4.74977667724482547E-04  4.93496370909269440E-08  0.00000000000000000E+00  0.00000000000000000E+00
  594.000000  2.26956964163998782E+03  2.25374233898741340E+03  1.09626665481997918E+01  4.86263251083246484E+00  1.55203319049111829E-03  4.51513981625734919E-04  4.63701212214529258E-08  0.00000000000000000E+00  0.00000000000000000E+00
  596.000000  2.21932275098373520E+03  2.20406488217421702E+03  1.05683047256280993E+01  4.68765784087946891E+00  1.47686265085579245E-03  4.29336775817354096E-04  4.35842135716331151E-08  0.00000000000000000E+00  0.00000000000000000E+00
  598.000000  2.17060110752285527E+03  2.15588861127591144E+03  1.01906005585768273E+01  4.52008155026974201E+00  1.40572895863735566E-03  4.08368160195682990E-04  4.09784042966265453E-08  0.00000000000000000E+00  0.00000000000000000E+00
  600.000000  2.12334515859609428E+03  2.10915515141207743E+03  9.82873911932616195E+00  4.35954109784112642E+00  1.33839288322576497E-03  3.88535426251228723E-04  3.85401938752921088E-08  0.00000000000000000E+00  0.00000000000000000E+00
  602.000000  2.07749819456062278E+03  2.06380890481867164E+03  9.48195104715187753E+00  4.20569425710372791E+00  1.27463076707882289E-03  3.69770670271150545E-04  3.62580122883857176E-08  0.00000000000000000E+00  0.00000000000000000E+00
  604.000000  2.03300618921051478E+03  2.01979689542679807E+03  9.14950967403249393E+00  4.05821783169947192E+00  1.21423341740705911E-03  3.52010446330685883E-04  3.41211450992807928E-08  0.00000000000000000E+00  0.00000000000000000E+00
  606.000000  1.98981765041670656E+03  1.97706862337041275E+03  8.83072835229650188E+00  3.91680646134719490E+00  1.15700508366213951E-03  3.35195446527754000E-04  3.21196658091992759E-08  0.00000000000000000E+00  0.00000000000000000E+00
  608.000000  1.94788348025900700E+03  1.93557592871618135E+03  8.52495796860176824E+00  3.78117151125968620E+00  1.10276251364095266E-03  3.19270206148824381E-04  3.02443739196286463E-08  0.00000000000000000E+00  0.00000000000000000E+00
  610.000000  1.90715684397679956E+03  1.89527286376284496E+03  8.23158462994493512E+00  3.65104003860939130E+00  1.05133408166643567E-03  3.04182831664890176E-04  2.84867381891511605E-08  0.00000000000000000E+00  0.00000000000000000E+00
  612.000000  1.86759304711790992E+03  1.85611557330858250E+03  7.95002750859835938E+00  3.52615383015770822E+00  1.00255898289027087E-03  2.89884749646721616E-04  2.68388446208336089E-08  0.00000000000000000E+00  0.00000000000000000E+00
  614.000000  1.82914942031301689E+03  1.81806218233115101E+03  7.67973683395653683E+00  3.40626850565303974E+00  9.56286488292919646E-04  2.76330474860534173E-04  2.52933487603603029E-08  0.00000000000000000E+00  0.00000000000000000E+00
  616.000000  1.79178521114593309E+03  1.78107269056713176E+03  7.42019202026067060E+00  3.29115268204584810E+00  9.12375255434290790E-04  2.63477395960375733E-04  2.38434319246273448E-08  0.00000000000000000E+00  0.00000000000000000E+00
  618.000000  1.75546148263223085E+03  1.74510887351742122E+03  7.17089992008017152E+00  3.18058719397883038E+00  8.70692690443309139E-04  2.51285577334395369E-04  2.24827610162060565E-08  0.00000000000000000E+00  0.00000000000000000E+00
  620.000000  1.72014101785336561E+03  1.71013418943960983E+03  6.93139319424152500E+00  3.07436436637569699E+00  8.31114357126413279E-04  2.39717575788987502E-04  2.12054516110999121E-08  0.00000000000000000E+00  0.00000000000000000E+00
  622.000000  1.68578823032919809E+03  1.67611369192254460E+03  6.70122878965405011E+00  2.97228733529326661E+00  7.93523429431957305E-04  2.28738270870317825E-04  2.00060340361982755E-08  0.00000000000000000E+00  0.00000000000000000E+00
  624.000000  1.65236907974176802E+03  1.64301394766732938E+03  6.47998651716056795E+00  2.87416941350703103E+00  7.57810183830901277E-04  2.18314707726956138E-04  1.88794221788879143E-08  0.00000000000000000E+00  0.00000000000000000E+00
  626.000000  1.61985099265270310E+03  1.61080295912764632E+03  6.26726772217238270E+00  2.77983349758367559E+00  7.23871528467626819E-04  2.08415951512241248E-04  1.78208847948399225E-08  0.00000000000000000E+00  0.00000000000000000E+00
  628.000000  1.58820278788248538E+03  1.57945009168727506E+03  6.06269404141590851E+00  2.68911151344979116E+00  6.91610566201582093E-04  1.99012952410811632E-04  1.68260191012536442E-08  0.00000000000000000E+00  0.00000000000000000E+00
  630.000000  1.55739460624427943E+03  1.54892600507643419E+03  5.86590623964318691E+00  2.60184389770197555E+00  6.60936188903058115E-04  1.90078420451933108E-04  1.58907264620609810E-08  0.00000000000000000E+00  0.00000000000000000E+00
  632.000000  1.52739784434691933E+03  1.51920258874974388E+03  5.67656312063670399E+00  2.51787911211763094E+00  6.31762700586853410E-04  1.81586709343082637E-04  1.50111899889671863E-08  0.00000000000000000E+00  0.00000000000000000E+00
  634.000000  1.49818509220306350E+03  1.49025290096940034E+03  5.49434050727900747E+00  2.43707318902431869E+00  6.04009467169005923E-04  1.73513708621915761E-04  1.41838538979417310E-08  0.00000000000000000E+00  0.00000000000000000E+00
  636.000000  1.46973007439642197E+03  1.46205111135446055E+03  5.31893028585737060E+00  2.35928930536431825E+00  5.77600590814301290E-04  1.65836743483322206E-04  1.34054044750034405E-08  0.00000000000000000E+00  0.00000000000000000E+00
  638.000000  1.44200759458089783E+03  1.43457244667553232E+03  5.15003951014560002E+00  2.28439738345860688E+00  5.52464607009434594E-04  1.58534481691885649E-04  1.26727525180621861E-08  0.00000000000000000E+00  0.00000000000000000E+00
  640.000000  1.41499348309829770E+03  1.40779313968750535E+03  4.98738956113685727E+00  2.21227371662279371E+00  5.28534202648456384E-04  1.51586847038543413E-04  1.19830171332521603E-08  0.00000000000000000E+00  0.00000000000000000E+00
  642.000000  1.38866454751896117E+03  1.38169038081018357E+03  4.83071535862044055E+00  2.14280061793114029E+00  5.05745953556844532E-04  1.44974938844933516E-04  1.13335107748268297E-08  0.00000000000000000E+00  0.00000000000000000E+00
  644.000000  1.36299852592119646E+03  1.35624227247781528E+03  4.67976462107310542E+00  2.07586609054921745E+00  4.84040080006326522E-04  1.38680957059188756E-04  1.07217254273042346E-08  0.00000000000000000E+00  0.00000000000000000E+00
  646.000000  1.33797404273933830E+03  1.33142778599206463E+03  4.53429717060183179E+00  2.01136351817520698E+00  4.63360218889198767E-04  1.32688132524038944E-04  1.01453198372941975E-08  0.00000000000000000E+00  0.00000000000000000E+00
  648.000000  1.31357056702096338E+03  1.30722672072333921E+03  4.39408427991230699E+00  1.94919137423635158E+00  4.43653211326630202E-04  1.26980662031756327E-04  9.60210771039522687E-09  0.00000000000000000E+00  0.00000000000000000E+00
  650.000000  1.28976837294622965E+03  1.28361966551749401E+03  4.25890805850458420E+00  1.88925294858880122E+00  4.24868904582319544E-04  1.21543647811472527E-04  9.09004679576814468E-09  0.00000000000000000E+00  0.00000000000000000E+00
  652.000000  1.26654850247043737E+03  1.26058796217276972E+03  4.12856087549442918E+00  1.83145609055767111E+00  4.06959967241584655E-04  1.16363041122436454E-04  8.60722878757205207E-09  0.00000000000000000E+00  0.00000000000000000E+00
  654.000000  1.24389272996199293E+03  1.23811367086263999E+03  4.00284481665361636E+00  1.77571296724112559E+00  3.89881716697345205E-04  1.11425589652762731E-04  8.15186997842336336E-09  0.00000000000000000E+00  0.00000000000000000E+00
  656.000000  1.22178352871496372E+03  1.21617953738698816E+03  3.88157117342946778E+00  1.72193983607739654E+00  3.73591958058721977E-04  1.06718788446693707E-04  7.72230260549895454E-09  0.00000000000000000E+00  0.00000000000000000E+00
  658.000000  1.20020403922510013E+03  1.19476896214349767E+03  3.76455996186996877E+00  1.67005683074781497E+00  3.58050833666503021E-04  1.02230834105196129E-04  7.31696683485456084E-09  0.00000000000000000E+00  0.00000000000000000E+00
  660.000000  1.17913803912386584E+03  1.17386597071659230E+03  3.65163946952191898E+00  1.61998775955242746E+00  3.43220682462012450E-04  9.79505820243955529E-05  6.93440333406893298E-09  0.00000000000000000E+00  0.00000000000000000E+00
  662.000000  1.15856991467347962E+03  1.15345518598952253E+03  3.54264582851114618E+00  1.57165991545784722E+00  3.29065908513766681E-04  9.38675064546632559E-05  6.57324638744641287E-09  0.00000000000000000E+00  0.00000000000000000E+00
  664.000000  1.13848463373112304E+03  1.13352180169016265E+03  3.43742261313543285E+00  1.52500389707165973E+00  3.15552858058818419E-04  8.99716631797597342E-05  6.23221751177480253E-09  0.00000000000000000E+00  0.00000000000000000E+00
  666.000000  1.11886772009708511E+03  1.11405155728754630E+03  3.33582046041898339E+00  1.47995343985057448E+00  3.02649704464261714E-04  8.62536546307980309E-05  5.91011953408225299E-09  0.00000000000000000E+00  0.00000000000000000E+00
  668.000000  1.09970522916700475E+03  1.09503071416137936E+03  3.23769671218437693E+00  1.43644525689740998E+00  2.90326340559033324E-04  8.27045972638499900E-05  5.60583109597409439E-09  0.00000000000000000E+00  0.00000000000000000E+00
  670.000000  1.08098372481316892E+03  1.07644603297143976E+03  3.14291507729608988E+00  1.39441888874602093E+00  2.78554277827048561E-04  7.93160910429122475E-05  5.31830155200385848E-09  0.00000000000000000E+00  0.00000000000000000E+00
  672.000000  1.06269025742527037E+03  1.05828475215908156E+03  3.05134531282417631E+00  1.35381656157529795E+00  2.67306551990535181E-04  7.60801908818712122E-05  5.04654623215916067E-09  0.00000000000000000E+00  0.00000000000000000E+00
  674.000000  1.04481234304445911E+03  1.04053456751636691E+03  2.96286292295788467E+00  1.31458305333007841E+00  2.56557634547105809E-04  7.29893799099689237E-05  4.78964204094310709E-09  0.00000000000000000E+00  0.00000000000000000E+00
  676.000000  1.02733794352966174E+03  1.02318361276337532E+03  2.87734887458160804E+00  1.27666556726354696E+00  2.46283349856079626E-04  7.00365444353905065E-05  4.54672336773364600E-09  0.00000000000000000E+00  0.00000000000000000E+00
  678.000000  1.01025544769824228E+03  1.00622044107723389E+03  2.79468932849627727E+00  1.24001361244719543E+00  2.36460797399238107E-04  6.72149504907970148E-05  4.31697828511365113E-09  0.00000000000000000E+00  0.00000000000000000E+00
  680.000000  9.93553653387165127E+02  9.89634007520401042E+02  2.71477538533826257E+00  1.20457889082552150E+00  2.27068278868126401E-04  6.45182218531901644E-05  4.09964501371210732E-09  0.00000000000000000E+00  0.00000000000000000E+00
  682.000000  9.77221750383604558E+02  9.73413652318431787E+02  2.63750284530939982E+00  1.17031519042003662E+00  2.18085229755292099E-04  6.19403194383147144E-05  3.89400863378044512E-09  0.00000000000000000E+00  0.00000000000000000E+00
  684.000000  9.61249304177765794E+02  9.57549084941183310E+02  2.56277198089200109E+00  1.13717828431399015E+00  2.09492155149991385E-04  5.94755219770925871E-05  3.69939802528787835E-09  0.00000000000000000E+00  0.00000000000000000E+00
  686.000000  9.45626240492815441E+02  9.42030368943475651E+02  2.49048732177457577E+00  1.10512583507264139E+00  2.01270569460067103E-04  5.71184078882147991E-05  3.51518301973079290E-09  0.00000000000000000E+00  0.00000000000000000E+00
  688.000000  9.30342830550117583E+02  9.26847907524455309E+02  2.42055745126643451E+00  1.07411730427697516E+00  1.93402939801748863E-04  5.48638382672218174E-05  3.34077174816364164E-09  0.00000000000000000E+00  0.00000000000000000E+00
  690.000000  9.15389677030124517E+02  9.11992429766981445E+02  2.35289481352439900E+00  1.04411386686932794E+00  1.85872632817067775E-04  5.27069409180722906E-05  3.17560817115219711E-09  0.00000000000000000E+00  0.00000000000000000E+00
  692.000000  9.00757700692114781E+02  8.97454977521146020E+02  2.28741553096014094E+00  1.01507833002925230E+00  1.78663864695748049E-04  5.06430953584846138E-05  3.01916977745259916E-09  0.00000000000000000E+00  0.00000000000000000E+00
  694.000000  8.86438127617225405E+02  8.83226892897232233E+02  2.22403923123433378E+00  9.86975056315022692E-01  1.71761654193660382E-04  4.86679187351401503E-05  2.87096543922830792E-09  0.00000000000000000E+00  0.00000000000000000E+00
  696.000000  8.72422477042439255E+02  8.69299806336568849E+02  2.16268888328466646E+00  9.59769890824243022E-01  1.65151778454746700E-04  4.67772525893975414E-05  2.73053341254853868E-09  0.00000000000000000E+00  0.00000000000000000E+00
  698.000000  8.58702549754617962E+02  8.55665625230128057E+02  2.10329064186838233E+00  9.33430092142153556E-01  1.58820731456522116E-04  4.49671504182876396E-05  2.59743947276574537E-09  0.00000000000000000E+00  0.00000000000000000E+00
  700.000000  8.45270417014788791E+02  8.42316523055775860E+02  2.04577370013075432E+00  9.07924266859953311E-01  1.52755684911432579E-04  4.32338659793698213E-05  2.47127517515354818E-09  0.00000000000000000E+00  0.00000000000000000E+00
  702.000000  8.32118409986074766E+02  8.29244929008223153E+02  1.99007014974541652E+00  8.83222307460829525E-01  1.46944451468247587E-04  4.15738422916681584E-05  2.35165623191434500E-09  0.00000000000000000E+00  0.00000000000000000E+00
  704.000000  8.19239109638661830E+02  8.16443518095693321E+02  1.93611484819679736E+00  8.59295333382130155E-01  1.41375450067881869E-04  3.99837012881142835E-05  2.23822099732798789E-09  0.00000000000000000E+00  0.00000000000000000E+00
  706.000000  8.06625337107981863E+02  8.03905201680064124E+02  1.88384529280417445E+00  8.36115635075506458E-01  1.36037673318178948E-04  3.84602340780491406E-05  2.13062905342962505E-09  0.00000000000000000E+00  0.00000000000000000E+00
  708.000000  7.94270144482739283E+02  7.91623118437655648E+02  1.83320150110994673E+00  8.13656620896708427E-01  1.30920656761154440E-04  3.70003917811113759E-05  2.02855988916774960E-09  0.00000000000000000E+00  0.00000000000000000E+00
  710.000000  7.82166806001103055E+02  7.79590625719498917E+02  1.78412589727800075E+00  7.91892766667520287E-01  1.26014449914720988E-04  3.56012768964884246E-05  1.93171166651651490E-09  0.00000000000000000E+00  0.00000000000000000E+00
  712.000000  7.70308809634928934E+02  7.67801291291431994E+02  1.73656320417083032E+00  7.70799567762153970E-01  1.21309588978960452E-04  3.42601351739496912E-05  1.83980006749590374E-09  0.00000000000000000E+00  0.00000000000000000E+00
  714.000000  7.58689849042100036E+02  7.56248885434558247E+02  1.69046034079163054E+00  7.50353493578493236E-01  1.16797071103970205E-04  3.29743479552995218E-05  1.75255721649726670E-09  0.00000000000000000E+00  0.00000000000000000E+00
  716.000000  7.47303815869329242E+02  7.44927373388840920E+02  1.64576632479930351E+00  7.30531944264139588E-01  1.12468330123474978E-04  3.17414249570346967E-05  1.66973067272044697E-09  0.00000000000000000E+00  0.00000000000000000E+00
  718.000000  7.36144792387510847E+02  7.33830908122316032E+02  1.60243217981895603E+00  7.11313209573723571E-01  1.08315213664473276E-04  3.05589974668832545E-05  1.59108248790590251E-09  0.00000000000000000E+00  0.00000000000000000E+00
  720.000000  7.25207044444139569E+02  7.22953823410816995E+02  1.56041084729000823E+00  6.92676429742776767E-01  1.04329961549168843E-04  2.94248119287705831E-05  1.51638832489608942E-09  0.00000000000000000E+00  0.00000000000000000E+00
  722.000000  7.14485014716454202E+02  7.12290627212225218E+02  1.51965710260571685E+00  6.74601558268554391E-01  1.00505185410809360E-04  2.83367238923664916E-05  1.44543663287912104E-09  0.00000000000000000E+00  0.00000000000000000E+00
  724.000000  7.03973316251465462E+02  7.01835995321733662E+02  1.48012747531589595E+00  6.57069326496245165E-01  9.68338494502802026E-05  2.72926923049997238E-05  1.37802787546836765E-09  0.00000000000000000E+00  0.00000000000000000E+00
  726.000000  6.93666726278718443E+02  6.91584765294288559E+02  1.44178017317554796E+00  6.40061209913911022E-01  9.33092522648296824E-05  2.62907741251295088E-05  1.31397380804579116E-09  0.00000000000000000E+00  0.00000000000000000E+00
  728.000000  6.83560180282731721E+02  6.81531930621448623E+02  1.40457500983561934E+00  6.23559396065466398E-01  8.99250096849239008E-05  2.53291192379341533E-05  1.25309680105070090E-09  0.00000000000000000E+00  0.00000000000000000E+00
  730.000000  6.73648766322932602E+02  6.71672635150752740E+02  1.36847333598408416E+00  6.07546753996428435E-01  8.66750385591385001E-05  2.44059656548371641E-05  1.19522920613211753E-09  0.00000000000000000E+00  0.00000000000000000E+00
  732.000000  6.63927719589270737E+02  6.62002167736045863E+02  1.33343797375641837E+00  5.92006805151835125E-01  8.35535414309575270E-05  2.35196349799553922E-05  1.14021276230006009E-09  0.00000000000000000E+00  0.00000000000000000E+00
  734.000000  6.54392417182265149E+02  6.52515957107762688E+02  1.29943315424411132E+00  5.76923695650276125E-01  8.05549920548025660E-05  2.26685281275381793E-05  1.08789803941280154E-09  0.00000000000000000E+00  0.00000000000000000E+00
  736.000000  6.45038373107503730E+02  6.43209566953417834E+02  1.26642445794178693E+00  5.62282169862970860E-01  7.76741217020686451E-05  2.18511212755110074E-05  1.03814391652437606E-09  0.00000000000000000E+00  0.00000000000000000E+00
  738.000000  6.35861233473912193E+02  6.34078691197844023E+02  1.23437875797937013E+00  5.48067545229731778E-01  7.49059062108542564E-05  2.10659620411365081E-05  9.90817092788627842E-10  0.00000000000000000E+00  0.00000000000000000E+00
  740.000000  6.26856771886967977E+02  6.25119149474556593E+02  1.20326416599746167E+00  5.34265688248681814E-01  7.22455537361683654E-05  2.03116658657370898E-05  9.45791628777261330E-10  0.00000000000000000E+00  0.00000000000000000E+00
  742.000000  6.18020885027580107E+02  6.16326882779162133E+02  1.17304998053014575E+00  5.20862991579333023E-01  6.96884931599292898E-05  1.95869125962140300E-05  9.02948516217190762E-10  0.00000000000000000E+00  0.00000000000000000E+00
  744.000000  6.09349588408334171E+02  6.07697949296695356E+02  1.14370663776776937E+00  5.07846352202452778E-01  6.72303631226937436E-05  1.88904432518826302E-05  8.62175274291060366E-10  0.00000000000000000E+00  0.00000000000000000E+00
  746.000000  6.00839012298728221E+02  5.99228520394684665E+02  1.11520566457879511E+00  4.95203150582853691E-01  6.48670016413446538E-05  1.82210569658432674E-05  8.23365570770809635E-10  0.00000000000000000E+00  0.00000000000000000E+00
  748.000000  5.92485397812205179E+02  5.90914876774912045E+02  1.08751963367752902E+00  4.82921230784875477E-01  6.25944362791927355E-05  1.75776080908029800E-05  7.86418866374997072E-10  0.00000000000000000E+00  0.00000000000000000E+00
  750.000000  5.84285093147341627E+02  5.82753404776390312E+02  1.06062212082942020E+00  4.70988881492415801E-01  6.04088748370037985E-05  1.69590034598587505E-05  7.51240080848376627E-10  0.00000000000000000E+00  0.00000000000000000E+00
  752.000000  5.76234549976406925E+02  5.74740592822911822E+02  1.03448766399258796E+00  4.59394817888391538E-01  5.83066965353556252E-05  1.63641997933542999E-05  7.17739279365605558E-10  0.00000000000000000E+00  0.00000000000000000E+00
  754.000000  5.68330319974878307E+02  5.66873028008897109E+02  1.00909172429940575E+00  4.48128164350994784E-01  5.62844436605440787E-05  1.57922012434669902E-05  6.85831377955082909E-10  0.00000000000000000E+00  0.00000000000000000E+00
  756.000000  5.60569051485403634E+02  5.59147392817164473E+02  9.84410648786848475E-01  4.37178437926099672E-01  5.43388136479471207E-05  1.52420570686789662E-05  6.55435866727262460E-10  0.00000000000000000E+00  0.00000000000000000E+00
  758.000000  5.52947486310568138E+02  5.51560461963102739E+02  9.60421634789953127E-01  4.26535532537802742E-01  5.24666515782818373E-05  1.47128594307795615E-05  6.26476549773299291E-10  0.00000000000000000E+00  0.00000000000000000E+00
  760.000000  5.45462456628699556E+02  5.44109099359598758E+02  9.37102695916673945E-01  4.16189703900792629E-01  5.06649430637321220E-05  1.42037413074795020E-05  5.98881300676274853E-10  0.00000000000000000E+00  0.00000000000000000E+00
  762.000000  5.38110882027271941E+02  5.36790255197390138E+02  9.14432629527063612E-01  4.06131555100241737E-01  4.89308075021934355E-05  1.37138745141356580E-05  5.72581832647042672E-10  0.00000000000000000E+00  0.00000000000000000E+00
  764.000000  5.30889766649007811E+02  5.29600963136050041E+02  8.92390985643882750E-01  3.96352022806948867E-01  4.72614916793085755E-05  1.32424678284839934E-05  5.47513482363674181E-10  0.00000000000000000E+00  0.00000000000000000E+00
  766.000000  5.23796196445742112E+02  5.22538337600767022E+02  8.70958037225546211E-01  3.86842364096939839E-01  4.56543636990439788E-05  1.27887652126336500E-05  5.23615006653552012E-10  0.00000000000000000E+00  0.00000000000000000E+00
  768.000000  5.16827336535308632E+02  5.15599571180274552E+02  8.50114751735558061E-01  3.77594143846356312E-01  4.41069072247611026E-05  1.23520441269187731E-05  5.00828391214111798E-10  0.00000000000000000E+00  0.00000000000000000E+00
  770.000000  5.09980428657293999E+02  5.08781932121863747E+02  8.29842763946989970E-01  3.68599222674247717E-01  4.26167160137888004E-05  1.19316139305321101E-05  4.79098670622111578E-10  0.00000000000000000E+00  0.00000000000000000E+00
  772.000000  5.03252788723261176E+02  5.02082761919170196E+02  8.10124349922541787E-01  3.59849745406980448E-01  4.11814887294762794E-05  1.15268143641546135E-05  4.58373758928935616E-10  0.00000000000000000E+00  0.00000000000000000E+00
  774.000000  4.96641804457562955E+02  4.95499472988931814E+02  7.90942402114813370E-01  3.51338130039582697E-01  3.97990240156595066E-05  1.11370141100830905E-05  4.38604290186797181E-10  0.00000000000000000E+00  0.00000000000000000E+00
  776.000000  4.90144933124941758E+02  4.89029546432992390E+02  7.72280405533867231E-01  3.43057057170541191E-01  3.84672158193204934E-05  1.07616094256199496E-05  4.19743468292680387E-10  0.00000000000000000E+00  0.00000000000000000E+00
  778.000000  4.83759699341265730E+02  4.82670529881972584E+02  7.54122414931803764E-01  3.34999459887746376E-01  3.71840489480849737E-05  1.04000228457346987E-05  4.01746925576390654E-10  0.00000000000000000E+00  0.00000000000000000E+00
  780.000000  4.77483692963945600E+02  4.76420035417223005E+02  7.36453032956754017E-01  3.27158514084470442E-01  3.59475948499146260E-05  1.00517019512399939E-05  3.84572589597153896E-10  0.00000000000000000E+00  0.00000000000000000E+00
  782.000000  4.71314567058745865E+02  4.70275737567835336E+02  7.19257389231249711E-01  3.19527629185311357E-01  3.47560076031317038E-05  9.71611819894210411E-06  3.68180557646502440E-10  0.00000000000000000E+00  0.00000000000000000E+00
  784.000000  4.65250035939891234E+02  4.64235371379677645E+02  7.02521120312011971E-01  3.12100439263113261E-01  3.36075201055405570E-05  9.39276581043102749E-06  3.52532978488488380E-10  0.00000000000000000E+00  0.00000000000000000E+00
  786.000000  4.59287873280379301E+02  4.58296730553421355E+02  6.86230350490438679E-01  3.04870794528719624E-01  3.25004404520955897E-05  9.08116071636376062E-06  3.37593940897642953E-10  0.00000000000000000E+00  0.00000000000000000E+00
  788.000000  4.53425910289815022E+02  4.52457665648931879E+02  6.70371673395267265E-01  2.97832753176531406E-01  3.14331484911238316E-05  8.78083955327989576E-06  3.23329368583525057E-10  0.00000000000000000E+00  0.00000000000000000E+00
  790.000000  4.47662033956727612E+02  4.46716082353036882E+02  6.54932134360417972E-01  2.90980573569341150E-01  3.04040925496889029E-05  8.49135871014754220E-06  3.09706921116487537E-10  0.00000000000000000E+00  0.00000000000000000E+00
  792.000000  4.41994185353150669E+02  4.41069939808503477E+02  6.39899213523440702E-01  2.84308706747240070E-01  2.94117863192321592E-05  8.21229342201073380E-06  2.96695900494063973E-10  0.00000000000000000E+00  0.00000000000000000E+00
  794.000000  4.36420357998684722E+02  4.35517249001490768E+02  6.25260809621245417E-01  2.77811789245671070E-01  2.84548058930832430E-05  7.94323690824399724E-06  2.84267163009960587E-10  0.00000000000000000E+00  0.00000000000000000E+00
  796.000000  4.30938596281756475E+02  4.30056071205237345E+02  6.11005224451564688E-01  2.71484636208707553E-01  2.75317869479378965E-05  7.68379955306912084E-06  2.72393036108887054E-10  0.00000000000000000E+00  0.00000000000000000E+00
  798.000000  4.25546993935911530E+02  4.24684516477865657E+02  5.97121147970343213E-01  2.65322234784327537E-01  2.66414220618187368E-05  7.43360812611913975E-06  2.61047239930577835E-10  0.00000000000000000E+00  0.00000000000000000E+00
  800.000000  4.20243692568718814E+02  4.19400742211920203E+02  5.83597643996311199E-01  2.59319737788877458E-01  2.57824581614493089E-05  7.19230504095368140E-06  2.50204813264428787E-10  0.00000000000000000E+00  0.00000000000000000E+00
  802.000000  4.15026880241485969E+02  4.14202951733879672E+02  5.70424136495889300E-01  2.53472457628872716E-01  2.49536940923815585E-05  6.95954764955457320E-06  2.39842043654264340E-10  0.00000000000000000E+00  0.00000000000000000E+00
  804.000000  4.09894790097662622E+02  4.09089392951555681E+02  5.57590396422516843E-01  2.47775860468594983E-01  2.41539783055548734E-05  6.73500757093308984E-06  2.29936401408042270E-10  0.00000000000000000E+00  0.00000000000000000E+00
  806.000000  4.04845699037997065E+02  4.04058357047481479E+02  5.45086529085797467E-01  2.42225560632591957E-01  2.33822066543437236E-05  6.51837005208599113E-06  2.20466477283442656E-10  0.00000000000000000E+00  0.00000000000000000E+00
  808.000000  3.99877926440763986E+02  3.99108177216638921E+02  5.32902962027257177E-01  2.36817315232773634E-01  2.26373202964220452E-05  6.30933335963604835E-06  2.11411923633514420E-10  0.00000000000000000E+00  0.00000000000000000E+00
  810.000000  3.94989832925215069E+02  3.94237227446709880E+02  5.21030433380348934E-01  2.31547019010195532E-01  2.19183036951672359E-05  6.10760820058159302E-06  2.02753398810610306E-10  0.00000000000000000E+00  0.00000000000000000E+00
  812.000000  3.90179819156608858E+02  3.89443921339238784E+02  5.09459980693567904E-01  2.26410699382121772E-01  2.12241827154975667E-05  5.91291717066638707E-06  1.94472514638602114E-10  0.00000000000000000E+00  0.00000000000000000E+00
  814.000000  3.85446324691344671E+02  3.84726710970258978E+02  4.98182930196574059E-01  2.21404511685508593E-01  2.05540228094466770E-05  5.72499422896509839E-06  1.86551786775499688E-10  0.00000000000000000E+00  0.00000000000000000E+00
  816.000000  3.80787826860453720E+02  3.80084085788664993E+02  4.87190886489976271E-01  2.16524734608239650E-01  1.99069272868832402E-05  5.54358419734949841E-06  1.78974587799022682E-10  0.00000000000000000E+00  0.00000000000000000E+00
  818.000000  3.76202839690270537E+02  3.75514571551180097E+02  4.76475722640608113E-01  2.11767765800167457E-01  1.92820356671800310E-05  5.36844228358119281E-06  1.71725102858085568E-10  0.00000000000000000E+00  0.00000000000000000E+00
  820.000000  3.71689912858638365E+02  3.71016729292297043E+02  4.66029570664789616E-01  2.07130117656066287E-01  1.86785221077305471E-05  5.19933362683585141E-06  1.64788287742628699E-10  0.00000000000000000E+00  0.00000000000000000E+00
  822.000000  3.67247630685474576E+02  3.66589154328043492E+02  4.55844812382899478E-01  2.02608413263228399E-01  1.80955939055200209E-05  5.03603286453446459E-06  1.58149829233143508E-10  0.00000000000000000E+00  0.00000000000000000E+00
  824.000000  3.62874611156321009E+02  3.62230475292219353E+02  4.45914070629486403E-01  1.98199382506606819E-01  1.75324900681131562E-05  4.87832371941331874E-06  1.51796107599380749E-10  0.00000000000000000E+00  0.00000000000000000E+00
  826.000000  3.58569504977747272E+02  3.57939353203994301E+02  4.36230200803810864E-01  1.93899858324860813E-01  1.69884799506225400E-05  4.72599860582442486E-06  1.45714161126044539E-10  0.00000000000000000E+00  0.00000000000000000E+00
  828.000000  3.54330994663304580E+02  3.53714480565587394E+02  4.26786282746266510E-01  1.89706773110835364E-01  1.64628619554171600E-05  4.57885825430807762E-06  1.39891652549998611E-10  0.00000000000000000E+00  0.00000000000000000E+00
  830.000000  3.50157793649092525E+02  3.49554580489106854E+02  4.17575612927180484E-01  1.85617155250486693E-01  1.59549622914761886E-05  4.43671135353495320E-06  1.34316837300918210E-10  0.00000000000000000E+00  0.00000000000000000E+00
  832.000000  3.46048645437571281E+02  3.45458405851205555E+02  4.08591696934464288E-01  1.81628125794267764E-01  1.54641337904708655E-05  4.29937420875564689E-06  1.28978533443261278E-10  0.00000000000000000E+00  0.00000000000000000E+00
  834.000000  3.42002322768925353E+02  3.41424738474872527E+02  3.99828242248121413E-01  1.77736895255618366E-01  1.49897547768139914E-05  4.16667041594989938E-06  1.23866093223987864E-10  0.00000000000000000E+00  0.00000000000000000E+00
  836.000000  3.38017626818661142E+02  3.37452388337063439E+02  3.91279151289122551E-01  1.73940760531075628E-01  1.45312279890375681E-05  4.03843055090092565E-06  1.18969376135719328E-10  0.00000000000000000E+00  0.00000000000000000E+00
  838.000000  3.34093386420819911E+02  3.33540192801565411E+02  3.82938514731762158E-01  1.70237101937132762E-01  1.40879795500294524E-05  3.91449187246931440E-06  1.14278723410523829E-10  0.00000000000000000E+00  0.00000000000000000E+00
  840.000000  3.30228457315476874E+02  3.29687015875784255E+02  3.74800605068039527E-01  1.66623380358790207E-01  1.36594579837433392E-05  3.79469803936941483E-06  1.09784933864420561E-10  0.00000000000000000E+00  0.00000000000000000E+00
  842.000000  3.26421721420039262E+02  3.25891747490982084E+02  3.66859870414120826E-01  1.63097134505395536E-01  1.32451332761666999E-05  3.67889883979704971E-06  1.05479241017473029E-10  0.00000000000000000E+00  0.00000000000000000E+00
  844.000000  3.22672086123353949E+02  3.22153302804988471E+02  3.59110928548865338E-01  1.59655978269286319E-01  1.28444959784111574E-05  3.56694993328450002E-06  1.01353291418693362E-10  0.00000000000000000E+00  0.00000000000000000E+00
  846.000000  3.18978483601655512E+02  3.18470621526431614E+02  3.51548561174563567E-01  1.56297598182947806E-01  1.24570563499075446E-05  3.45871260419105675E-06  9.73991241089492956E-11  0.00000000000000000E+00  0.00000000000000000E+00
  848.000000  3.15339870155899575E+02  3.14842667260046710E+02  3.44167708391368177E-01  1.53019750970823987E-01  1.20823435397971266E-05  3.35405352627290425E-06  9.36091511592681677E-11  0.00000000000000000E+00  0.00000000000000000E+00
  850.000000  3.11755225569378808E+02  3.11268426871971485E+02  3.36963463376209582E-01  1.49820261191765197E-01  1.17199048047019356E-05  3.25284453779746299E-06  8.99761392251645563E-11  0.00000000000000000E+00  0.00000000000000000E+00
  852.000000  3.08223552485239736E+02  3.07746909874659025E+02  3.29931067258365129E-01  1.46697018968596604E-01  1.13693047611489825E-05  3.15496242670147726E-06  8.64931920614355289E-11  0.00000000000000000E+00  0.00000000000000000E+00
  854.000000  3.04743875802987645E+02  3.04277147830506408E+02  3.23065904183452823E-01  1.43647977801192900E-01  1.10301246710128367E-05  3.06028872531249652E-06  8.31537339447247433E-11  0.00000000000000000E+00  0.00000000000000000E+00
  856.000000  3.01315242093277391E+02  3.00858193773588027E+02  3.16363496558376922E-01  1.40671152459717813E-01  1.07019617584163571E-05  2.96870951417962609E-06  0.00000000000000000E+00  0.00000000000000000E+00  0.00000000000000000E+00
  858.000000  2.97936719030911718E+02  2.97489121648943126E+02  3.09819500469996234E-01  1.37764616954850871E-01  1.03844285566213892E-05  2.88011523458338818E-06  0.00000000000000000E+00  0.00000000000000000E+00  0.00000000000000000E+00
  860.000000  2.94607394844143073E+02  2.94169025768737811E+02  3.03429701270566565E-01  1.34926502581899949E-01  1.00771522834943476E-05  2.79440050931437620E-06  0.00000000000000000E+00  0.00000000000000000E+00  0.00000000000000000E+00
  862.000000  2.91326377781410997E+02  2.90897020284813550E+02  2.97190009323370918E-01  1.32154996035891648E-01  9.77977424422826363E-06  2.71146397133238130E-06  0.00000000000000000E+00  0.00000000000000000E+00  0.00000000000000000E+00
  864.000000  2.88092795593561959E+02  2.87672238676907796E+02  2.91096455902051798E-01  1.29448337594767010E-01  9.49194926003469372E-06  2.63120809993530283E-06  0.00000000000000000E+00  0.00000000000000000E+00  0.00000000000000000E+00
  866.000000  2.84905795031642640E+02  2.84493833256152755E+02  2.85145189237732022E-01  1.26804819368051436E-01  9.21334512161968934E-06  2.55353906408805334E-06  0.00000000000000000E+00  0.00000000000000000E+00  0.00000000000000000E+00
  868.000000  2.81764541359669408E+02  2.81360974683344239E+02  2.79332470708108960E-01  1.24222783608423690E-01  8.94364206628574586E-06  2.47836657257765078E-06  0.00000000000000000E+00  0.00000000000000000E+00  0.00000000000000000E+00
  870.000000  2.78668217881782027E+02  2.78272851501399543E+02  2.73654671162842589E-01  1.21700621083686691E-01  8.68253227757662993E-06  2.40560373067694246E-06  0.00000000000000000E+00  0.00000000000000000E+00  0.00000000000000000E+00
  872.000000  2.75616025483266526E+02  2.75228669681493500E+02  2.68108267379946141E-01  1.19236769506760182E-01  8.42971940642521079E-06  2.33516690301502552E-06  0.00000000000000000E+00  0.00000000000000000E+00  0.00000000000000000E+00
  874.000000  2.72607182185175077E+02  2.72227652182611678E+02  2.62689838648205165E-01  1.16829712021523091E-01  8.18491811282612630E-06  2.26697558236958314E-06  0.00000000000000000E+00  0.00000000000000000E+00  0.00000000000000000E+00
  876.000000  2.69640922711860469E+02  2.69269038523841687E+02  2.57396063470572922E-01  1.14477975742240251E-01  7.94785362708546751E-06  2.20095226410659172E-06  0.00000000000000000E+00  0.00000000000000000E+00  0.00000000000000000E+00
  878.000000  2.66716498071156877E+02  2.66352084369144734E+02  2.52223716383947694E-01  1.12180130344569862E-01  7.71826132976709260E-06  2.13702232600958664E-06  0.00000000000000000E+00  0.00000000000000000E+00  0.00000000000000000E+00
  880.000000  2.63833175146752012E+02  2.63476061124154683E+02  2.47169664890897894E-01  1.09934786706146412E-01  7.49588634947968833E-06  2.07511391325159357E-06  0.00000000000000000E+00  0.00000000000000000E+00  0.00000000000000000E+00
  882.000000  2.60990236302239452E+02  2.60640255544504782E+02  2.42230866498871655E-01  1.07740595594793875E-01  7.28048317769913196E-06  2.01515782827429056E-06  0.00000000000000000E+00  0.00000000000000000E+00  0.00000000000000000E+00
  884.000000  2.58186978996677794E+02  2.57843969355509500E+02  2.37404365862988354E-01  1.05596246402630087E-01  7.07181529985800913E-06  1.95708742535290811E-06  0.00000000000000000E+00  0.00000000000000000E+00  0.00000000000000000E+00
  886.000000  2.55422715411091076E+02  2.55086518882645208E+02  2.32687292028299825E-01  1.03500465924234855E-01  6.86965484196787791E-06  1.90083850963297238E-06  0.00000000000000000E+00  0.00000000000000000E+00  0.00000000000000000E+00
  888.000000  2.52696772085617425E+02  2.52367234692540904E+02  2.28076855767810727E-01  1.01452017177235357E-01  6.67378223208292398E-06  1.84634924043718029E-06  0.00000000000000000E+00  0.00000000000000000E+00  0.00000000000000000E+00
  890.000000  2.50008489567054625E+02  2.49685461244232300E+02  2.23570347012672005E-01  9.94496982637360222E-02  6.48398587593394593E-06  1.79356003865067902E-06  0.00000000000000000E+00  0.00000000000000000E+00  0.00000000000000000E+00
  892.000000  2.47357222066270253E+02  2.47040556550153013E+02  2.19165132370928134E-01  9.74923412709738924E-02  6.30006184610646942E-06  1.74241349800003990E-06  0.00000000000000000E+00  0.00000000000000000E+00  0.00000000000000000E+00
  894.000000  2.44742337125364003E+02  2.44431891846754638E+02  2.14858652731669764E-01  9.55788112098068521E-02  6.12181358415742671E-06  1.69285430005293019E-06  0.00000000000000000E+00  0.00000000000000000E+00  0.00000000000000000E+00
  896.000000  2.42163215294141196E+02  2.41858851274319647E+02  2.10648420951242393E-01  9.37080049895622075E-02  5.94905161509820147E-06  1.64482913277139197E-06  0.00000000000000000E+00  0.00000000000000000E+00  0.00000000000000000E+00
  898.000000  2.39619249815648374E+02  2.39320831565722045E+02  2.06532019618527990E-01  9.18788504279052509E-02  5.78159327369696190E-06  1.59828661246068994E-06  0.00000000000000000E+00  0.00000000000000000E+00  0.00000000000000000E+00
  900.000000  2.37109846320462310E+02  2.36817241743831914E+02  2.02507098896312493E-01  9.00903052944192206E-02  5.61926244207846707E-06  1.55317720896291417E-06  0.00000000000000000E+00  0.00000000000000000E+00  0.00000000000000000E+00
