# Wavelength || Total || n=1 | n=2 | ...
  300.000000  2.40883354576626016E+03  2.26702671378508967E+03  1.54074658984563939E+01  1.25404767870009536E+02  7.70252188190118425E-01  2.23075961263670880E-01  1.20363633188957150E-03  6.61140322697800531E-05  3.12887045091511341E-07
  302.000000  2.53020592166824417E+03  2.38447834558700288E+03  1.61575752096436602E+01  1.28556522509600541E+02  7.89211874678817704E-01  2.23000759499181328E-01  1.20098154418867378E-03  6.44423036480228133E-05  3.03971279657095784E-07
  304.000000  2.65611339019876777E+03  2.50636929334123488E+03  1.69590444445398632E+01  1.31751384033594633E+02  8.09466877190186618E-01  2.22938560749870368E-01  1.19980851346567050E-03  6.28372098309426145E-05  2.95735419731991029E-07
  306.000000  2.78676607805465983E+03  2.63289588115954984E+03  1.78180062922021101E+01  1.34996829218554268E+02  8.31194988384365008E-01  2.22904545753009498E-01  1.20026152071299398E-03  6.13005221523795743E-05  2.88173388916279559E-07
  308.000000  2.92238945218255640E+03  2.76426823406731364E+03  1.87414792900972706E+01  1.38300965808135516E+02  8.54596394616812693E-01  2.22914008828061311E-01  1.20249845502981849E-03  5.98338291543113262E-05  2.81281298436920385E-07
  310.000000  3.06322552360637656E+03  2.90071123340086433E+03  1.97375294066065017E+01  1.41672614842462622E+02  8.79898023247638661E-01  2.22982524939107751E-01  1.20669458291476194E-03  5.84386154734436728E-05  2.75058064483908435E-07
  312.000000  3.20953419205926411E+03  3.04246555923256619E+03  2.08154673004232045E+01  1.45121410105548222E+02  9.07358845953094795E-01  2.23126141920193088E-01  1.21304700493944043E-03  5.71163419600095710E-05  2.69506082373089596E-07
  314.000000  3.36159475485642906E+03  3.18978883005252146E+03  2.19860905307286778E+01  1.48657918363370442E+02  9.37276392247062495E-01  2.23361604396203228E-01  1.22178000341381350E-03  5.58685294605545154E-05  2.64631989831383984E-07
  316.000000  3.51970760894357409E+03  3.34295685151719908E+03  2.32619828000059634E+01  1.52293785092485621E+02  9.69994806983029423E-01  2.23706618055588946E-01  1.23315154817571211E-03  5.46968493223066635E-05  2.60447559616906132E-07
  318.000000  3.68419618219687754E+03  3.50226498796962869E+03  2.46578860948690775E+01  1.56041911751060582E+02  1.00591489398619371E+00  2.24180165822776084E-01  1.24746131498768421E-03  5.36032245787018824E-05  2.56970773064630257E-07
  320.000000  3.85540913941720692E+03  3.66802967270708041E+03  2.61911667350611346E+01  1.59916672441495052E+02  1.04550673721700815E+00  2.24802891487015655E-01  1.26506069255400062E-03  5.25899470901897351E-05  2.54227142501186883E-07
  322.000000  4.03372292081687510E+03  3.84059007563756268E+03  2.78824034043268902E+01  1.63934180226680638E+02  1.08932569880745533E+00  2.25597572002359581E-01  1.28636542537811796E-03  5.16598178544703466E-05  2.52251374106690053E-07
  324.000000  4.21954468719748456E+03  4.02030994999113227E+03  2.97561350349404456E+01  1.68112616637722539E+02  1.13803288668300961E+00  2.26589707812022256E-01  1.31187178419211038E-03  5.08163206062099316E-05  2.51089497300078503E-07
  326.000000  4.41331576783412493E+03  4.20757968289547262E+03  3.18418201580452696E+01  1.72472642411910158E+02  1.19242160404901631E+00  2.27808272493013053E-01  1.34217751011607542E-03  5.00638432512030747E-05  2.50801637743986947E-07
  328.000000  4.61551573603842553E+03  4.40281857719091840E+03  3.41750788266998100E+01  1.77037913769141170E+02  1.25345190201110412E+00  2.29286680920115143E-01  1.37800930087027739E-03  4.94079685405522063E-05  2.51465687707710837E-07
  330.000000  4.82666727527077728E+03  4.60647739195728263E+03  3.67993162237222862E+01  1.81835737403806519E+02  1.32229625493274705E+00  2.31064062593830583E-01  1.42025939035700746E-03  4.88558662298842959E-05  2.53182244693077333E-07
  332.000000  5.04734204619405318E+03  4.81904116205922128E+03  3.97678678366447400E+01  1.86897910149574926E+02  1.40040072698161455E+00  2.33186969824378060E-01  1.47003496964006686E-03  4.84168364209626681E-05  0.00000000000000000E+00
  334.000000  5.27816782118212723E+03  5.04103229016526257E+03  4.31468662864037071E+01  1.92261808118340639E+02  1.48956806351580640E+00  2.35711719459548857E-01  1.52872606341806442E-03  4.81030823731372860E-05  0.00000000000000000E+00
  336.000000  5.51983718975571173E+03  5.27301382477397146E+03  4.70191201500606937E+01  1.97971818749209604E+02  1.59207237188687456E+00  2.38707679299988179E-01  1.59810044363093004E-03  4.79308385202477201E-05  0.00000000000000000E+00
  338.000000  5.77311810712461556E+03  5.51559260937735780E+03  5.14894325278821157E+01  2.04081254630398661E+02  1.71082023369346703E+00  2.42261994274633491E-01  1.68043895198729349E-03  4.79220584536723220E-05  0.00000000000000000E+00
  340.000000  6.03886617415135333E+03  5.76942131489551412E+03  5.66919991978481264E+01  2.10654965064249069E+02  1.84958161566225954E+00  2.46486538775825187E-01  1.77873230640191414E-03  4.81069971539439662E-05  0.00000000000000000E+00
  342.000000  6.31803691070729474E+03  6.03519624543519967E+03  6.28008546705083859E+01  2.17773008376556930E+02  2.01332844492434138E+00  2.51528279942352662E-01  1.89697194031344181E-03  4.85282225146185000E-05  0.00000000000000000E+00
  344.000000  6.61169002383413135E+03  6.31364069101921996E+03  7.00448246984212233E+01  2.25536089360416582E+02  2.20874449832673303E+00  2.57584433444205396E-01  2.04057742807061326E-03  4.92468730113315226E-05  0.00000000000000000E+00
  346.000000  6.92095742889294070E+03  6.60544165514925135E+03  7.87291058387251610E+01  2.34074458954068774E+02  2.44502018726317649E+00  2.64921453834853937E-01  2.21695710490918104E-03  5.03526920888318295E-05  0.00000000000000000E+00
  348.000000  7.24691146427185595E+03  6.91106815336165255E+03  8.92667752413683644E+01  2.43565016514763727E+02  2.73515893588150272E+00  2.73872409106459325E-01  2.43582942093425190E-03  5.19796617542093303E-05  0.00000000000000000E+00
  350.000000  7.59029617178480657E+03  7.23041252686231928E+03  1.02228032690421955E+02  2.54270019580825391E+02  3.09823880345085456E+00  2.84588791340594005E-01  2.71098130167775992E-03  5.40751460417421826E-05  0.00000000000000000E+00
  352.000000  7.95114924653222624E+03  7.56222928022082760E+03  1.18427623407721200E+02  2.66630052679116034E+02  3.56310108364012867E+00  2.96054003105352681E-01  3.08009637948625974E-03  5.50414354573855742E-05  0.00000000000000000E+00
  354.000000  8.33090227360632889E+03  7.90597089604609664E+03  1.39065897625142100E+02  2.81383097412135328E+02  4.16957001947051165E+00  3.09159887150586565E-01  3.59811389733946446E-03  5.45024351157406123E-05  0.00000000000000000E+00
  356.000000  8.73634305323453736E+03  8.26542595372149481E+03  1.66049178058607509E+02  2.99583199698119529E+02  4.94435789447324225E+00  3.36058135902842225E-01  4.24565173987206598E-03  6.00741986738353393E-05  0.00000000000000000E+00
  358.000000  9.16811164719828957E+03  8.63598980483269224E+03  2.02668824627396305E+02  3.23256308610776671E+02  5.80516306557388351E+00  3.86637642340752596E-01  4.83315374037392685E-03  7.52657697374400794E-05  0.00000000000000000E+00
  360.000000  9.64758198485037792E+03  9.03398903595514639E+03  2.54184922732140990E+02  3.52434266629914077E+02  6.52222721046531717E+00  4.46489766651238795E-01  4.95121280102049123E-03  9.13432575369664529E-05  0.00000000000000000E+00
  362.000000  1.02109719056049835E+04  9.49282720273995255E+03  3.26834145954258076E+02  3.83245124630719886E+02  7.57730984373955518E+00  4.82839978210197196E-01  5.18693010288450145E-03  9.55279996491513071E-05  0.00000000000000000E+00
  364.000000  1.08527204186314302E+04  9.98964037526068023E+03  4.32591249989112612E+02  4.20300319797801762E+02  9.66333226797889822E+00  5.18722410660893751E-01  6.32124665313960835E-03  9.76585412625705768E-05  0.00000000000000000E+00
  366.000000  1.15891183419395311E+04  1.05094175886701323E+04  5.95030200452527879E+02  4.70956005751292423E+02  1.31261347038880611E+01  5.79867952001438147E-01  8.43846224510251888E-03  1.05947442835559557E-04  0.00000000000000000E+00
  368.000000  1.24680585523887657E+04  1.10511570626896537E+04  8.55118808110424425E+02  5.42395494329743428E+02  1.86955830160028995E+01  6.79608870437492740E-01  1.18725094553767032E-02  1.22863048043989217E-04  0.00000000000000000E+00
  370.000000  1.35457101943285470E+04  1.16004990516199050E+04  1.27413150781915124E+03  6.42652323974900128E+02  2.75761924676192116E+01  8.33677666460022726E-01  1.72876877847912558E-02  1.51295066377271620E-04  1.79766145014864844E-06
  372.000000  1.47718494293088279E+04  1.20914949186611229E+04  1.87223966291334568E+03  7.67000487412602865E+02  4.00441620797670694E+01  1.04525776151873351E+00  2.47453816248459288E-02  1.92563179885401340E-04  2.53566777460931899E-06
  374.000000  1.55980296675380268E+04  1.23582098563381915E+04  2.35453544676432875E+03  8.34355186831051128E+02  4.96947220468681863E+01  1.20399470263781372E+00  3.02306423178959546E-02  2.27163883486903922E-04  3.04874789208581355E-06
  376.000000  1.52670677620780079E+04  1.23965772488930161E+04  2.15361973964141589E+03  6.71027394819168876E+02  4.48049671408276566E+01  1.01140789498120598E+00  2.68046848125363772E-02  1.96345921187002036E-04  2.65786280655265974E-06
  378.000000  1.46392516898779832E+04  1.27025892715725804E+04  1.51283061749910644E+03  3.92236758581221522E+02  3.09994209813278090E+01  5.77281541497102535E-01  1.82249971826877362E-02  1.14705068737451542E-04  0.00000000000000000E+00
  380.000000  1.45881570599412771E+04  1.33607498787927489E+04  9.77363239371252121E+02  2.30031755855011454E+02  1.97141553870083399E+01  2.86589742351624044E-01  1.13839302663995331E-02  5.68626382433761376E-05  0.00000000000000000E+00
  382.000000  1.49717644790602662E+04  1.41486482098274173E+04  6.41169041784991578E+02  1.69060991160441972E+02  1.27256799842209247E+01  1.53312643542126259E-01  7.21492803598616523E-03  2.87316148290618552E-05  0.00000000000000000E+00
  384.000000  1.55745570888969469E+04  1.49741809203919183E+04  4.38619188956251776E+02  1.53090967181873737E+02  8.56381129302489974E+00  9.74193498208232866E-02  4.76585653109783125E-03  1.58675267622299750E-05  0.00000000000000000E+00
  386.000000  1.62957184572369588E+04  1.58216197456823138E+04  3.13100147384550439E+02  1.54907536297483631E+02  6.01262299892124297E+00  7.51111349282873320E-02  3.28385367014754964E-03  9.88509036271334235E-06  0.00000000000000000E+00
  388.000000  1.70939257185771348E+04  1.66938452763718306E+04  2.31892924779285181E+02  1.63737942356472701E+02  4.37962903369095269E+00  6.75917464092710141E-02  2.34722615046933534E-03  7.06329754735772180E-06  0.00000000000000000E+00
  390.000000  1.79522734866570609E+04  1.75965003835441348E+04  1.77089116016469376E+02  1.75326078307595225E+02  3.28936056223318030E+00  6.68126433644031514E-02  1.72982277679709670E-03  5.76049019609146575E-06  0.00000000000000000E+00
  392.000000  1.88639594045813938E+04  1.85347207414069344E+04  1.38694273409461829E+02  1.87940071158460029E+02  2.53383745735352850E+00  6.91684517852008962E-02  1.30747980962273545E-03  5.21758762074804467E-06  0.00000000000000000E+00
  394.000000  1.98265368226890969E+04  1.95126902635897131E+04  1.10915045918134069E+02  2.00864238557290918E+02  1.99329498036867880E+00  7.29653175560333739E-02  1.00926139004939536E-03  5.06464832838765283E-06  0.00000000000000000E+00
  396.000000  2.08394644016168168E+04  2.05337264786384694E+04  9.02545863496146978E+01  2.13809275944187448E+02  1.59588634784830496E+00  7.73762952031934181E-02  7.92928645085418170E-04  5.11284666715242398E-06  0.00000000000000000E+00
  398.000000  2.19029685004938656E+04  2.16003997250515167E+04  7.45202180380313735E+01  2.26669105697415176E+02  1.29682706168769002E+00  8.19870409190644467E-02  6.32342141612032252E-04  5.26215305047416135E-06  0.00000000000000000E+00
  400.000000  2.30174537974273699E+04  2.27145951669423666E+04  6.22888669935339010E+01  2.39415438041869692E+02  1.06722195785384089E+00  8.65872769265461500E-02  5.10756737246271749E-04  5.45807790715218461E-06  0.00000000000000000E+00
  402.000000  2.41831507420895286E+04  2.38775132514303332E+04  5.26081605668292838E+01  2.52049988712809579E+02  8.87848312349738045E-01  9.10702846372337671E-02  4.17112200453941180E-04  5.67036669183818012E-06  0.00000000000000000E+00
  404.000000  2.53998653131491701E+04  2.50896189377111186E+04  4.48231077497309371E+01  2.64581968395909314E+02  7.45567128608562668E-01  9.53823783483053883E-02  3.43903417579051907E-04  5.88203672415106450E-06  0.00000000000000000E+00
  406.000000  2.66667699486895908E+04  2.63505497820868695E+04  3.84721372493431417E+01  2.77017061033411437E+02  6.31179737914276395E-01  9.94965837065087538E-02  2.85914828233836509E-04  6.08351988442043665E-06  0.00000000000000000E+00
  408.000000  2.79822071642692936E+04  2.76589908716727259E+04  3.32227794960970826E+01  2.89351767857125367E+02  5.38107282485952632E-01  1.03398516279106234E-01  2.39444580433562576E-04  0.00000000000000000E+00  0.00000000000000000E+00
  410.000000  2.93434933196942839E+04  2.90125234299848380E+04  2.88307449396474986E+01  3.01570310298869856E+02  4.61554024737116375E-01  1.07078630857918217E-01  2.01815330402037996E-04  0.00000000000000000E+00  0.00000000000000000E+00
  412.000000  3.07467187239638188E+04  3.04074540477251649E+04  2.51132239070762040E+01  3.13642789713108527E+02  3.97963650724029339E-01  1.10527909876483532E-01  1.71057867447446595E-04  0.00000000000000000E+00  0.00000000000000000E+00
  414.000000  3.21865464349892063E+04  3.18386328058674044E+04  2.19310729042602688E+01  3.25524017170357240E+02  3.44657869249273829E-01  1.13735476143734207E-01  1.45701791139459506E-04  0.00000000000000000E+00  0.00000000000000000E+00
  416.000000  3.36560167511039253E+04  3.32992708588536698E+04  1.91767047743708687E+01  3.37152784200373048E+02  2.99591307352212566E-01  1.16687334005581511E-01  1.24634156591818925E-04  0.00000000000000000E+00  0.00000000000000000E+00
  418.000000  3.51463690342115151E+04  3.47807710978620235E+04  1.67657466296629920E+01  3.48451534512813907E+02  2.61182384796177669E-01  1.19365819937925749E-01  1.07002268184425652E-04  0.00000000000000000E+00  0.00000000000000000E+00
  420.000000  3.66468968146100306E+04  3.62725889986244365E+04  1.46312772254570049E+01  3.59326502039615207E+02  2.28195028527152483E-01  1.21749546218707580E-01  9.21457733964612866E-05  0.00000000000000000E+00  0.00000000000000000E+00
  422.000000  3.81448561260687638E+04  3.77621442153472963E+04  1.27199227678141238E+01  3.69668439367464543E+02  1.99655306406742949E-01  1.23813731162090185E-01  7.95486158342825539E-05  0.00000000000000000E+00  0.00000000000000000E+00
  424.000000  3.96254501443015397E+04  3.92348062701112503E+04  1.09893943088804260E+01  3.79354087417194080E+02  1.74792792702361172E-01  1.25530866774469535E-01  6.88047389730930858E-05  0.00000000000000000E+00  0.00000000000000000E+00
  426.000000  4.10719146886615999E+04  4.06739789755049787E+04  9.40724618674507340E+00  3.88248535614114246E+02  1.53000062393423925E-01  1.26871699849675196E-01  5.95935135825350715E-05  0.00000000000000000E+00  0.00000000000000000E+00
  428.000000  4.24657280311090144E+04  4.20613070487985315E+04  7.95072817957165601E+00  3.96208590171976937E+02  1.33805790974123456E-01  1.27806505816365962E-01  5.16621410939214188E-05  0.00000000000000000E+00  0.00000000000000000E+00
  430.000000  4.37869636985301258E+04  4.33770237399183243E+04  6.60754592571361687E+00  4.03087203573978400E+02  1.16857677252081002E-01  1.28306621870533988E-01  4.48129875781774566E-05  0.00000000000000000E+00  0.00000000000000000E+00
  432.000000  4.50147956516602644E+04  4.46004493927066360E+04  5.37704324497878172E+00  4.08738919930834925E+02  1.01910702460172337E-01  1.28346181311260576E-01  3.88940349970184031E-05  0.00000000000000000E+00  0.00000000000000000E+00
  434.000000  4.61281509891550522E+04  4.57106373496487431E+04  4.27072448114007930E+00  4.13026163060690408E+02  8.88142147994403913E-02  1.27903959162853742E-01  3.37905248288933980E-05  0.00000000000000000E+00  0.00000000000000000E+00
  436.000000  4.71064869537029444E+04  4.66871460557253595E+04  3.31036348174276274E+00  4.15826050473697251E+02  7.74893999711962905E-02  1.26965206391180335E-01  2.94157818192483779E-05  0.00000000000000000E+00  0.00000000000000000E+00
  438.000000  4.79306493467130203E+04  4.75108966549188699E+04  2.52196983175687350E+00  4.17037282407246551E+02  6.78905305433507439E-02  1.25523324697357774E-01  2.56998978180243485E-05  0.00000000000000000E+00  0.00000000000000000E+00
  440.000000  4.85837534401994199E+04  4.81650576439457654E+04  1.92567528870451876E+00  4.16586564106603475E+02  5.99530562817630411E-02  1.23581224953195082E-01  2.25771164019814383E-05  0.00000000000000000E+00  0.00000000000000000E+00
  442.000000  4.90520206622833575E+04  4.86358868901258757E+04  1.52505615969554054E+00  4.14433997069378847E+02  5.35467277273763212E-02  1.21152225018884702E-01  1.99756607388584744E-05  0.00000000000000000E+00  0.00000000000000000E+00
  444.000000  4.93255045734791856E+04  4.89134591834652892E+04  1.30173284790687394E+00  4.10576920112016296E+02  4.84588647788862584E-02  1.18260374604646598E-01  1.78145923335286677E-05  0.00000000000000000E+00  0.00000000000000000E+00
  446.000000  4.93986434362124201E+04  4.89922134243888358E+04  1.21886105878942264E+00  4.05051776010957383E+02  4.44186052374563392E-02  1.14940139662118870E-01  1.60089310258836599E-05  0.00000000000000000E+00  0.00000000000000000E+00
  448.000000  4.92705831193820486E+04  4.88712656566714140E+04  1.23134243541424082E+00  3.97933723897778691E+02  4.11464639178324917E-02  1.11235434420684884E-01  1.44791004746851665E-05  0.00000000000000000E+00  0.00000000000000000E+00
  450.000000  4.89452295375171016E+04  4.85544532678953765E+04  1.29672948487594009E+00  3.89333928630143703E+02  3.84002918017168834E-02  1.07198056084489998E-01  1.31588211303042139E-05  0.00000000000000000E+00  0.00000000000000000E+00
  452.000000  4.84310183783401444E+04  4.80501027181283353E+04  1.38204250766534398E+00  3.79394721316228697E+02  3.59987426476915118E-02  1.02885647104428476E-01  1.19981632936865891E-05  0.00000000000000000E+00  0.00000000000000000E+00
  454.000000  4.77404250977790070E+04  4.73705442751509399E+04  1.46555379386846241E+00  3.68283076712095237E+02  3.38217948405380164E-02  9.83593650537935432E-02  1.09622090552139624E-05  0.00000000000000000E+00  0.00000000000000000E+00
  456.000000  4.68892687164086528E+04  4.65314249617033129E+04  1.53523834019283845E+00  3.56183026621907800E+02  3.17982498153150661E-02  9.36814658619693347E-02  1.00275546316019937E-05  0.00000000000000000E+00  0.00000000000000000E+00
  458.000000  4.58958816758611065E+04  4.55508891655403131E+04  1.58600397818173455E+00  3.43287694058360842E+02  2.98901062088518105E-02  8.89129994351856301E-02  9.17860769427676362E-06  0.00000000000000000E+00  0.00000000000000000E+00
  460.000000  4.47802237362465239E+04  4.44487028851586510E+04  1.61705457156916088E+00  3.29791597024993166E+02  2.80793030286953862E-02  8.41117836372417688E-02  8.40464185577070158E-06  0.00000000000000000E+00  0.00000000000000000E+00
  462.000000  4.35630126710800469E+04  4.32453933062406286E+04  1.62991003567675397E+00  3.15883757903831679E+02  2.63584289818651826E-02  7.93307731364359670E-02  7.69779717110453257E-06  0.00000000000000000E+00  0.00000000000000000E+00
  464.000000  4.22649314705867364E+04  4.19614630102748924E+04  1.62711584240411056E+00  3.01741995548208422E+02  2.47249852441549615E-02  7.46168841187265369E-02  7.05185870687897806E-06  0.00000000000000000E+00  0.00000000000000000E+00
  466.000000  4.09059543065134421E+04  4.06167210199865658E+04  1.61148800358892719E+00  2.87528603586586826E+02  2.31781917379846221E-02  7.00102833963373861E-02  6.46156689388135490E-06  0.00000000000000000E+00  0.00000000000000000E+00
  468.000000  3.95048149157442749E+04  3.92297544748849468E+04  1.58571641181807488E+00  2.73387457022427270E+02  2.17173952115082246E-02  6.55441076183206073E-02  5.92225280252835853E-06  0.00000000000000000E+00  0.00000000000000000E+00
  470.000000  3.80786240261641287E+04  3.78175477901621489E+04  1.55218585178635693E+00  2.59442458774633565E+02  2.03413972488983644E-02  6.12445486548316431E-02  5.42965646001545063E-06  0.00000000000000000E+00  0.00000000000000000E+00
  472.000000  3.66426287749150142E+04  3.63952425236475392E+04  1.51291918656695135E+00  2.45797147607631302E+02  1.90482680799595669E-02  5.71312253602491854E-02  4.97984125251031987E-06  0.00000000000000000E+00  0.00000000000000000E+00
  474.000000  3.52100975673800858E+04  3.49760216865033071E+04  1.46958359341358813E+00  2.32535239564019406E+02  1.78353920451464858E-02  5.32177581454688423E-02  4.56915506474782915E-06  0.00000000000000000E+00  0.00000000000000000E+00
  476.000000  3.37923084624490730E+04  3.35710968596392922E+04  1.42352557849895622E+00  2.19721860963237162E+02  1.66996056820704099E-02  4.95124681442427952E-02  4.19421188546920906E-06  0.00000000000000000E+00  0.00000000000000000E+00
  478.000000  3.23986173404674591E+04  3.21897746206552110E+04  1.37581604011580994E+00  2.07405243428823042E+02  1.56373575176200277E-02  4.60191339085921497E-02  3.85188079389755806E-06  0.00000000000000000E+00  0.00000000000000000E+00
  480.000000  3.10365829266890905E+04  3.08395795640315846E+04  1.32729581304288513E+00  1.95618680695991372E+02  1.46448567135963100E-02  4.27377524781409612E-02  3.53927636995122465E-06  0.00000000000000000E+00  0.00000000000000000E+00
  482.000000  2.97121282727742109E+04  2.95264136841671316E+04  1.27861728516718931E+00  1.84382584604295943E+02  1.37181978962403178E-02  3.96652659697362894E-02  3.25374822054465307E-06  0.00000000000000000E+00  0.00000000000000000E+00
  484.000000  2.84297217205443085E+04  2.82547352703126562E+04  1.23028045229685046E+00  1.73706517098986893E+02  1.28534595629482516E-02  3.67962279359331512E-02  2.99286906209086289E-06  0.00000000000000000E+00  0.00000000000000000E+00
  486.000000  2.71925640519438821E+04  2.70277441040260055E+04  1.18266318772189161E+00  1.63591111802937831E+02  1.20467780299038426E-02  3.41233947659893774E-02  2.75442155166632416E-06  0.00000000000000000E+00  0.00000000000000000E+00
  488.000000  2.60027720345472153E+04  2.58475632229553739E+04  1.13604615904531481E+00  1.54029830259784859E+02  1.12944006001087834E-02  3.16382360305717605E-02  2.53638431586723716E-06  0.00000000000000000E+00  0.00000000000000000E+00
  490.000000  2.48615516503153594E+04  2.47154105675398532E+04  1.09063307840560042E+00  1.45010523274276750E+02  1.05927219452660575E-02  2.93313639624943577E-02  2.33691765290164635E-06  0.00000000000000000E+00  0.00000000000000000E+00
  492.000000  2.37693568333172370E+04  2.36317563460444617E+04  1.04656702148008218E+00  1.36516786903057920E+02  9.93830738133580013E-03  2.71928865026118370E-02  2.15434931594639978E-06  0.00000000000000000E+00  0.00000000000000000E+00
  494.000000  2.27260315235730268E+04  2.25964639212763759E+04  1.00394350408198885E+00  1.28529116208330095E+02  9.32790617367370775E-03  2.52126909031612882E-02  1.98716069061120767E-06  0.00000000000000000E+00  0.00000000000000000E+00
  496.000000  2.17309343122161627E+04  2.16089134815386860E+04  9.62820920311434736E-01  1.21025868799599195E+02  8.75845742645398398E-03  2.33806661656362075E-02  1.83397358644149394E-06  0.00000000000000000E+00  0.00000000000000000E+00
  498.000000  2.07830459813786183E+04  2.06681087814210732E+04  9.23228852367359187E-01  1.13984055448104129E+02  8.22709057800636266E-03  2.16868729572094292E-02  1.69353778337456571E-06  0.00000000000000000E+00  0.00000000000000000E+00
  500.000000  1.98810609143433285E+04  1.97727679077186876E+04  8.85174673130056044E-01  1.07379977595319019E+02  7.73112206947330037E-03  2.01216694009640935E-02  1.56471941176929992E-06  0.00000000000000000E+00  0.00000000000000000E+00
  502.000000  1.90234637489256638E+04  1.89213994226536342E+04  8.48648784150648372E-01  1.01189732191497555E+02  7.26804938309581761E-03  1.86758005080738324E-02  1.44649019801253276E-06  0.00000000000000000E+00  0.00000000000000000E+00
  504.000000  1.82085928418362237E+04  1.81123654320922033E+04  8.13628765251254382E-01  9.53896036393092288E+01  6.83554335123708837E-03  1.73404581909977519E-02  1.33791757431350928E-06  0.00000000000000000E+00  0.00000000000000000E+00
  506.000000  1.74346921638645617E+04  1.73439331800349282E+04  7.80082657065158891E-01  8.99563611771171310E+01  6.43143940659792347E-03  1.61073178897734211E-02  1.23815562840876395E-06  0.00000000000000000E+00  0.00000000000000000E+00
  508.000000  1.66999532026765082E+04  1.66143167295113308E+04  7.47971553224189623E-01  8.48674781803099165E+01  6.05372826619783068E-03  1.49685569409965420E-02  1.14643685403826494E-06  0.00000000000000000E+00  0.00000000000000000E+00
  510.000000  1.60025483479031391E+04  1.59217101899514219E+04  7.17251642974552239E-01  8.01012878413008451E+01  5.70054640584611964E-03  1.39168589716100362E-02  1.06206465413857868E-06  0.00000000000000000E+00  0.00000000000000000E+00
  512.000000  1.53406570984295686E+04  1.52643138183763731E+04  6.87875816263997186E-01  7.56370876781123798E+01  5.37016657892688039E-03  1.29454078348693914E-02  9.84406544081393376E-07  0.00000000000000000E+00  0.00000000000000000E+00
  514.000000  1.47124862829919111E+04  1.46403541748733587E+04  6.59794920449001787E-01  7.14552034227231729E+01  5.06098855595517490E-03  1.20478739356900365E-02  9.12888000696366500E-07  0.00000000000000000E+00  0.00000000000000000E+00
  516.000000  1.41162853347742566E+04  1.40480993641506975E+04  6.32958739570304685E-01  6.75370211115783121E+01  4.77153020359078351E-03  1.12183952184478197E-02  8.46986903295121768E-07  0.00000000000000000E+00  0.00000000000000000E+00
  518.000000  1.35503575166396749E+04  1.34858702524586297E+04  6.07316752693689232E-01  6.38649946685342869E+01  4.50041897898876067E-03  1.04515546074073779E-02  7.86228514754782565E-07  0.00000000000000000E+00  0.00000000000000000E+00
  520.000000  1.30130678605960711E+04  1.29520484174699159E+04  5.82818716345490873E-01  6.04226349404540883E+01  4.24638388394104130E-03  9.74235529000232192E-03  7.30180953414054329E-07  0.00000000000000000E+00  0.00000000000000000E+00
  522.000000  1.25028484653322867E+04  1.24450814700946066E+04  5.59415106960774677E-01  5.71944850094625252E+01  4.00824790040382392E-03  9.08619490624932614E-03  6.78451109709856640E-07  0.00000000000000000E+00  0.00000000000000000E+00
  524.000000  1.20182016900475210E+04  1.19634862825557648E+04  5.37057452027823401E-01  5.41660856486906326E+01  3.78492091264500665E-03  8.47883944354926346E-03  6.30680964889432065E-07  0.00000000000000000E+00  0.00000000000000000E+00
  526.000000  1.15577016910112616E+04  1.15058505660706196E+04  5.15698572853762749E-01  5.13239339907092429E+01  3.57539310971723015E-03  7.91639742518201496E-03  5.86544272587701735E-07  0.00000000000000000E+00  0.00000000000000000E+00
  528.000000  1.11199946685437717E+04  1.10708331633972302E+04  4.95292757290808905E-01  4.86554378198393138E+01  3.37872885406044878E-03  7.39529481406866942E-03  5.45743567448689748E-07  0.00000000000000000E+00  0.00000000000000000E+00
  530.000000  1.07037981252382651E+04  1.06571633551797913E+04  4.75795877106109655E-01  4.61488673614409706E+01  3.19406099682630323E-03  6.91225092298243093E-03  5.08007468216704308E-07  0.00000000000000000E+00  0.00000000000000000E+00
  532.000000  1.03078993799261207E+04  1.02636394231454778E+04  4.57165461756330049E-01  4.37933060046616376E+01  3.02058561727965328E-03  6.46425552152775709E-03  4.73088245781039018E-07  0.00000000000000000E+00  0.00000000000000000E+00
  534.000000  9.93115353482565115E+03  9.88912666649886523E+03  4.39360737992364025E-01  4.15786010436207576E+01  2.85755716184914795E-03  6.04854725314454139E-03  4.40759629504498767E-07  0.00000000000000000E+00  0.00000000000000000E+00
  536.000000  9.57248105422269509E+03  9.53255502905065259E+03  4.22342642847872818E-01  3.94953152410056205E+01  2.70428395765714936E-03  5.66259341731008628E-03  4.10814827789917460E-07  0.00000000000000000E+00  0.00000000000000000E+00
  538.000000  9.23086508076298014E+03  9.19291646257349385E+03  4.06073816064150495E-01  3.75346797951524493E+01  2.56012407536502758E-03  5.30407112906326143E-03  3.83064741241313529E-07  0.00000000000000000E+00  0.00000000000000000E+00
  540.000000  8.90534858893055207E+03  8.86926212554885933E+03  3.90518576798685013E-01  3.56885491162053157E+01  2.42448151669448931E-03  4.97084983672133746E-03  3.57336348963553429E-07  0.00000000000000000E+00  0.00000000000000000E+00
  542.000000  8.59503145362505165E+03  8.56069949494526554E+03  3.75642888495440030E-01  3.39493576799601797E+01  2.29680270286065046E-03  4.66097515658711430E-03  3.33471250527099513E-07  0.00000000000000000E+00  0.00000000000000000E+00
  544.000000  8.29906749413843136E+03  8.26638945116277500E+03  3.61414315014601584E-01  3.23100791221075454E+01  2.17657324125534318E-03  4.37265396845976963E-03  3.11324347915984874E-07  0.00000000000000000E+00  0.00000000000000000E+00
  546.000000  8.01666153957090319E+03  7.98554338209940852E+03  3.47801970491849799E-01  3.07641876545852710E+01  2.06331494895702029E-03  4.10424070618370471E-03  2.90762653391434816E-07  0.00000000000000000E+00  0.00000000000000000E+00
  548.000000  7.74706655024473366E+03  7.71742034087563570E+03  3.34776464889792069E-01  2.93056218246592834E+01  1.95658311294882566E-03  3.85422477198165076E-03  2.71664210655227217E-07  0.00000000000000000E+00  0.00000000000000000E+00
  550.000000  7.48958082047683092E+03  7.46132428260112374E+03  3.22309846797034061E-01  2.79287505920234622E+01  1.85596396825548531E-03  3.62121900087359781E-03  2.53917118000500558E-07  0.00000000000000000E+00  0.00000000000000000E+00
  552.000000  7.24354528073387064E+03  7.21660139826399154E+03  3.10375544699748873E-01  2.66283416662828856E+01  1.76107237652002439E-03  3.40394910126482755E-03  2.37418643306198379E-07  0.00000000000000000E+00  0.00000000000000000E+00
  554.000000  7.00834091139709835E+03  6.98263755804960601E+03  2.98948307685950487E-01  2.53995320240448592E+01  1.67154968882048159E-03  3.20124399917299466E-03  2.22074421778794966E-07  0.00000000000000000E+00  0.00000000000000000E+00
  556.000000  6.78338627580219782E+03  6.75885587185002987E+03  2.88004146328000143E-01  2.42378005092490625E+01  1.58706177775007318E-03  3.01202701605890856E-03  2.07797728282418584E-07  0.00000000000000000E+00  0.00000000000000000E+00
  558.000000  6.56813517666160260E+03  6.54471437117713685E+03  2.77520274316610249E-01  2.31389424106021657E+01  1.50729722494595758E-03  2.83530781345942310E-03  1.94508816937439823E-07  0.00000000000000000E+00  0.00000000000000000E+00
  560.000000  6.36207443723873348E+03  6.33970381395992445E+03  2.67475051280705922E-01  2.20990459047020025E+01  1.43196565134650396E-03  2.67017504131622941E-03  1.82134321418359613E-07  0.00000000000000000E+00  0.00000000000000000E+00
  562.000000  6.16472180655810371E+03  6.14334561162306181E+03  2.57847927116238884E-01  2.11144702515103901E+01  1.36079617848152237E-03  2.51578963083710309E-03  1.70606710053354149E-07  0.00000000000000000E+00  0.00000000000000000E+00
  564.000000  5.97562398636930538E+03  5.95518987627730621E+03  2.48619388057514185E-01  2.01818256293907119E+01  1.29353601005282974E-03  2.37137867675954418E-03  1.59863790428430496E-07  0.00000000000000000E+00  0.00000000000000000E+00
  566.000000  5.79435477643868853E+03  5.77481358470588930E+03  2.39770904653263811E-01  1.92979544993159955E+01  1.22994912394742799E-03  2.23622985790252306E-03  1.49848258736540532E-07  0.00000000000000000E+00  0.00000000000000000E+00
  568.000000  5.62051333393617824E+03  5.60181885502095702E+03  2.31284881753099497E-01  1.84599143915477910E+01  1.16981506564469762E-03  2.10968634881009316E-03  1.40507289592977900E-07  0.00000000000000000E+00  0.00000000000000000E+00
  570.000000  5.45372254212196094E+03  5.43583133129699036E+03  2.23144610564601498E-01  1.76649620126011264E+01  1.11292783473112720E-03  1.99114217904871552E-03  1.31792162468420865E-07  0.00000000000000000E+00  0.00000000000000000E+00
  572.000000  5.29362748320732771E+03  5.27649867115253528E+03  2.15334222806374931E-01  1.69105385754706283E+01  1.05909485693327695E-03  1.88003800029873294E-03  1.23657921276606059E-07  0.00000000000000000E+00  0.00000000000000000E+00
  574.000000  5.13989401006357366E+03  5.12348913104581970E+03  2.07838646954183748E-01  1.61942562614768626E+01  1.00813603471442835E-03  1.77585722473853880E-03  1.16063063998262251E-07  0.00000000000000000E+00  0.00000000000000000E+00
  576.000000  4.99220741139831898E+03  4.97649024398973688E+03  2.00643566556418990E-01  1.55138857276850874E+01  9.59882870067886346E-04  1.67812250136589215E-03  1.08969259532310167E-07  0.00000000000000000E+00  0.00000000000000000E+00
  578.000000  4.85027116504744026E+03  4.83520758441495673E+03  1.93735380578586303E-01  1.48673445794101440E+01  9.14177653675343413E-04  1.58639249982034120E-03  1.02341089242303510E-07  0.00000000000000000E+00  0.00000000000000000E+00
  580.000000  4.71380577412545426E+03  4.69936361499912528E+03  1.87101165724267993E-01  1.42526867327695985E+01  8.70872715089205480E-04  1.50025897396866871E-03  9.61458109144522221E-08  0.00000000000000000E+00  0.00000000000000000E+00
  582.000000  4.58254768093219627E+03  4.56869661042980533E+03  1.80728640671372731E-01  1.36680925975583687E+01  8.29829729048129836E-04  1.41934408000381576E-03  9.03531430665667620E-08  0.00000000000000000E+00  0.00000000000000000E+00
  584.000000  4.45624825369921109E+03  4.44295965324933059E+03  1.74606132156018418E-01  1.31118600157895351E+01  7.90919073445490312E-04  1.34329792609013429E-03  8.49350677472882969E-08  0.00000000000000000E+00  0.00000000000000000E+00
  586.000000  4.33467284146662314E+03  4.32191969713229446E+03  1.68722542832302619E-01  1.25823958960633764E+01  7.54019234845818226E-04  1.27179633267734981E-03  7.98656501445831734E-08  0.00000000000000000E+00  0.00000000000000000E+00
  588.000000  4.21759989261087867E+03  4.20535669317138581E+03  1.63067320833908791E-01  1.20782084884954521E+01  7.19016257788323079E-04  1.20453878451658300E-03  7.51208734840195513E-08  0.00000000000000000E+00  0.00000000000000000E+00
  590.000000  4.10482013277460555E+03  4.09306277497396513E+03  1.57630430962194146E-01  1.15979002492071199E+01  6.85803234429756985E-04  1.14124655715256806E-03  7.06784878424105816E-08  0.00000000000000000E+00  0.00000000000000000E+00
  592.000000  3.99613579818847711E+03  3.98484149860630896E+03  1.52402327425513795E-01  1.11401612473908465E+01  6.54279831366006001E-04  1.08166100225268115E-03  6.65178716330285866E-08  0.00000000000000000E+00  0.00000000000000000E+00
  594.000000  3.89135992060839453E+03  3.88050713365220372E+03  1.47373928055156533E-01  1.07037630716878134E+01  6.24351850733419677E-04  1.02554197757522697E-03  6.26199046360691579E-08  0.00000000000000000E+00  0.00000000000000000E+00
  596.000000  3.79031566032278033E+03  3.77988400188057403E+03  1.42536589924761120E-01  1.02875531960830955E+01  5.95930822930667886E-04  9.72666408690116215E-04  5.89668515539128648E-08  0.00000000000000000E+00  0.00000000000000000E+00
  598.000000  3.69283568390621303E+03  3.68280586023504475E+03  1.37882086301706952E-01  9.89044976872496839E+00  5.68933628519938226E-04  9.22826970753737124E-04  5.55422551660260286E-08  0.00000000000000000E+00  0.00000000000000000E+00
  600.000000  3.59876158361480884E+03  3.58911532507453558E+03  1.33402584861455897E-01  9.51143679005404152E+00  5.43282147067265233E-04  8.75830879720122671E-04  5.23308382444074810E-08  0.00000000000000000E+00  0.00000000000000000E+00
  602.000000  3.50794333552031094E+03  3.49866333479282866E+03  1.29090627097961652E-01  9.14955964935182209E+00  5.18902930863621983E-04  8.31498783347511057E-04  4.93184134679639531E-08  0.00000000000000000E+00  0.00000000000000000E+00
  604.000000  3.42023879367824338E+03  3.41130864814089227E+03  1.24939108866026979E-01  8.80392099134875927E+00  4.95726901636101653E-04  7.89663743246975919E-04  4.64918006442433661E-08  0.00000000000000000E+00  0.00000000000000000E+00
  606.000000  3.33551321780920171E+03  3.32691737575715297E+03  1.20941261994126512E-01  8.47367688684766662E+00  4.73689068511168321E-04  7.50170300022793050E-04  4.38387506101675349E-08  0.00000000000000000E+00  0.00000000000000000E+00
  608.000000  3.25363883214865973E+03  3.24536254258506688E+03  1.17090636908891446E-01  8.15803328345592860E+00  4.52728265631924178E-04  7.12873614282459578E-04  4.13478752405404666E-08  0.00000000000000000E+00  0.00000000000000000E+00
  610.000000  3.17449441328313833E+03  3.16652367901785510E+03  1.13381086215366855E-01  7.85624271447477440E+00  4.32786907959340145E-04  6.77638676953245568E-04  3.90085830447635057E-08  0.00000000000000000E+00  0.00000000000000000E+00
  612.000000  3.09796490494580212E+03  3.09028643876367050E+03  1.09806749179625643E-01  7.56760124579437043E+00  4.13810763904434091E-04  6.44339582939615916E-04  3.68110198789101660E-08  0.00000000000000000E+00  0.00000000000000000E+00
  614.000000  3.02394105788866273E+03  3.01654224156695363E+03  1.06362037063278167E-01  7.29144564229389047E+00  3.95748743546028533E-04  6.12858862696959205E-04  3.47460143426366361E-08  0.00000000000000000E+00  0.00000000000000000E+00
  616.000000  2.95231909308154445E+03  2.94518793905315624E+03  1.03041619261769871E-01  7.02715073675335056E+00  3.78552701286577139E-04  5.83086866786796439E-04  3.28050274686776501E-08  0.00000000000000000E+00  0.00000000000000000E+00
  618.000000  2.88300038661667395E+03  2.87612550209136361E+03  9.98404102011248573E-02  6.77412698567836724E+00  3.62177251889247726E-04  5.54921198923486727E-04  3.09801063474410143E-08  0.00000000000000000E+00  0.00000000000000000E+00
  620.000000  2.81589117481064841E+03  2.80926172818094210E+03  9.67535569500622278E-02  6.53181819769976091E+00  3.46579598921485990E-04  5.28266193424081873E-04  2.92638413606407668E-08  0.00000000000000000E+00  0.00000000000000000E+00
  622.000000  2.75090227810736906E+03  2.74450796747902405E+03  9.37764275068682374E-02  6.29969942138108685E+00  3.31719374706501409E-04  5.03032433338504448E-04  2.76493267264982792E-08  0.00000000000000000E+00  0.00000000000000000E+00
  624.000000  2.68794884248425979E+03  2.68177986618328168E+03  9.09045997226092806E-02  6.07727498032824798E+00  3.17558490953351498E-04  4.79136305867554552E-04  2.61301240849351331E-08  0.00000000000000000E+00  0.00000000000000000E+00
  626.000000  2.62695009715945343E+03  2.62099712607886158E+03  8.81338508244714353E-02  5.86407664447583432E+00  3.04060999300375832E-04  4.56499591976671155E-04  2.47002288747365985E-08  0.00000000000000000E+00  0.00000000000000000E+00
  628.000000  2.56782912748344779E+03  2.56208327914322399E+03  8.54601475050155573E-02  5.65966192731682760E+00  2.91192961065137913E-04  4.35049087385272427E-04  2.33540392760316802E-08  0.00000000000000000E+00  0.00000000000000000E+00
  630.000000  2.51051266197997165E+03  2.50496547618309978E+03  8.28796365451365258E-02  5.46361249966329154E+00  2.78922325548034897E-04  4.14716252358782070E-04  2.20863275108920134E-08  0.00000000000000000E+00  0.00000000000000000E+00
  632.000000  2.45493087257455500E+03  2.44957428855074340E+03  8.03886359403000600E-02  5.27553271127511891E+00  2.67218816286056817E-04  3.95436887954524348E-04  2.08922133125187032E-08  0.00000000000000000E+00  0.00000000000000000E+00
  634.000000  2.40101718712007960E+03  2.39584352205676532E+03  7.79836265014935137E-02  5.09504821238478378E+00  2.56053824698905693E-04  3.77150836576681768E-04  1.97671393895974782E-08  0.00000000000000000E+00  0.00000000000000000E+00
  636.000000  2.34870811339079410E+03  2.34371004225839397E+03  7.56612439038406442E-02  4.92180466777368952E+00  2.45400310611270701E-04  3.59801704880358163E-04  1.87068487270329239E-08  0.00000000000000000E+00  0.00000000000000000E+00
  638.000000  2.29794307377813493E+03  2.29311361036331482E+03  7.34182711575979974E-02  4.75546655663838091E+00  2.35232709173939286E-04  3.43336607233366150E-04  1.77073635776439197E-08  0.00000000000000000E+00  0.00000000000000000E+00
  640.000000  2.24866424997273407E+03  2.24399672903971168E+03  7.12516314774903625E-02  4.59571605200779576E+00  2.25526843741365439E-04  3.27705928096894822E-04  1.67649660115321193E-08  0.00000000000000000E+00  0.00000000000000000E+00
  642.000000  2.20081643697259869E+03  2.19630449747827970E+03  6.91583815279867425E-02  4.44225197396850469E+00  2.16259844296556013E-04  3.12863101826076355E-04  1.58761799009668108E-08  0.00000000000000000E+00  0.00000000000000000E+00
  644.000000  2.15434690580082088E+03  2.14998447509488688E+03  6.71357050232603975E-02  4.29478881139374380E+00  2.07410071043789227E-04  2.98764408517651809E-04  1.50377542287156078E-08  0.00000000000000000E+00  0.00000000000000000E+00
  646.000000  2.10920527436178600E+03  2.10498655330776410E+03  6.51809066619177119E-02  4.15305580728550794E+00  1.98957042817656795E-04  2.85368784647635043E-04  1.42466476170049676E-08  0.00000000000000000E+00  0.00000000000000000E+00
  648.000000  2.06534338590359994E+03  2.06126283486149259E+03  6.32914063776886110E-02  4.01679610321210756E+00  1.90881369982330205E-04  2.72637647346777310E-04  1.35000139827147918E-08  0.00000000000000000E+00  0.00000000000000000E+00
  650.000000  2.02271519459438764E+03  2.01876752020960748E+03  6.14647338884509453E-02  3.88576593867375975E+00  1.83164691518788748E-04  2.60534731257765098E-04  1.27951892321317801E-08  0.00000000000000000E+00  0.00000000000000000E+00
  652.000000  1.98127665775134801E+03  1.97745680049859880E+03  5.96985235268967518E-02  3.75973390153963472E+00  1.75789616019222646E-04  2.49025937005061156E-04  1.21296789156084386E-08  0.00000000000000000E+00  0.00000000000000000E+00
  654.000000  1.94098563429682849E+03  1.93728875673113521E+03  5.79905093372447208E-02  3.63848022599779952E+00  1.68739666328249303E-04  2.38079190388396490E-04  1.15011467689340430E-08  0.00000000000000000E+00  0.00000000000000000E+00
  656.000000  1.90180178904227660E+03  1.89822326471268525E+03  5.63385204231934139E-02  3.52179613472169750E+00  1.61999227588854574E-04  2.27664311483314870E-04  1.09074040740948963E-08  0.00000000000000000E+00  0.00000000000000000E+00
  658.000000  1.86368650243147817E+03  1.86022190541599798E+03  5.47404765332768703E-02  3.40948322220915490E+00  1.55553498468410164E-04  2.17752892898973385E-04  1.03463997775115190E-08  0.00000000000000000E+00  0.00000000000000000E+00
  660.000000  1.82660278539706587E+03  1.82324788042027581E+03  5.31943838705462857E-02  3.30135287647151410E+00  1.49388445355771955E-04  2.08318186503757947E-04  9.81621130876085139E-09  0.00000000000000000E+00  0.00000000000000000E+00
  662.000000  1.79051519901031179E+03  1.78726593210766168E+03  5.16983311142685462E-02  3.19722573646359365E+00  1.43490759335293370E-04  1.99334997985038562E-04  9.31503604732606433E-09  0.00000000000000000E+00  0.00000000000000000E+00
  664.000000  1.75538977862441379E+03  1.75224226831969168E+03  5.02504856420505561E-02  3.09693118283458491E+00  1.37847815757045840E-04  1.90779588659927685E-04  8.84118338905186436E-09  0.00000000000000000E+00  0.00000000000000000E+00
  666.000000  1.72119396223264653E+03  1.71814449119733308E+03  4.88490899414723220E-02  3.00030685975863687E+00  1.32447636235184790E-04  1.82629584000426647E-04  8.39306736778778147E-09  0.00000000000000000E+00  0.00000000000000000E+00
  668.000000  1.68789652278150197E+03  1.68494152994682327E+03  4.74924582009644616E-02  2.90719822576710030E+00  1.27278852918020591E-04  1.74863888378834915E-04  7.96919979118631869E-09  0.00000000000000000E+00  0.00000000000000000E+00
  670.000000  1.65546750419588852E+03  1.65260357729031557E+03  4.61789730702004339E-02  2.81745813165401326E+00  1.22330674884069395E-04  1.67462605578145386E-04  7.56818385281698033E-09  0.00000000000000000E+00  0.00000000000000000E+00
  672.000000  1.62387816089078592E+03  1.62110202937752820E+03  4.49070825809281329E-02  2.73094642366710039E+00  1.17592856528476544E-04  1.60406964647920850E-04  7.18870818569975154E-09  0.00000000000000000E+00  0.00000000000000000E+00
  674.000000  1.59310090055712294E+03  1.59040942894783325E+03  4.36752972195887171E-02  2.64752957032203806E+00  1.13055667813291883E-04  1.53679250718672864E-04  6.82954132504816547E-09  0.00000000000000000E+00  0.00000000000000000E+00
  676.000000  1.56310923002543927E+03  1.56049941154790054E+03  4.24821871436315487E-02  2.56708031129892866E+00  1.08709866263812776E-04  1.47262740417906240E-04  6.48952655049705713E-09  0.00000000000000000E+00  0.00000000000000000E+00
  678.000000  1.53387770402248134E+03  1.53134665462148087E+03  4.13263795338738235E-02  2.48947732698692681E+00  1.04546670601078341E-04  1.41141641558359941E-04  6.16757708036073733E-09  0.00000000000000000E+00  0.00000000000000000E+00
  680.000000  1.50538187664889028E+03  1.50292682930083379E+03  4.02065560757028095E-02  2.41460492734543797E+00  1.00557735908053672E-04  1.35301036794325098E-04  5.86267159256377003E-09  0.00000000000000000E+00  0.00000000000000000E+00
  682.000000  1.47759825541651185E+03  1.47521655473957230E+03  3.91214505622909520E-02  2.34235275884224015E+00  9.67351302338271418E-05  1.29726830965009866E-04  5.57385004880767804E-09  0.00000000000000000E+00  0.00000000000000000E+00
  684.000000  1.45050425769530011E+03  1.44819335483805503E+03  3.80698466134401989E-02  2.27261552831683833E+00  9.30713125466132822E-05  1.24405701865335151E-04  5.30020980031281839E-09  0.00000000000000000E+00  0.00000000000000000E+00
  686.000000  1.42407816942839440E+03  1.42183561722098807E+03  3.70505755039711795E-02  2.20529274269534081E+00  8.95591119521797324E-05  1.19325054204016709E-04  5.04090195510027286E-09  0.00000000000000000E+00  0.00000000000000000E+00
  688.000000  1.39829910598384868E+03  1.39612255433671453E+03  3.60625140959596607E-02  2.14028846355848490E+00  8.61917080998795692E-05  1.14472976526885109E-04  4.79512798828345186E-09  0.00000000000000000E+00  0.00000000000000000E+00
  690.000000  1.37314697501934279E+03  1.37103416655546584E+03  3.51045828694172141E-02  2.07751107563204984E+00  8.29626127035599489E-05  1.09838200899919274E-04  4.56213657822018835E-09  0.00000000000000000E+00  0.00000000000000000E+00
  692.000000  1.34860244124473070E+03  1.34655120715229282E+03  3.41757440463299825E-02  2.01687306833303825E+00  7.98656521094000705E-05  1.05410065161772376E-04  4.34122065265277797E-09  0.00000000000000000E+00  0.00000000000000000E+00
  694.000000  1.32464689297320456E+03  1.32265514906627936E+03  3.32749998032340621E-02  1.95829082956207978E+00  7.68949508470934573E-05  1.01178477569513028E-04  4.13171463013368287E-09  0.00000000000000000E+00  0.00000000000000000E+00
  696.000000  1.30126241036029933E+03  1.29932815333600979E+03  3.24013905677899700E-02  1.90168445098905092E+00  7.40449161049923870E-05  9.71338836743789304E-05  3.93299184312385462E-09  0.00000000000000000E+00  0.00000000000000000E+00
  698.000000  1.27843173523560381E+03  1.27655303911687724E+03  3.15539933950742604E-02  1.84697754412861004E+00  7.13102230736324758E-05  9.32672352762069641E-05  3.74446213014735632E-09  0.00000000000000000E+00  0.00000000000000000E+00
  700.000000  1.25613824243690783E+03  1.25431325519061261E+03  3.07319204195052355E-02  1.79409706654747003E+00  6.86858011055678931E-05  8.95699613161298717E-05  3.56556958530546026E-09  0.00000000000000000E+00  0.00000000000000000E+00
  702.000000  1.23436591256422457E+03  1.23259285288509682E+03  2.99343173786015514E-02  1.74297315759216764E+00  6.61668206428984198E-05  8.60339405774461372E-05  3.39579045431170175E-09  0.00000000000000000E+00  0.00000000000000000E+00
  704.000000  1.21309930607397496E+03  1.21137646032531575E+03  2.91603622049125093E-02  1.69353898306283268E+00  6.37486808668311637E-05  8.26514760737521894E-05  3.23463116698806134E-09  0.00000000000000000E+00  0.00000000000000000E+00
  706.000000  1.19232353864029619E+03  1.19064925794296369E+03  2.84092636827334433E-02  1.64573058829899965E+00  6.14269980266410440E-05  7.94152710122284714E-05  3.08162649689573215E-09  0.00000000000000000E+00  0.00000000000000000E+00
  708.000000  1.17202425771356889E+03  1.17039695517528935E+03  2.76802601663285533E-02  1.59948675917615457E+00  5.91975944079780683E-05  7.63184062278420651E-05  2.93633783943967996E-09  0.00000000000000000E+00  0.00000000000000000E+00
  710.000000  1.15218762021099701E+03  1.15060576828848980E+03  2.69726183566079171E-02  1.55474889054513432E+00  5.70564879030471508E-05  7.33543189916669190E-05  2.79835160040955827E-09  0.00000000000000000E+00  0.00000000000000000E+00
  712.000000  1.13280027127847029E+03  1.13126239926532730E+03  2.62856321333704672E-02  1.51146086167712879E+00  5.49998821475383324E-05  7.05167831033625927E-05  2.66727768749410531E-09  0.00000000000000000E+00  0.00000000000000000E+00
  714.000000  1.11384932406525263E+03  1.11235401569891883E+03  2.56186214403388984E-02  1.46956891830337266E+00  5.30241571913109652E-05  6.77998901840858064E-05  2.54274809783323052E-09  0.00000000000000000E+00  0.00000000000000000E+00
  716.000000  1.09532234045816745E+03  1.09386823163976283E+03  2.49709312204132068E-02  1.42902156086698029E+00  5.11258606719683218E-05  6.51980320920532257E-05  2.42441559516780528E-09  0.00000000000000000E+00  0.00000000000000000E+00
  718.000000  1.07720731272333978E+03  1.07579308934441929E+03  2.43419303986578787E-02  1.38976943862629265E+00  4.93016994622751833E-05  6.27058843882648818E-05  2.31195247059725181E-09  0.00000000000000000E+00  0.00000000000000000E+00
  720.000000  1.05949264600861511E+03  1.05811704187930241E+03  2.37310109107172970E-02  1.35176524927445163E+00  4.75485317642611506E-05  6.03183907850276903E-05  2.20504938138047767E-09  0.00000000000000000E+00  0.00000000000000000E+00
  722.000000  1.04216714166019869E+03  1.04082893653345468E+03  2.31375867744227082E-02  1.31496364375793018E+00  4.58633596243964356E-05  5.80307485144118210E-05  2.10341426260037733E-09  0.00000000000000000E+00  0.00000000000000000E+00
  724.000000  1.02521998131189366E+03  1.02391799899896876E+03  2.25610932025195575E-02  1.27932113599935260E+00  4.42433218459012853E-05  5.58383945582029666E-05  2.00677130687834975E-09  0.00000000000000000E+00  0.00000000000000000E+00
  726.000000  1.00864071170638613E+03  1.00737381827879051E+03  2.20009857545249571E-02  1.24479601724639233E+00  4.26856872756356152E-05  5.37369926848057028E-05  1.91486000765634998E-09  0.00000000000000000E+00  0.00000000000000000E+00
  728.000000  9.92419230210664182E+02  9.91186332284255059E+02  2.14567395258330740E-02  1.21134827478617990E+00  4.11878484443961037E-05  5.17224212422763143E-05  1.82743426187579677E-09  0.00000000000000000E+00  0.00000000000000000E+00
  730.000000  9.76545770990213896E+02  9.75345814087239091E+02  2.09278483722908602E-02  1.17893951478108550E+00  3.97473155407402354E-05  4.97907616601032835E-05  1.74426152817039490E-09  0.00000000000000000E+00  0.00000000000000000E+00
  732.000000  9.61010891808163024E+02  9.59842858793334813E+02  2.04138241685518779E-02  1.14753288899607031E+00  3.83617106996318635E-05  4.79382876155121367E-05  1.66512203695645276E-09  0.00000000000000000E+00  0.00000000000000000E+00
  734.000000  9.45805461417377614E+02  9.44668371004270170E+02  1.99141960986046231E-02  1.11709302520162268E+00  3.70287625883166096E-05  4.61614548230180480E-05  1.58980804905151781E-09  0.00000000000000000E+00  0.00000000000000000E+00
  736.000000  9.30920647516354165E+02  9.29813552840615785E+02  1.94285099769613036E-02  1.08758596105067040E+00  3.57463012729213641E-05  4.44568914087477223E-05  1.51812315968384737E-09  0.00000000000000000E+00  0.00000000000000000E+00
  738.000000  9.16347905239502097E+02  9.15269892495573345E+02  1.89563275990512550E-02  1.05897908123760609E+00  3.45122533501828781E-05  4.28213888335004408E-05  1.44988164496537189E-09  0.00000000000000000E+00  0.00000000000000000E+00
  740.000000  9.02078966156057277E+02  9.01029153294260595E+02  1.84972261194648324E-02  1.03124105776155162E+00  3.33246373297047869E-05  4.12518933309926776E-05  1.38490784810252550E-09  0.00000000000000000E+00  0.00000000000000000E+00
  742.000000  8.88105827751861852E+02  8.87083363232900183E+02  1.80507974567337519E-02  1.00434179312476179E+00  3.21815592529470890E-05  3.97454978298588318E-05  1.32303560280074262E-09  0.00000000000000000E+00  0.00000000000000000E+00
  744.000000  8.74420743370459945E+02  8.73424804974521408E+02  1.76166477234272097E-02  9.78252366308097199E-01  3.10812085359949732E-05  3.82994343300674834E-05  1.26410769149100168E-09  0.00000000000000000E+00  0.00000000000000000E+00
  746.000000  8.61016212590516375E+02  8.60046006278333493E+02  1.71943966803764538E-02  9.52944981373862521E-01  3.00218540238750658E-05  3.69110667062852636E-05  1.20797533616447530E-09  0.00000000000000000E+00  0.00000000000000000E+00
  748.000000  8.47884972018847179E+02  8.46939730842198287E+02  1.67836772139274178E-02  9.28392918556346758E-01  2.90018402449439375E-05  3.55778839125423776E-05  1.15449771975078358E-09  0.00000000000000000E+00  0.00000000000000000E+00
  750.000000  8.35019986478418787E+02  8.34098969537695439E+02  1.63841348351587077E-02  9.04570487707252679E-01  2.80195838544951842E-05  3.42974935641547163E-05  1.10354153611118337E-09  0.00000000000000000E+00  0.00000000000000000E+00
  752.000000  8.22414440572332069E+02  8.21516932018919306E+02  1.59954272000532687E-02  8.81452983971575899E-01  2.70735702573779769E-05  3.30676158744241049E-05  1.05498056684665233E-09  0.00000000000000000E+00  0.00000000000000000E+00
  754.000000  8.10061730605974617E+02  8.09187038687310974E+02  1.56172236496816205E-02  8.59016645576823334E-01  2.61623504000154923E-05  3.18860779250760456E-05  1.00869528324012034E-09  0.00000000000000000E+00  0.00000000000000000E+00
  756.000000  7.97955456849810957E+02  7.97102912995106522E+02  1.52492047694740025E-02  8.37238613624423089E-01  2.52845377227322712E-05  3.07508082507021205E-05  9.64572471761686205E-10  0.00000000000000000E+00  0.00000000000000000E+00
  758.000000  7.86089416127033815E+02  7.85258374071728213E+02  1.48910619667270497E-02  8.16096893779463595E-01  2.44388052638524004E-05  2.96598317187548371E-05  9.22504881670015405E-10  0.00000000000000000E+00  0.00000000000000000E+00
  760.000000  7.74457594710532021E+02  7.73647429657676184E+02  1.45424970655235967E-02  7.95570319760118383E-01  2.36238829074932341E-05  2.86112646877798297E-05  8.82390893338251686E-10  0.00000000000000000E+00  0.00000000000000000E+00
  762.000000  7.63054161514502425E+02  7.62264269331341097E+02  1.42032219182735182E-02  7.75638518533764865E-01  2.28385547674367591E-05  2.76033104276559011E-05  8.44134206022142302E-10  0.00000000000000000E+00  0.00000000000000000E+00
  764.000000  7.51873461567230265E+02  7.51103258015345432E+02  1.38729580331459022E-02  7.56281877132500946E-01  2.20816566999066840E-05  2.66342547866440459E-05  8.07643543872103033E-10  0.00000000000000000E+00  0.00000000000000000E+00
  766.000000  7.40910009751836128E+02  7.40158929749305457E+02  1.35514362166791573E-02  7.37481511005173562E-01  2.13520739384681799E-05  2.57024620909697455E-05  7.72832379067759138E-10  0.00000000000000000E+00  0.00000000000000000E+00
  768.000000  7.30158484802390603E+02  7.29425981716482283E+02  1.32383962308899109E-02  7.19219233827592008E-01  2.06487388446436350E-05  2.48063712635482411E-05  7.39618671026072723E-10  0.00000000000000000E+00  0.00000000000000000E+00
  770.000000  7.19613723544038749E+02  7.18899268513048241E+02  1.29335864642506643E-02  7.01477528697567188E-01  1.99706287682144798E-05  2.39444921493024037E-05  7.07924620701986285E-10  0.00000000000000000E+00  0.00000000000000000E+00
  772.000000  7.09270715365619935E+02  7.08573796648515668E+02  1.26367636159171702E-02  6.84239520644644994E-01  1.93167640114909194E-05  2.31154020352694400E-05  6.77676439062829433E-10  0.00000000000000000E+00  0.00000000000000000E+00
  774.000000  6.99124596914381300E+02  6.98444719267002711E+02  1.23476923926277675E-02  6.67488950388885671E-01  1.86862058921649170E-05  2.23177423544297353E-05  6.48804128876871397E-10  0.00000000000000000E+00  0.00000000000000000E+00
  776.000000  6.89170647002704868E+02  6.88507331079308983E+02  1.20661452177202935E-02  6.51210149286328366E-01  1.80780548996521787E-05  2.15502155628565005E-05  6.21241279010909776E-10  0.00000000000000000E+00  0.00000000000000000E+00
  778.000000  6.79404281717265690E+02  6.78757063496285696E+02  1.17919019517395175E-02  6.35388015402203243E-01  1.74914489401081881E-05  2.08115821804141280E-05  5.94924870482989964E-10  0.00000000000000000E+00  0.00000000000000000E+00
  780.000000  6.69821049721556506E+02  6.69189479954486728E+02  1.15247496241323282E-02  6.20007990656200159E-01  1.69255616655698189E-05  2.01006579858230781E-05  5.69795093563920577E-10  0.00000000000000000E+00  0.00000000000000000E+00
  782.000000  6.60416627743122149E+02  6.59800271425501478E+02  1.12644821755491491E-02  6.05056038987022982E-01  1.63796008829192242E-05  1.94163113574593480E-05  5.45795175265922985E-10  0.00000000000000000E+00  0.00000000000000000E+00
  784.000000  6.51186816237430094E+02  6.50585252100942739E+02  1.10109002102988466E-02  5.90518625486435633E-01  1.58528070386061431E-05  1.87574607517748785E-05  5.22871216598308581E-10  0.00000000000000000E+00  0.00000000000000000E+00
  786.000000  6.42127535220410323E+02  6.41540355245171327E+02  1.07638107585198272E-02  5.76382696455421173E-01  1.53444517752774570E-05  1.81230723117017814E-05  5.00972039008815494E-10  0.00000000000000000E+00  0.00000000000000000E+00
  788.000000  6.33234820262515200E+02  6.32661629208655427E+02  1.05230270476512674E-02  5.62635660337967969E-01  1.48538365566798837E-05  1.75121575978671000E-05  4.80049039465792673E-10  0.00000000000000000E+00  0.00000000000000000E+00
  790.000000  6.24504818636813980E+02  6.23945233594518641E+02  1.02883682828084511E-02  5.49265369489689625E-01  1.43802913573842905E-05  1.69237714358476262E-05  4.60056053669874359E-10  0.00000000000000000E+00  0.00000000000000000E+00
  792.000000  6.15933785614969111E+02  6.15387435572167419E+02  1.00596594356888950E-02  5.36260102741692557E-01  1.39231734140838184E-05  1.63570098731217864E-05  4.40949226916227244E-10  0.00000000000000000E+00  0.00000000000000000E+00
  794.000000  6.07518080904283011E+02  6.06984606331223176E+02  9.83673104164018049E-03  5.23608548721224976E-01  1.34818660353717172E-05  1.58110082397175070E-05  4.22686892157313421E-10  0.00000000000000000E+00  0.00000000000000000E+00
  796.000000  5.99254165219892911E+02  5.98733217669873170E+02  9.61941900455521616E-03  5.11299789893230217E-01  1.30557774670839030E-05  1.52849393069229780E-05  4.05229454844411160E-10  0.00000000000000000E+00  0.00000000000000000E+00
  798.000000  5.91138596986442508E+02  5.90629838712004698E+02  9.40756440925986058E-03  4.99323287288703510E-01  1.26443398104411106E-05  1.47780115387509997E-05  3.88539284151878642E-10  0.00000000000000000E+00  0.00000000000000000E+00
  800.000000  5.83168029163422375E+02  5.82671132747346064E+02  9.20101334108148691E-03  4.87668865887184388E-01  1.22470079903675515E-05  1.42894674311455493E-05  3.72580610212266227E-10  0.00000000000000000E+00  0.00000000000000000E+00
  802.000000  5.75339206189248443E+02  5.74853854189715094E+02  8.99961671230049137E-03  4.76326700622921873E-01  1.18632587715104907E-05  1.38185819342233609E-05  3.57319427013424184E-10  0.00000000000000000E+00  0.00000000000000000E+00
  804.000000  5.67648961038939206E+02  5.67174845648265091E+02  8.80323009519880413E-03  4.65287302985402662E-01  1.14925898196086231E-05  1.33646609531003728E-05  3.42723400629769285E-10  0.00000000000000000E+00  0.00000000000000000E+00
  806.000000  5.60094212390540520E+02  5.59631035106905074E+02  8.61171356143044207E-03  4.54541508186497911E-01  1.11345188059788349E-05  1.29270399231113037E-05  3.28761782479739648E-10  0.00000000000000000E+00  0.00000000000000000E+00
  808.000000  5.52671961895924596E+02  5.52219433207548605E+02  8.42493152745548216E-03  4.44080462868092440E-01  1.07885825530157252E-05  1.25050824554729217E-05  3.15405327320364877E-10  0.00000000000000000E+00  0.00000000000000000E+00
  810.000000  5.45379291551527899E+02  5.44937130632779031E+02  8.24275260578937428E-03  4.33895613325147589E-01  1.04543362186983430E-05  1.20981790496604826E-05  3.02626215707060558E-10  0.00000000000000000E+00  0.00000000000000000E+00
  812.000000  5.38213361164840194E+02  5.37781295583769179E+02  8.06504946182493715E-03  4.23978694220463692E-01  1.01313525182081397E-05  1.17057458689779533E-05  2.90397980663215576E-10  0.00000000000000000E+00  0.00000000000000000E+00
  814.000000  5.31171405912923774E+02  5.30749171349755898E+02  7.89169867600728221E-03  4.14321717768811881E-01  9.81922098086032313E-06  1.13272235760076814E-05  2.78695438319594356E-10  0.00000000000000000E+00  0.00000000000000000E+00
  816.000000  5.24250733988857974E+02  5.23838073964987075E+02  7.72258061113435031E-03  4.04916963368754157E-01  9.51754724063816583E-06  1.09620762247973475E-05  2.67494622297588944E-10  0.00000000000000000E+00  0.00000000000000000E+00
  818.000000  5.17448724332902430E+02  5.17045389949956302E+02  7.55757928458741270E-03  3.95756967662161674E-01  9.22595235871664538E-06  1.06097902068346636E-05  2.56772721624303965E-10  0.00000000000000000E+00  0.00000000000000000E+00
  820.000000  5.10762824444624243E+02  5.10368574133185177E+02  7.39658224527967902E-03  3.86834515001807988E-01  8.94407217643343557E-06  1.02698732480076479E-05  2.46508021979562971E-10  0.00000000000000000E+00  0.00000000000000000E+00
  822.000000  5.04190548272912849E+02  5.03805147550501943E+02  7.23948045514428984E-03  3.78142628308866080E-01  8.67155669725409808E-06  9.94185345391632879E-06  2.36679850087177038E-10  0.00000000000000000E+00  0.00000000000000000E+00
  824.000000  4.97729474180639727E+02  4.97352695418586904E+02  7.08616817497151070E-03  3.69674560302709565E-01  8.40806949634417183E-06  9.62527840103915906E-06  2.27268521073653325E-10  0.00000000000000000E+00  0.00000000000000000E+00
  826.000000  4.91377242981110101E+02  4.91008865179949453E+02  6.93654285442801399E-03  3.61423785086529392E-01  8.15328715643884346E-06  9.31971427140082329E-06  2.18255288628109231E-10  0.00000000000000000E+00  0.00000000000000000E+00
  828.000000  4.85131556043261924E+02  4.84771364616309711E+02  6.79050502608560813E-03  3.53383990072785203E-01  7.90689872875775069E-06  9.02474502851013791E-06  2.09622297806751291E-10  0.00000000000000000E+00  0.00000000000000000E+00
  830.000000  4.78990173463168503E+02  4.78637960027953284E+02  6.64795820330666646E-03  3.45549068233681589E-01  7.66860521778711587E-06  8.73997163246823449E-06  2.01352540334688418E-10  0.00000000000000000E+00  0.00000000000000000E+00
  832.000000  4.72950912298813591E+02  4.72606474476045889E+02  6.50880878182632031E-03  3.37913110662020344E-01  7.43811908879622429E-06  8.46501129224756586E-06  1.93429812266122969E-10  0.00000000000000000E+00  0.00000000000000000E+00
  834.000000  4.67011644866145559E+02  4.66674786085925177E+02  6.37296594489409306E-03  3.30470399429158235E-01  7.21516379702858550E-06  8.19949675326809820E-06  1.85838673872465757E-10  0.00000000000000000E+00  0.00000000000000000E+00
  836.000000  4.61170297093560919E+02  4.60840826408534838E+02  6.24034157182671006E-03  3.23215400726764912E-01  6.99947333754432266E-06  7.94307561848074592E-06  1.78564411635064137E-10  0.00000000000000000E+00  0.00000000000000000E+00
  838.000000  4.55424846933018557E+02  4.55102578838215209E+02  6.11085014984721637E-03  3.16142758280341496E-01  6.79079181475725043E-06  7.69540970128092735E-06  1.71593002226814229E-10  0.00000000000000000E+00  0.00000000000000000E+00
  840.000000  4.49773322824995375E+02  4.49458077084071704E+02  5.98440868907291774E-03  3.09247287022313133E-01  6.58887303074029190E-06  7.45617440864678270E-06  1.64911078373123200E-10  0.00000000000000000E+00  0.00000000000000000E+00
  842.000000  4.44213802215787666E+02  4.43905403693436540E+02  5.86093664053747958E-03  3.02523967013864081E-01  6.39348009143620477E-06  7.22505815300176247E-06  1.58505896489488974E-10  0.00000000000000000E+00  0.00000000000000000E+00
  844.000000  4.38744410124917408E+02  4.38442688625196411E+02  5.74035581712643329E-03  2.95967937604673270E-01  6.20438502994182955E-06  7.00176179136838270E-06  1.52365305998535894E-10  0.00000000000000000E+00  0.00000000000000000E+00
  846.000000  4.33363317760518498E+02  4.33068107870867948E+02  5.62259031731172226E-03  2.89574491820196289E-01  6.02136844607479444E-06  6.78599809045573715E-06  1.46477720234945114E-10  0.00000000000000000E+00  0.00000000000000000E+00
  848.000000  4.28068741181326402E+02  4.27779882122056506E+02  5.50756645158167156E-03  2.83339070967086604E-01  5.84421916147971651E-06  6.57749121640591982E-06  1.40832088852133611E-10  0.00000000000000000E+00  0.00000000000000000E+00
  850.000000  4.22858940003026532E+02  4.22576275482062442E+02  5.39521267145797161E-03  2.77257259447166504E-01  5.67273388955434614E-06  6.37597624797726802E-06  1.35417871649175766E-10  0.00000000000000000E+00  0.00000000000000000E+00
  852.000000  4.17732216147727968E+02  4.17455594220409637E+02  5.28545950100614819E-03  2.71324779771393632E-01  5.50671691952407983E-06  6.18119871202005752E-06  1.30225013741346416E-10  0.00000000000000000E+00  0.00000000000000000E+00
  854.000000  4.12686912634656892E+02  4.12416185568401772E+02  5.17823947073991521E-03  2.65537487765208524E-01  5.34597981401515763E-06  5.99291414015000772E-06  1.25243922001805581E-10  0.00000000000000000E+00  0.00000000000000000E+00
  856.000000  4.07721412410581024E+02  4.07456436554220659E+02  5.07348705383023867E-03  2.59891367957239383E-01  5.19034111951409888E-06  5.81088764558616935E-06  1.20465442706116310E-10  0.00000000000000000E+00  0.00000000000000000E+00
  858.000000  4.02834137218592389E+02  4.02574772876208556E+02  4.97113860453186982E-03  2.54382529143775293E-01  5.03962608912971217E-06  5.63489351917498931E-06  1.15880840315166281E-10  0.00000000000000000E+00  0.00000000000000000E+00
  860.000000  3.98023546503718876E+02  3.97769657812805860E+02  4.87113229874395776E-03  2.49007200121586336E-01  4.89366641710109241E-06  5.46471484366965082E-06  1.11481777335621939E-10  0.00000000000000000E+00  0.00000000000000000E+00
  862.000000  3.93288136354125299E+02  3.93039591167916115E+02  4.77340807662268458E-03  2.43761725582188227E-01  4.75229998452224172E-06  5.30014312538455881E-06  1.07260295200488931E-10  0.00000000000000000E+00  0.00000000000000000E+00
  864.000000  3.88626438476410272E+02  3.88383108250210569E+02  4.67790758717129274E-03  2.38642562160742450E-01  4.61537061577833659E-06  5.14097794238673769E-06  1.03208796115511961E-10  0.00000000000000000E+00  0.00000000000000000E+00
  866.000000  3.84037019203906425E+02  3.83798778885284605E+02  4.58457413473017591E-03  2.33646274633319634E-01  4.48272784521427009E-06  4.98702660843311571E-06  9.93200258202485102E-11  0.00000000000000000E+00  0.00000000000000000E+00
  868.000000  3.79518478536823750E+02  3.79285206459513859E+02  4.49335262730104785E-03  2.28769532256448721E-01  4.35422669357935689E-06  4.83810385190101011E-06  9.55870572154418566E-11  0.00000000000000000E+00  0.00000000000000000E+00
  870.000000  3.75069449212957238E+02  3.74841026994336573E+02  4.40418952663271940E-03  2.24009105243059892E-01  4.22972745381063412E-06  4.69403150899636467E-06  9.20032748109896461E-11  0.00000000000000000E+00  0.00000000000000000E+00
  872.000000  3.70688595807802983E+02  3.70464908249811458E+02  4.31703280000337707E-03  2.19361861369224947E-01  4.10909548573933673E-06  4.55463823056055747E-06  8.85623599513217339E-11  0.00000000000000000E+00  0.00000000000000000E+00
  874.000000  3.66374613863306536E+02  3.66155548856680866E+02  4.23183187364101123E-03  2.14824762706553180E-01  3.99220101932848199E-06  4.41975920183578704E-06  8.52582767774826302E-11  0.00000000000000000E+00  0.00000000000000000E+00
  876.000000  3.62126229043892295E+02  3.61911677475592739E+02  4.14853758771535023E-03  2.10394862474957978E-01  3.87891896606058129E-06  4.28923587457328445E-06  8.20852588872805448E-11  0.00000000000000000E+00  0.00000000000000000E+00
  878.000000  3.57942196319032973E+02  3.57732051982745531E+02  4.06710215284940540E-03  2.06069302011085975E-01  3.76912873811933075E-06  4.16291571090682671E-06  7.90377966571408035E-11  0.00000000000000000E+00  0.00000000000000000E+00
  880.000000  3.53821299171354667E+02  3.53615458680956749E+02  3.98747910809141033E-03  2.01845307847715816E-01  3.66271407502163112E-06  4.04065193843897149E-06  7.61106251911996465E-11  0.00000000000000000E+00  0.00000000000000000E+00
  882.000000  3.49762348829239727E+02  3.49560711535120333E+02  3.90962328029422716E-03  1.97720188899613875E-01  3.55956287737252138E-06  3.92230331601444220E-06  7.32987128650457368E-11  0.00000000000000000E+00  0.00000000000000000E+00
  884.000000  3.45764183523340932E+02  3.45566651431472792E+02  3.83349074485279115E-03  1.93691333751752903E-01  3.45956704743413137E-06  3.80773390968584899E-06  7.05972504333825891E-11  0.00000000000000000E+00  0.00000000000000000E+00
  886.000000  3.41825664069039078E+02  3.41632145459583285E+02  3.75903878774908398E-03  1.89756208045691960E-01  3.36262233620991628E-06  0.00000000000000000E+00  0.00000000000000000E+00  0.00000000000000000E+00  0.00000000000000000E+00
  888.000000  3.37945688062815066E+02  3.37756086216357744E+02  3.68622586885592038E-03  1.85912351960268646E-01  3.26862819676076744E-06  0.00000000000000000E+00  0.00000000000000000E+00  0.00000000000000000E+00  0.00000000000000000E+00
  890.000000  3.34123166698278169E+02  3.33937391131421066E+02  3.61501158645840832E-03  1.82157377782960456E-01  3.17748764348542509E-06  0.00000000000000000E+00  0.00000000000000000E+00  0.00000000000000000E+00  0.00000000000000000E+00
  892.000000  3.30357039226184838E+02  3.30175001812866640E+02  3.54535664294391593E-03  1.78488967568198043E-01  3.08910711710376204E-06  0.00000000000000000E+00  0.00000000000000000E+00  0.00000000000000000E+00  0.00000000000000000E+00
  894.000000  3.26646268510050447E+02  3.26467883412963090E+02  3.47722281162300478E-03  1.74904870879384139E-01  3.00339635510059059E-06  0.00000000000000000E+00  0.00000000000000000E+00  0.00000000000000000E+00  0.00000000000000000E+00
  896.000000  3.22989840408728526E+02  3.22815024012944377E+02  3.41057290463884144E-03  1.71402902611251989E-01  2.92026826739305759E-06  0.00000000000000000E+00  0.00000000000000000E+00  0.00000000000000000E+00  0.00000000000000000E+00
  898.000000  3.19386763177573016E+02  3.19215434026302773E+02  3.34537074192631191E-03  1.67980940889465441E-01  2.83963881699859009E-06  0.00000000000000000E+00  0.00000000000000000E+00  0.00000000000000000E+00  0.00000000000000000E+00
  900.000000  3.15836066887527693E+02  3.15668145619935103E+02  3.28158112118486466E-03  1.64636925044471638E-01  2.76142690548952874E-06  0.00000000000000000E+00  0.00000000000000000E+00  0.00000000000000000E+00  0.00000000000000000E+00
