# Wavelength | Total | n= 1 | ...
  300.000000  1.98297386227084507E+03  1.54668735956338742E+03  3.77875020552893204E+02  5.55310646813895445E+01  2.79390370552846123E+00  8.44104810870857508E-02  2.07842366760786464E-03  2.45128525243396752E-05  3.50039219202344633E-07
  302.000000  2.08888344633365841E+03  1.63670772109970085E+03  3.92017158156663697E+02  5.72440646360457350E+01  2.82774471546516581E+00  8.46788068162043078E-02  2.05463904461975107E-03  2.39421208619707430E-05  3.37800825684938048E-07
  304.000000  2.19982198372127732E+03  1.73129645829084347E+03  4.06584964835236519E+02  5.89910207842177954E+01  2.86253489813803119E+00  8.49490032963444164E-02  2.03218709943928880E-03  2.33961925310266687E-05  3.26253524795640942E-07
  306.000000  2.31610533725150754E+03  1.83073179505861594E+03  4.21613110233080761E+02  6.07746414227231924E+01  2.89853081673051038E+00  8.52256347665802522E-02  2.01120994765856395E-03  2.28756426848670765E-05  0.00000000000000000E+00
  308.000000  2.43807468468130401E+03  1.93531367097988891E+03  4.37139676822678837E+02  6.25978037468419259E+01  2.93600558142999057E+00  8.55133192757436406E-02  1.99185015207317684E-03  2.23810361761033436E-05  0.00000000000000000E+00
  310.000000  2.56609890282069955E+03  2.04536570983914953E+03  4.53206562283025391E+02  6.44635653330948770E+01  2.97525241457396294E+00  8.58167844388484785E-02  1.97425345657739658E-03  2.19129604184762369E-05  0.00000000000000000E+00
  312.000000  2.70057724324286255E+03  2.16123740320850811E+03  4.69859952847630780E+02  6.63751773040674351E+01  3.01658890543070157E+00  8.61409333800270544E-02  1.95857178455178171E-03  2.14720606522127618E-05  0.00000000000000000E+00
  314.000000  2.84194233772738198E+03  2.28330653666968283E+03  4.87150882500717273E+02  6.83360994899163359E+01  3.06036211733448926E+00  8.64909240576288013E-02  1.94496659369408111E-03  2.10590791161999664E-05  0.00000000000000000E+00
  316.000000  2.99066358721658207E+03  2.41198189098939611E+03  5.05135896891182597E+02  7.03500180243592013E+01  3.10695475772920382E+00  8.68722663098378534E-02  1.93361270423220133E-03  2.06749000630998761E-05  0.00000000000000000E+00
  318.000000  3.14725099711672692E+03  2.54770625637605553E+03  5.23877846098742793E+02  7.24208659908854884E+01  3.15679268512429179E+00  8.72909425648760728E-02  1.92470275068804225E-03  2.03206031803417659E-05  0.00000000000000000E+00
  320.000000  3.31225953678676888E+03  2.69095980526309631E+03  5.43446837405355382E+02  7.45528479959063048E+01  3.21035411198191944E+00  8.77535604485863568E-02  1.91845245212743138E-03  1.99975288806199986E-05  0.00000000000000000E+00
  322.000000  3.48629412034460802E+03  2.84226387839256631E+03  5.63921388678663448E+02  7.67504699326468085E+01  3.26818097758408133E+00  8.82675488307769485E-02  1.91510695665906313E-03  1.97073602461175466E-05  0.00000000000000000E+00
  324.000000  3.67001533160962845E+03  3.00218525103922093E+03  5.85389835852733427E+02  7.90185757809568372E+01  3.33089312218184164E+00  8.88414137077338517E-02  1.91494859973643941E-03  1.94522283677809567E-05  0.00000000000000000E+00
  326.000000  3.86414605063660429E+03  3.17134096199495889E+03  6.07952065740283047E+02  8.13623941714329959E+01  3.39920611098534309E+00  8.94850775609687121E-02  1.91830653250952003E-03  1.92348507593254784E-05  0.00000000000000000E+00
  328.000000  4.06947918649822304E+03  3.35040380869712271E+03  6.31721670176388216E+02  8.37875988002391381E+01  3.47395386009157336E+00  9.02103368225260910E-02  1.92556884141586592E-03  1.90587170295298530E-05  0.00000000000000000E+00
  330.000000  4.28688678564550901E+03  3.54010863900021013E+03  6.56828652491059415E+02  8.63003888932091030E+01  3.55611764559944854E+00  9.10314890714748193E-02  1.93719801708041369E-03  1.89283430181833823E-05  0.00000000000000000E+00
  332.000000  4.51733087339464601E+03  3.74125960423365859E+03  6.83422867418493524E+02  8.89075992416468068E+01  3.64686369183619830E+00  9.19662084078828601E-02  1.95375097777060903E-03  1.88496257978661321E-05  0.00000000000000000E+00
  334.000000  4.76187650302469319E+03  3.95473857621112256E+03  7.11678448238986221E+02  9.16168546201813854E+01  3.74759242793294467E+00  9.30367907450392329E-02  1.97590537435978451E-03  1.88303502348385311E-05  0.00000000000000000E+00
  336.000000  5.02170762762400591E+03  4.18151495491982223E+03  7.41799581651720359E+02  9.44367918915811373E+01  3.86000382283849364E+00  9.42719624009158291E-02  2.00449471395381480E-03  1.88809284900530536E-05  0.00000000000000000E+00
  338.000000  5.29814652241382646E+03  4.42265703237815069E+03  7.74028148825431686E+02  9.73773868654783428E+01  3.98618520584788971E+00  9.57095672570776879E-02  2.04055615349629490E-03  1.90155069426867729E-05  0.00000000000000000E+00
  340.000000  5.59267732657498163E+03  4.67934466018363764E+03  8.08653984427276896E+02  1.00450445553188189E+02  4.12873109821379636E+00  9.74006619281270192E-02  2.08539706757391793E-03  1.92536702846735091E-05  0.00000000000000000E+00
  342.000000  5.90697281968684092E+03  4.95288113581983271E+03  8.46028839522438261E+02  1.03670358369377652E+02  4.29090972100738988E+00  9.94159404325591356E-02  2.14069060052723232E-03  1.96231514778143871E-05  0.00000000000000000E+00
  344.000000  6.24291674608735957E+03  5.24469490260971997E+03  8.86585561027509698E+02  1.07055297293006362E+02  4.47690020011125256E+00  1.01856174551373344E-01  2.20861814770763722E-03  2.01643144425060419E-05  0.00000000000000000E+00
  346.000000  6.60259083951369939E+03  5.55629780807355837E+03  9.30864443969695230E+02  1.10629259650504437E+02  4.69214472801274329E+00  1.04870064553832534E-01  2.29208943614504605E-03  2.09379391569541971E-05  0.00000000000000000E+00
  348.000000  6.98816126713524136E+03  5.88913079639212356E+03  9.79549714160118697E+02  1.14425738590767679E+02  4.94391257507147319E+00  1.08688284273257468E-01  2.39509305897757417E-03  2.20398261218231344E-05  0.00000000000000000E+00
  350.000000  7.40166293196547122E+03  6.24428709382432498E+03  1.03352443606057454E+03  1.18492841370149009E+02  5.24230643523133022E+00  1.13706773863119837E-01  2.52384935528460327E-03  2.36519736383612504E-05  0.00000000000000000E+00
  352.000000  7.84474618261587057E+03  6.62216383729848530E+03  1.09396053856787671E+03  1.22896177067153630E+02  5.60227362498453108E+00  1.20638454760905817E-01  2.69139270385829014E-03  2.62099062972374791E-05  0.00000000000000000E+00
  354.000000  8.31998484263669889E+03  7.02358169566097331E+03  1.16250301562271397E+03  1.27718523300291366E+02  6.04858931229320884E+00  1.30070736384397478E-01  2.91778108393949071E-03  3.02229603369009265E-05  0.00000000000000000E+00
  356.000000  8.82977489795388647E+03  7.44874671865856999E+03  1.24139917419943140E+03  1.32849359521587843E+02  6.63526907029456048E+00  1.41095258386196520E-01  3.24579374387564106E-03  3.54518719004754806E-05  0.00000000000000000E+00
  358.000000  9.36181969137861779E+03  7.88284498251791410E+03  1.33346133057332599E+03  1.37864396498920627E+02  7.49629270814719817E+00  1.48856707316117332E-01  3.79284831819033707E-03  3.95246747559700818E-05  0.00000000000000000E+00
  360.000000  9.93574560181098241E+03  8.33899699827858240E+03  1.44367044928480709E+03  1.44152907031653058E+02  8.76858631416585688E+00  1.52008924499407644E-01  4.61331208852883059E-03  3.86651870955368476E-05  0.00000000000000000E+00
  362.000000  1.06112167649719941E+04  8.86533590272539914E+03  1.58145678392585341E+03  1.53910807457690510E+02  1.03447445345458089E+01  1.62971005528115387E-01  5.51796258513192507E-03  3.73603938677545612E-05  0.00000000000000000E+00
  364.000000  1.13875909463100943E+04  9.44815790300091248E+03  1.75831494542005362E+03  1.68560200436850891E+02  1.23593988916988877E+01  1.91827915806315974E-01  6.62846109366313149E-03  4.21836790629533757E-05  0.00000000000000000E+00
  366.000000  1.22435976307095589E+04  1.00475132695727334E+04  1.98701701356526928E+03  1.93676154526538966E+02  1.51326762489206637E+01  2.50251958042140565E-01  8.20919940673750688E-03  5.56386482506829896E-05  0.00000000000000000E+00
  368.000000  1.31256907621611244E+04  1.05910023012468664E+04  2.27325285753078924E+03  2.42447562895859448E+02  1.86163012279641151E+01  3.61417299535331138E-01  1.02404014546390830E-02  8.15586574010276655E-05  0.00000000000000000E+00
  370.000000  1.38976430148853760E+04  1.09205650200065047E+04  2.61862515599453263E+03  3.35710223567405876E+02  2.21824942892489325E+01  5.47810502976794345E-01  1.21885696228215511E-02  1.21955086290335927E-04  0.00000000000000000E+00
  372.000000  1.44627463324472665E+04  1.10124655294622735E+04  2.96805005875271627E+03  4.55867001783029309E+02  2.56158313308855270E+01  7.33902033606358972E-01  1.38521595265398839E-02  1.55552326670619772E-04  1.37290236967990237E-06
  374.000000  1.48453494198424851E+04  1.13582839964998548E+04  2.95602800691622497E+03  5.04576216331958960E+02  2.56920859422950656E+01  7.55173696825873320E-01  1.37882155177417223E-02  1.50899249354698232E-04  1.34055505508782232E-06
  376.000000  1.51116868035936568E+04  1.21332468839897447E+04  2.50262349921421446E+03  4.55267534888333387E+02  1.99161830220161313E+01  6.22005199181077995E-01  1.05791885915016443E-02  1.18091572036297567E-04  0.00000000000000000E+00
  378.000000  1.56010276935023030E+04  1.31219856133904268E+04  2.08520810309567332E+03  3.80329838471425205E+02  1.30433421615530811E+01  4.54053141605801902E-01  6.66251141144005680E-03  8.07302081628496907E-05  0.00000000000000000E+00
  380.000000  1.64275219634472232E+04  1.41822962250087603E+04  1.90453782991456569E+03  3.31737482109567623E+02  8.60875332852339703E+00  3.37568516620097347E-01  4.04961673365239298E-03  5.49524561383096373E-05  0.00000000000000000E+00
  382.000000  1.74730329171275589E+04  1.52710117720235703E+04  1.88771401809966505E+03  3.07754461845132823E+02  6.27930168674289657E+00  2.70715560630832464E-01  2.60788337426115600E-03  4.00284469408321666E-05  0.00000000000000000E+00
  384.000000  1.86515202753304475E+04  1.63889414674218242E+04  1.95981705522282209E+03  2.97388886253697024E+02  5.13886163960543385E+00  2.32138766218679821E-01  1.83472565659310708E-03  3.13006203901390772E-05  0.00000000000000000E+00
  386.000000  1.99272027352204605E+04  1.75439261216605119E+04  2.08414598727745124E+03  2.94286333436146492E+02  4.63414128644807377E+00  2.08708700170168349E-01  1.41696973761988370E-03  2.58899986468295500E-05  0.00000000000000000E+00
  388.000000  2.12872000239794143E+04  1.87414592605193211E+04  2.24576288334132869E+03  2.95295892255612955E+02  4.48702958098926707E+00  1.93742376076783018E-01  1.19357920264406229E-03  2.23268846437856747E-05  0.00000000000000000E+00
  390.000000  2.27272453347347873E+04  1.99836429764727436E+04  2.44008146672926750E+03  2.98775035391282074E+02  4.56098366616526807E+00  1.83769692232761128E-01  1.08293190758427453E-03  1.98511898961807166E-05  0.00000000000000000E+00
  392.000000  2.42459760061916495E+04  2.12694317288719976E+04  2.66779595265407397E+03  3.03780911712812610E+02  4.78947892210293436E+00  1.76873299972849563E-01  1.04268280919951671E-03  1.80478788863091368E-05  0.00000000000000000E+00
  394.000000  2.58427329043913887E+04  2.25948745196189629E+04  2.93283338738989414E+03  3.09709806577439565E+02  5.14220388693257302E+00  1.71919799394624512E-01  1.05044202819239152E-03  1.66767371342298468E-05  0.00000000000000000E+00
  396.000000  2.75167673276702189E+04  2.39532562457281820E+04  3.24160265029416951E+03  3.16129982417043891E+02  5.60914458279930006E+00  1.68194565125879658E-01  1.09449177430528174E-03  1.55911241193532708E-05  0.00000000000000000E+00
  398.000000  2.92670523509349296E+04  2.53352245951456425E+04  3.60276813349561962E+03  3.22700389160602242E+02  6.19282967645109839E+00  1.65219594859889157E-01  1.16916447802755665E-03  1.46972735952024323E-05  0.00000000000000000E+00
  400.000000  3.10923125871941884E+04  2.67290004283975359E+04  4.02711366709195545E+03  3.29130433202010181E+02  6.90411379484671794E+00  1.62658394527030931E-01  1.27238044952730908E-03  1.39328654156029185E-05  0.00000000000000000E+00
  402.000000  3.29908951840836889E+04  2.81207537361197174E+04  4.52705964011647848E+03  3.35161224993476708E+02  7.75890083508405493E+00  1.60264658029784707E-01  1.40410566204401824E-03  1.32552348741479197E-05  0.00000000000000000E+00
  404.000000  3.49598328531738589E+04  2.94952030774478626E+04  5.11513759730527181E+03  3.40559106838810408E+02  8.77363979860510490E+00  1.57854171753717964E-01  1.56497691836836794E-03  1.26346384330633243E-05  0.00000000000000000E+00
  406.000000  3.69919182234435721E+04  3.08364624841818804E+04  5.80022511868539459E+03  3.45116612694067271E+02  9.95695186043501757E+00  1.55289512716278555E-01  1.75445879597911289E-03  1.20502788205304217E-05  0.00000000000000000E+00
  408.000000  3.90690190819199634E+04  3.21291147754595586E+04  6.57979797348090506E+03  3.48657790325404505E+02  1.12940914220009052E+01  1.52471839381753627E-01  1.96790484111823228E-03  1.14878746536616200E-05  0.00000000000000000E+00
  410.000000  4.11502077285044870E+04  3.33594371940589335E+04  7.42685132315304145E+03  3.51045487205985239E+02  1.27221845353051091E+01  1.49336389399305353E-01  2.19222371982232510E-03  1.09380987366787716E-05  0.00000000000000000E+00
  412.000000  4.31571714136287846E+04  3.45166523328082767E+04  8.27408012357355256E+03  3.52188466787297898E+02  1.41022291818963605E+01  1.45849525863195495E-01  2.40135639713017369E-03  1.03954938993987279E-05  0.00000000000000000E+00
  414.000000  4.49696342623783130E+04  3.55940353258883551E+04  9.00819469772271987E+03  3.52046458575189774E+02  1.52132083022333351E+01  1.42005929733744318E-01  2.55610245029227892E-03  9.85763752228009158E-06  0.00000000000000000E+00
  416.000000  4.64535064034427414E+04  3.65896863703784911E+04  9.49723787077894667E+03  3.50631645959557716E+02  1.58100666725842807E+01  1.37825104034890622E-01  2.61522470347431849E-03  9.32442696140458519E-06  0.00000000000000000E+00
  418.000000  4.75278035677267253E+04  3.75067778864714419E+04  9.65713276041750578E+03  3.48005702511528341E+02  1.57513049349481449E+01  1.33346841953293660E-01  2.55775193185902097E-03  8.79742552934943540E-06  0.00000000000000000E+00
  420.000000  4.82237806367415760E+04  3.83530997093487385E+04  9.51117440092288234E+03  3.44272214717823488E+02  1.51032782525107478E+01  1.28625723982680129E-01  2.39949639468019487E-03  8.27925374422413551E-06  0.00000000000000000E+00
  422.000000  4.86729675424867746E+04  3.91397371696212649E+04  9.17943219300972305E+03  3.39565011220257304E+02  1.41072507969331600E+01  1.23725012206786181E-01  2.18505334761798708E-03  7.77303734381461826E-06  0.00000000000000000E+00
  424.000000  4.90336588216181844E+04  3.98787121730965300E+04  8.80775315975039848E+03  3.34033391730325775E+02  1.30394167098601237E+01  1.18710466491510444E-01  1.96258263954503850E-03  7.28193442313166845E-06  0.00000000000000000E+00
  426.000000  4.94244545788996620E+04  4.05794084058098015E+04  8.50500844443919050E+03  3.27825448250307261E+02  1.20968641263368397E+01  1.13644614993833937E-01  1.76485027481514318E-03  6.80876235646461130E-06  0.00000000000000000E+00
  428.000000  4.99000105008241735E+04  4.12436620053734005E+04  8.32379787573179601E+03  3.21070718724281562E+02  1.13697069513946740E+01  1.08581915866624981E-01  1.60577169282068600E-03  6.35573601933924039E-06  0.00000000000000000E+00
  430.000000  5.04541283258171170E+04  4.18597033751674171E+04  8.26959068613455383E+03  3.13863660684828403E+02  1.08655471179064218E+01  1.03565137582788527E-01  1.48565051437513367E-03  5.92431832249458544E-06  0.00000000000000000E+00
  432.000000  5.10280721793493431E+04  4.23959536382850783E+04  8.31522654635970321E+03  3.06250380603450594E+02  1.05415880759154277E+01  9.86232646562005405E-02  1.39724535761294628E-03  5.51517757041244310E-06  0.00000000000000000E+00
  434.000000  5.15173674923607832E+04  4.27971788270700854E+04  8.41154339283981062E+03  2.98222945972207356E+02  1.03272201572132420E+01  9.37713491440896885E-02  1.32984407715320370E-03  5.12824578737086030E-06  0.00000000000000000E+00
  436.000000  5.17827630306737774E+04  4.29871882234345758E+04  8.49561799043268184E+03  2.89727488100041683E+02  1.01390393814187227E+01  8.90128401612613196E-02  1.27172201110296802E-03  4.76287340370799073E-06  0.00000000000000000E+00
  438.000000  5.16740866580176225E+04  4.28822610392265997E+04  8.50115392404298473E+03  2.80691095193339720E+02  9.89503845286444239E+00  8.43446277133672595E-02  1.21205605424457388E-03  4.41806625922766784E-06  0.00000000000000000E+00
  440.000000  5.10688683611152810E+04  4.24151476565683624E+04  8.37304418083011115E+03  2.71064434588736162E+02  9.53117829564466668E+00  7.97639087382548684E-02  1.14283091762870247E-03  4.09275992022648252E-06  0.00000000000000000E+00
  442.000000  4.99134883562624382E+04  4.15610136894107491E+04  8.08251789098891823E+03  2.60863700302841892E+02  9.01673700723057436E+00  7.52743707260439265E-02  1.06039593942798549E-03  3.78604724002770739E-06  0.00000000000000000E+00
  444.000000  4.82446206660559692E+04  4.03508679309389117E+04  7.63513179617434344E+03  2.50188572679655834E+02  8.36050824611874255E+00  7.08886705696284564E-02  9.65849092034588245E-04  3.49727374380989235E-06  0.00000000000000000E+00
  446.000000  4.61764889739349601E+04  3.88633249791925628E+04  7.06628881138612178E+03  2.39204484121922803E+02  7.60320606034822966E+00  6.66260899365418435E-02  8.63858076747430793E-04  3.22598204635673555E-06  0.00000000000000000E+00
  448.000000  4.38615963042770745E+04  3.71997372768961141E+04  6.42689467803475054E+03  2.28100919349109574E+02  6.80015918037852352E+00  6.25073305287251191E-02  7.60514415800900333E-04  2.97177532014804348E-06  0.00000000000000000E+00
  450.000000  4.14479436020906505E+04  3.54573503885324171E+04  5.76747971404980035E+03  2.17050469480046019E+02  6.00381619475677031E+00  5.85497619881185025E-02  6.61337440131502655E-04  2.73419839324212522E-06  0.00000000000000000E+00
  452.000000  3.90515144928698719E+04  3.37122761172312748E+04  5.12774394193057287E+03  2.06185919154972055E+02  5.25317673130436269E+00  5.47651363593267548E-02  5.70172711421680547E-04  2.51268874152624020E-06  0.00000000000000000E+00
  454.000000  3.67481449865410323E+04  3.20147331039974706E+04  4.53319218061484207E+03  1.95596853185817366E+02  4.57119773781486938E+00  5.11596829180807344E-02  4.89015578539324608E-04  2.30658868678393694E-06  0.00000000000000000E+00
  456.000000  3.45785038235737520E+04  3.03924794099495666E+04  3.99667117073903228E+03  1.85337801287609210E+02  3.96728568066756360E+00  4.77354233131455710E-02  4.18378377663014046E-04  2.11518386718050623E-06  0.00000000000000000E+00
  458.000000  3.25580798874588654E+04  2.88572856165592966E+04  3.52186839123184745E+03  1.75439489984764805E+02  3.44153828703640086E+00  4.44916465723607518E-02  3.57811609760351891E-04  1.93773991079728398E-06  0.00000000000000000E+00
  460.000000  3.06868838362206225E+04  2.74111255216618993E+04  3.10680951261881910E+03  1.65918390905745014E+02  2.98867865613772876E+00  4.14260209035407154E-02  3.06357118397246266E-04  0.00000000000000000E+00  0.00000000000000000E+00
  462.000000  2.89567573049499806E+04  2.60507907369001878E+04  2.74654371732928803E+03  1.56783122657823526E+02  2.60092994812694434E+00  3.85352511263165609E-02  2.62863431866279941E-04  0.00000000000000000E+00  0.00000000000000000E+00
  464.000000  2.73561041908955995E+04  2.47708448342547817E+04  2.43491544303730188E+03  1.48038049130469631E+02  2.26982290999494518E+00  3.58153893015315042E-02  2.26173749291949807E-04  0.00000000000000000E+00  0.00000000000000000E+00
  466.000000  2.58726076514931920E+04  2.35652954807392998E+04  2.16560655600264590E+03  1.39684961303056497E+02  1.98719628173775553E+00  3.32619441567843996E-02  1.95222297818005387E-04  0.00000000000000000E+00  0.00000000000000000E+00
  468.000000  2.44946037507576766E+04  2.24284213607519050E+04  1.93268201077601134E+03  1.31723669167836135E+02  1.74567108413003558E+00  3.08699042564431723E-02  1.69073534833373280E-04  0.00000000000000000E+00  0.00000000000000000E+00
  470.000000  2.32116502620448155E+04  2.13551002954317300E+04  1.73083028259174830E+03  1.24152087725124034E+02  1.53881562147414042E+00  2.86337453382564909E-02  1.46929405079205004E-04  0.00000000000000000E+00  0.00000000000000000E+00
  472.000000  2.20146568194804131E+04  2.03408719162551388E+04  1.55543091676594736E+03  1.16966165878458810E+02  1.36114500440633091E+00  2.65474557646540148E-02  1.28120700457512535E-04  0.00000000000000000E+00  0.00000000000000000E+00
  474.000000  2.08958017294341371E+04  1.93818768380512847E+04  1.40253229707190235E+03  1.10159835541994084E+02  1.20804208686974723E+00  2.46045902520898585E-02  1.12091832922162944E-04  0.00000000000000000E+00  0.00000000000000000E+00
  476.000000  1.98483637068921744E+04  1.84747517307292546E+04  1.26878838013722657E+03  1.03725050615011725E+02  1.07564867763952976E+00  2.27983490340166704E-02  9.83840050390053850E-05  0.00000000000000000E+00  0.00000000000000000E+00
  478.000000  1.88665360095581127E+04  1.76165207839551949E+04  1.15138133899726972E+03  9.76519257203861883E+01  9.60752592041454467E-01  2.11216740139590770E-02  8.66192071542330088E-05  0.00000000000000000E+00  0.00000000000000000E+00
  480.000000  1.79452548254530375E+04  1.68045015044653519E+04  1.04794403829449720E+03  9.19289561714070231E+01  8.60682683421834516E-01  1.95673523072550024E-02  7.64860532451555169E-05  0.00000000000000000E+00  0.00000000000000000E+00
  482.000000  1.70800541179285829E+04  1.60362305697140619E+04  9.56488844930366668E+02  8.65432907873344845E+01  7.73216650369321856E-01  1.81281187193375014E-02  6.77277294520957563E-05  0.00000000000000000E+00  0.00000000000000000E+00
  484.000000  1.62669490227874339E+04  1.53094093975262385E+04  8.75345236446641593E+02  8.14810293074433361E+01  6.96502624341343357E-01  1.67967507957986588E-02  6.01319745773985366E-05  0.00000000000000000E+00  0.00000000000000000E+00
  486.000000  1.55023452192815294E+04  1.46218665009463057E+04  8.03106584036965046E+02  7.67275208827597055E+01  6.28993740326421080E-01  1.55661523112370880E-02  5.35228638083015332E-05  0.00000000000000000E+00  0.00000000000000000E+00
  488.000000  1.47829699703931801E+04  1.39715329556391644E+04  7.38585497081809763E+02  7.22676463337277681E+01  5.69394161319925374E-01  1.44294230345423293E-02  4.77541247084940237E-05  0.00000000000000000E+00  0.00000000000000000E+00
  490.000000  1.41058202975990334E+04  1.33564274690216916E+04  6.80776718220807652E+02  6.80860728946739329E+01  5.16614843981937133E-01  1.33799141556131887E-02  4.27037227213855191E-05  0.00000000000000000E+00  0.00000000000000000E+00
  492.000000  1.34681242070158532E+04  1.27746480788233202E+04  6.28826465978900615E+02  6.41674752636049988E+01  4.69737410684042844E-01  1.24112698604330086E-02  3.82694826549935706E-05  0.00000000000000000E+00  0.00000000000000000E+00
  494.000000  1.28673115800934156E+04  1.22243681457576131E+04  5.82007177134815038E+02  6.04967206999766134E+01  4.27984679217995767E-01  1.15174562474503785E-02  3.43655480016500197E-05  0.00000000000000000E+00  0.00000000000000000E+00
  496.000000  1.23009920622449845E+04  1.17038349053696365E+04  5.39696717858109992E+02  5.70590187009672363E+01  3.90696617589216477E-01  1.06927791658060871E-02  3.09195144425156862E-05  0.00000000000000000E+00  0.00000000000000000E+00
  498.000000  1.17669379272844781E+04  1.12113693523689690E+04  5.01361266849448498E+02  5.38400376030322292E+01  3.57310700214323929E-01  9.93189270731766050E-03  2.78701045618419517E-05  0.00000000000000000E+00  0.00000000000000000E+00
  500.000000  1.12630704292767641E+04  1.07453666332447247E+04  4.66541203733682664E+02  5.08259915052295810E+01  3.27345827776936771E-01  9.22980007275587579E-03  2.51652767777444210E-05  0.00000000000000000E+00  0.00000000000000000E+00
  502.000000  1.07874485739780284E+04  1.03042964263936374E+04  4.34839452450470901E+02  4.80037013935277130E+01  3.00389131292928935E-01  8.58184841847820651E-03  2.27606828919547039E-05  0.00000000000000000E+00  0.00000000000000000E+00
  504.000000  1.03382595616892741E+04  9.88670300840427990E+03  4.05911829401772138E+02  4.53606344334882436E+01  2.76085112211216455E-01  7.98371911761765717E-03  2.06184059809088993E-05  0.00000000000000000E+00  0.00000000000000000E+00
  506.000000  9.91381038934792923E+03  9.49120485750145599E+03  3.79459029817958822E+02  4.28849252304196398E+01  2.54126677496003095E-01  7.43141467338618526E-03  1.87059242209493089E-05  0.00000000000000000E+00  0.00000000000000000E+00
  508.000000  9.51252026963395474E+03  9.11649374638866902E+03  3.55219954755410185E+02  4.05653825361204952E+01  2.34247715176265081E-01  6.92124332221428010E-03  1.69952572838286505E-05  0.00000000000000000E+00  0.00000000000000000E+00
  510.000000  9.13291364437937045E+03  8.76133334033000392E+03  3.32966137374662367E+02  3.83914844849260533E+01  2.16216925338974464E-01  6.44980217548540152E-03  1.54622606956353929E-05  0.00000000000000000E+00  0.00000000000000000E+00
  512.000000  8.77361365162267975E+03  8.42455735314454432E+03  3.12497072734744449E+02  3.63533650206187602E+01  1.99832677154500399E-01  6.01395957774428138E-03  1.40860404913420386E-05  0.00000000000000000E+00  0.00000000000000000E+00
  514.000000  8.43333596055675298E+03  8.10506733223716856E+03  2.93636292163513701E+02  3.44417937634355056E+01  1.84918706959793705E-01  5.61083721029629126E-03  1.28484659894128075E-05  0.00000000000000000E+00  0.00000000000000000E+00
  516.000000  8.11088292422135146E+03  7.80183015004710069E+03  2.76228052957488671E+02  3.26481511827313966E+01  1.71320507924379362E-01  5.23779234236233359E-03  1.17337628681830758E-05  0.00000000000000000E+00  0.00000000000000000E+00
  518.000000  7.80513802200435202E+03  7.51387527789029355E+03  2.60134538098648761E+02  3.09644005965062448E+01  1.58902290203932095E-01  4.89240052687781382E-03  1.07281721812726284E-05  0.00000000000000000E+00  0.00000000000000000E+00
  520.000000  7.51506057715810402E+03  7.24029191229094795E+03  2.45233479977181872E+02  2.93830582181517137E+01  1.47544413206722069E-01  4.57243895222080553E-03  9.81966370170891969E-06  0.00000000000000000E+00  0.00000000000000000E+00
  522.000000  7.23968074164651716E+03  6.98022601566349567E+03  2.31416137691668894E+02  2.78971622132436856E+01  1.37141209821649401E-01  4.27587059261411682E-03  8.99769417729220752E-06  0.00000000000000000E+00  0.00000000000000000E+00
  524.000000  6.97809474394791596E+03  6.73287732411460274E+03  2.18585570101194207E+02  2.65002415127631572E+01  1.27599137107426014E-01  4.00082924594557035E-03  8.25300283496303360E-06  0.00000000000000000E+00  0.00000000000000000E+00
  526.000000  6.72946039638776529E+03  6.49749636603897943E+03  2.06655157016364740E+02  2.51862849497269785E+01  1.18835199749906001E-01  3.74560550612230156E-03  7.57743787915166416E-06  0.00000000000000000E+00  0.00000000000000000E+00
  528.000000  6.49299285819906436E+03  6.27338152664833706E+03  1.95547329211538624E+02  2.39497111395558093E+01  1.10775602136922530E-01  3.50863368542964245E-03  6.96380886105621248E-06  0.00000000000000000E+00  0.00000000000000000E+00
  530.000000  6.26796064946856222E+03  6.05987618588897021E+03  1.85192474695434015E+02  2.27853394060840735E+01  1.03354592633537010E-01  3.28847967896841705E-03  6.40576070933798671E-06  0.00000000000000000E+00  0.00000000000000000E+00
  532.000000  6.05368190982798387E+03  5.85636595047803803E+03  1.75527994192010027E+02  2.16883619605964775E+01  9.65134699265337709E-02  3.08382974638181026E-03  5.89766595305200098E-06  0.00000000000000000E+00  0.00000000000000000E+00
  534.000000  5.84952089446266564E+03  5.66227599505630951E+03  1.66497483298434872E+02  2.06543174667833860E+01  9.01997264315233388E-02  2.89348017433613963E-03  5.43453226761367248E-06  0.00000000000000000E+00  0.00000000000000000E+00
  536.000000  5.65488469886232269E+03  5.47706852265483485E+03  1.58050022493330289E+02  1.96790660665122061E+01  8.43663079463723847E-02  2.71632777553823968E-03  5.01192296413460974E-06  0.00000000000000000E+00  0.00000000000000000E+00
  538.000000  5.46922020281227560E+03  5.30024035073623145E+03  1.50139559219962763E+02  1.87587658968472901E+01  7.89709721711558815E-02  2.55136117543068065E-03  4.62588844274204771E-06  0.00000000000000000E+00  0.00000000000000000E+00
  540.000000  5.29201122343279440E+03  5.13132062589198813E+03  1.42724368788318685E+02  1.78898510952036034E+01  7.39757315417998718E-02  2.39765283541261464E-03  4.27290695788579225E-06  0.00000000000000000E+00  0.00000000000000000E+00
  542.000000  5.12277586661837722E+03  4.96986866775809995E+03  1.35766582925779801E+02  1.70690112647456758E+01  6.93463681568046580E-02  2.25435176085844518E-03  3.94983331342821232E-06  0.00000000000000000E+00  0.00000000000000000E+00
  544.000000  4.96106406598811463E+03  4.81547194075461630E+03  1.29231776537948122E+02  1.62931723543470461E+01  6.50520105062017684E-02  2.12067684290433416E-03  3.65385432765799710E-06  0.00000000000000000E+00  0.00000000000000000E+00
  546.000000  4.80645529840089148E+03  4.66774415076627974E+03  1.23088604682954184E+02  1.55594788951104093E+01  6.10647633132599815E-02  1.99591078452367350E-03  3.38245009213366183E-06  0.00000000000000000E+00  0.00000000000000000E+00
  548.000000  4.65855646518913272E+03  4.52632346278427485E+03  1.17308482966374925E+02  1.48652775274267821E+01  5.73593831320849401E-02  1.87939456359722764E-03  3.13336020095169401E-06  0.00000000000000000E+00  0.00000000000000000E+00
  550.000000  4.51699992849079717E+03  4.39087083475094732E+03  1.11865305571614030E+02  1.42081017478361797E+01  5.39129934562174520E-02  1.77052238821987645E-03  2.90455425381529343E-06  0.00000000000000000E+00  0.00000000000000000E+00
  552.000000  4.38144169237625374E+03  4.26106846232186672E+03  1.06735195986315560E+02  1.35856578027392487E+01  5.07048340238928780E-02  1.66873710226762622E-03  2.69420604224682590E-06  0.00000000000000000E+00  0.00000000000000000E+00
  554.000000  4.25155971886428051E+03  4.13661832894483268E+03  1.01896286197280375E+02  1.29958116557074881E+01  4.77160397862240251E-02  1.57352600207971856E-03  2.50067091678249793E-06  0.00000000000000000E+00  0.00000000000000000E+00
  556.000000  4.12705236936566689E+03  4.01724085549739311E+03  9.73285207268963148E+01  1.24365769562220567E+01  4.49294456613171314E-02  1.48441702801241056E-03  2.32246590716708137E-06  0.00000000000000000E+00  0.00000000000000000E+00
  558.000000  4.00763696256857247E+03  3.90267364368952121E+03  9.30134823920087257E+01  1.19061039397419339E+01  4.23294137510566160E-02  1.40097529739063062E-03  2.15825223017078586E-06  0.00000000000000000E+00  0.00000000000000000E+00
  560.000000  3.89304844027850868E+03  3.79267030750287086E+03  8.89342370969212368E+01  1.14026691917840370E+01  3.99016801654907965E-02  1.32279994809703658E-03  2.00681987212367621E-06  0.00000000000000000E+00  0.00000000000000000E+00
  562.000000  3.78303813322984570E+03  3.68699938707226329E+03  8.50751953383190767E+01  1.09246662119286206E+01  3.76332189965793290E-02  1.24952126461609484E-03  1.86707397771186155E-06  0.00000000000000000E+00  0.00000000000000000E+00
  564.000000  3.67737261938505162E+03  3.58544333959873802E+03  8.14219884117490977E+01  1.04705967171606158E+01  3.55121213200349506E-02  1.18079806074366210E-03  1.73802281436751900E-06  0.00000000000000000E+00  0.00000000000000000E+00
  566.000000  3.57583266772953993E+03  3.48779760210486120E+03  7.79613575756283836E+01  1.00390626275966959E+01  3.35274873910239579E-02  1.11631529546108105E-03  1.61876711341627253E-06  0.00000000000000000E+00  0.00000000000000000E+00
  568.000000  3.47821226105056485E+03  3.39386972109164117E+03  7.46810546567607361E+01  9.62875868132745794E+00  3.16693304444362195E-02  1.05578190054794372E-03  1.50849061636888019E-06  0.00000000000000000E+00  0.00000000000000000E+00
  570.000000  3.38431769163982199E+03  3.30347854440845140E+03  7.15697527766888442E+01  9.23846562871050203E+00  2.99284907198000757E-02  9.98928800455278071E-04  1.40645167799979655E-06  0.00000000000000000E+00  0.00000000000000000E+00
  572.000000  3.29396672430539957E+03  3.21645347092135762E+03  6.86169660464472315E+01  8.86704396000129513E+00  2.82965585105689442E-02  9.45507106741967965E-04  1.31197579745865847E-06  0.00000000000000000E+00  0.00000000000000000E+00
  574.000000  3.20698782148422879E+03  3.13263375382270897E+03  6.58129772218335063E+01  8.51342812357484391E+00  2.67658051915958713E-02  8.95286471011282731E-04  1.22444896597075327E-06  0.00000000000000000E+00  0.00000000000000000E+00
  576.000000  3.12321942564233996E+03  3.05186785369252902E+03  6.31487724363703791E+01  8.17662119523494724E+00  2.53291213113943092E-02  8.48053581769060206E-04  1.14331173380560671E-06  0.00000000000000000E+00  0.00000000000000000E+00
  578.000000  3.04250929451587353E+03  2.97401283767676841E+03  6.06159822371525721E+01  7.85568996215617776E+00  2.39799609502161712E-02  8.03610792004968511E-04  1.06805391207332329E-06  0.00000000000000000E+00  0.00000000000000000E+00
  580.000000  2.96471388508587961E+03  2.89893382139096002E+03  5.82068282423365346E+01  7.54976038786437176E+00  2.27122916438316017E-02  7.61774865514101254E-04  9.98209835451620418E-07  0.00000000000000000E+00  0.00000000000000000E+00
  582.000000  2.88969778250222771E+03  2.82650345039606009E+03  5.59140748203753049E+01  7.25801342734860899E+00  2.15205492585518743E-02  7.22375831122366928E-04  9.33354121319140041E-07  0.00000000000000000E+00  0.00000000000000000E+00
  584.000000  2.81733317046856018E+03  2.75660141831657893E+03  5.37309852617789261E+01  6.97968116389216764E+00  2.03995972772440977E-02  6.85255934985039435E-04  8.73097868792813678E-07  0.00000000000000000E+00  0.00000000000000000E+00
  586.000000  2.74749933987379927E+03  2.68911401888074215E+03  5.16512819757478709E+01  6.71404324152122634E+00  1.93446900206075204E-02  6.50268682064960462E-04  8.17085248156982138E-07  0.00000000000000000E+00  0.00000000000000000E+00
  588.000000  2.68008223271293264E+03  2.62393372936363721E+03  4.96691102978429058E+01  6.46042356911939919E+00  1.83514393841202397E-02  6.17277958726442371E-04  7.64990437130157644E-07  0.00000000000000000E+00  0.00000000000000000E+00
  590.000000  2.61497401857388058E+03  2.56095882309934859E+03  4.77790055418381527E+01  6.21818727422936757E+00  1.74157847200375124E-02  5.86157229151829367E-04  7.16514865744377180E-07  0.00000000000000000E+00  0.00000000000000000E+00
  592.000000  2.55207270118582755E+03  2.50009300890360828E+03  4.59758629701090697E+01  5.98673788639040616E+00  1.65339655365435954E-02  5.56788798955153348E-04  6.71384736105038168E-07  0.00000000000000000E+00  0.00000000000000000E+00
  594.000000  2.49128175272406861E+03  2.44124509541029875E+03  4.42549103930228327E+01  5.76551473153453120E+00  1.57024967235825409E-02  5.29063140007432270E-04  6.29348787310399142E-07  0.00000000000000000E+00  0.00000000000000000E+00
  596.000000  2.43250977375169350E+03  2.38432867847713214E+03  4.26116831395599860E+01  5.55399052050706565E+00  1.49181460476522105E-02  5.02878271040950215E-04  5.90176279319394323E-07  0.00000000000000000E+00  0.00000000000000000E+00
  598.000000  2.37567017684676284E+03  2.32926184995473568E+03  4.10420011693093585E+01  5.35166911618711350E+00  1.41779136865910101E-02  4.78139189101818498E-04  5.53655172440425480E-07  0.00000000000000000E+00  0.00000000000000000E+00
  600.000000  2.32068089212244649E+03  2.27596692624625848E+03  3.95419481206625036E+01  5.15808346498680503E+00  1.34790136006690577E-02  4.54757347389150998E-04  5.19590482051061115E-07  0.00000000000000000E+00  0.00000000000000000E+00
  602.000000  2.26746409298838080E+03  2.22437019520243030E+03  3.81078521117252365E+01  4.97279367968817532E+00  1.28188565585324113E-02  4.32650175422330985E-04  4.87802790142757103E-07  0.00000000000000000E+00  0.00000000000000000E+00
  604.000000  2.21594594063498789E+03  2.17440168001017855E+03  3.67362681297194626E+01  4.79538526166889323E+00  1.21950346561545669E-02  4.11740637866650461E-04  4.58126897616338290E-07  0.00000000000000000E+00  0.00000000000000000E+00
  606.000000  2.16605634584264226E+03  2.12599491883500332E+03  3.54239618616556484E+01  4.62546745156020300E+00  1.16053071842516509E-02  3.91956828665303259E-04  4.30410602939865178E-07  0.00000000000000000E+00  0.00000000000000000E+00
  608.000000  2.11772874682963629E+03  2.07908675907335737E+03  3.41678948341595259E+01  4.46267169829337451E+00  1.10475877149183738E-02  3.73231597453307765E-04  4.04513594308620506E-07  0.00000000000000000E+00  0.00000000000000000E+00
  610.000000  2.07089990195378641E+03  2.03361716515794092E+03  3.29652107437204052E+01  4.30665023732095964E+00  1.05199322917855567E-02  3.55502205492636578E-04  3.80306443980737214E-07  0.00000000000000000E+00  0.00000000000000000E+00
  612.000000  2.02550969617688679E+03  1.98952903894047813E+03  3.18132228705482589E+01  4.15707476956213995E+00  1.00205286199800854E-02  3.38710008617634209E-04  3.57669694571208739E-07  0.00000000000000000E+00  0.00000000000000000E+00
  614.000000  1.98150096028706639E+03  1.94676805175109439E+03  3.07094024798333578E+01  4.01363523331780314E+00  9.54768616284482237E-03  3.22800164916736123E-04  3.36493028249942631E-07  0.00000000000000000E+00  0.00000000000000000E+00
  616.000000  1.93881930195205064E+03  1.90528248730127711E+03  2.96513681236363631E+01  3.87603866203533709E+00  9.09982706181112697E-03  3.07721365069090413E-04  3.16674510710003283E-07  0.00000000000000000E+00  0.00000000000000000E+00
  618.000000  1.89741294775060055E+03  1.86502309466260135E+03  2.86368757651020509E+01  3.74400812138957795E+00  8.67547780425543223E-03  2.93425583447459010E-04  2.98119902681894491E-07  0.00000000000000000E+00  0.00000000000000000E+00
  620.000000  1.85723259539349829E+03  1.82594295060947024E+03  2.76638096541925016E+01  3.61728171967362133E+00  8.27326157164852069E-03  2.79867848266645398E-04  2.80742032454480581E-07  0.00000000000000000E+00  0.00000000000000000E+00
  622.000000  1.81823127540829660E+03  1.78799733066971135E+03  2.67301738909047693E+01  3.49561168598403071E+00  7.89189120701834848E-03  2.67006029206656704E-04  2.64460223601935694E-07  0.00000000000000000E+00  0.00000000000000000E+00
  624.000000  1.78036422161681821E+03  1.75114358827514275E+03  2.58340846179601229E+01  3.37876351112786555E+00  7.53016274668538623E-03  2.54800641077276618E-04  2.49199772675895395E-07  0.00000000000000000E+00  0.00000000000000000E+00
  626.000000  1.74358874978671338E+03  1.71534104145072229E+03  2.49737627903824482E+01  3.26651514658834596E+00  7.18694946659307384E-03  2.43214662221393830E-04  2.34891472171473774E-07  0.00000000000000000E+00  0.00000000000000000E+00
  628.000000  1.70786414388506478E+03  1.68055086652233695E+03  2.41475274742340851E+01  3.15865625725759802E+00  6.86119639831699827E-03  2.32213366460939035E-04  2.21471174529643807E-07  0.00000000000000000E+00  0.00000000000000000E+00
  630.000000  1.67315154940577349E+03  1.64673599836231028E+03  2.33537896311546973E+01  3.05498752398743889E+00  6.55191527411131715E-03  2.21764167498407288E-04  2.08879393407977386E-07  0.00000000000000000E+00  0.00000000000000000E+00
  632.000000  1.63941387328180485E+03  1.61386103672681475E+03  2.25910463492701368E+01  2.95531999232005882E+00  6.25817986419180232E-03  2.11836474776583414E-04  1.97060938754015078E-07  0.00000000000000000E+00  0.00000000000000000E+00
  634.000000  1.60661568993106675E+03  1.58189215827322505E+03  2.18578754845950343E+01  2.85947446404971073E+00  5.97912167289571961E-03  2.02401559886935753E-04  1.85964582646556293E-07  0.00000000000000000E+00  0.00000000000000000E+00
  636.000000  1.57472315301724825E+03  1.55079703387455606E+03  2.11529306802273958E+01  2.76728092852581131E+00  5.71392596345246355E-03  1.93432432693812990E-04  1.75542753071631038E-07  0.00000000000000000E+00  0.00000000000000000E+00
  638.000000  1.54370391253962771E+03  1.52054475087767696E+03  2.04749367335372341E+01  2.67857803085209989E+00  5.46182808387838444E-03  1.84903726410873579E-04  1.65751253161686180E-07  0.00000000000000000E+00  0.00000000000000000E+00
  640.000000  1.51352703689189411E+03  1.49110573997521192E+03  1.98226852841209293E+01  2.59321257435211772E+00  5.22211006901828704E-03  1.76791590932333592E-04  1.56549003605208950E-07  0.00000000000000000E+00  0.00000000000000000E+00
  642.000000  1.48416293955945707E+03  1.46245170638790205E+03  1.91950307976878456E+01  2.51103905487960155E+00  4.99409749601126534E-03  1.69073593778334633E-04  1.47897806174751159E-07  0.00000000000000000E+00  0.00000000000000000E+00
  644.000000  1.45558331014652390E+03  1.43455556507368374E+03  1.85908868231440323E+01  2.43191922473333788E+00  4.77715657249531966E-03  1.61728628068000257E-04  1.39762126529231914E-07  0.00000000000000000E+00  0.00000000000000000E+00
  646.000000  1.42776104944790427E+03  1.40739137970133288E+03  1.80092225020872938E+01  2.35572168410938954E+00  4.57069143870816701E-03  1.54736826982340914E-04  1.32108894584570439E-07  0.00000000000000000E+00  0.00000000000000000E+00
  648.000000  1.40067020830005731E+03  1.38093430514415718E+03  1.74490593116636710E+01  2.28232149817828089E+00  4.37414166629096057E-03  1.48079484220400501E-04  1.24907320953612897E-07  0.00000000000000000E+00  0.00000000000000000E+00
  650.000000  1.37428592996651423E+03  1.35516053326809902E+03  1.69094680233470882E+01  2.21159983802120985E+00  4.18697993812387932E-03  1.41738979999366411E-04  1.18128728042328107E-07  0.00000000000000000E+00  0.00000000000000000E+00
  652.000000  1.34858439582828828E+03  1.33004724180252538E+03  1.63895658616206177E+01  2.14344364378862950E+00  4.00870989486221563E-03  1.35698712176514716E-04  1.11746394572810332E-07  0.00000000000000000E+00  0.00000000000000000E+00
  654.000000  1.32354277416804211E+03  1.30557254609869324E+03  1.58885138478768404E+01  2.07774530856927564E+00  3.83886413509384192E-03  1.29943032115312104E-04  1.05735412373590074E-07  0.00000000000000000E+00  0.00000000000000000E+00
  656.000000  1.29913917184991419E+03  1.28171545359270658E+03  1.54055143160260641E+01  2.01440238156689944E+00  3.67700235713795936E-03  1.24457184937085710E-04  1.00072554407467299E-07  0.00000000000000000E+00  0.00000000000000000E+00
  658.000000  1.27535258871255883E+03  1.25845582080423628E+03  1.49398085874133137E+01  1.95331728928773130E+00  3.52270963153693880E-03  1.19227253840369123E-04  9.47361530904740454E-08  0.00000000000000000E+00  0.00000000000000000E+00
  660.000000  1.25216287450391019E+03  1.23577431271215232E+03  1.44906747936153479E+01  1.89439707353438491E+00  3.37559479420051220E-03  1.14240108183520008E-04  8.97059880478959996E-08  0.00000000000000000E+00  0.00000000000000000E+00
  662.000000  1.22955068819953476E+03  1.21365236436056216E+03  1.40574258366122695E+01  1.83755314509099765E+00  3.23528895101011637E-03  1.09483355059679664E-04  8.49631825174466997E-08  0.00000000000000000E+00  0.00000000000000000E+00
  664.000000  1.20749745955621870E+03  1.19207214455764279E+03  1.36394074766423632E+01  1.78270105206412444E+00  3.10144408544405902E-03  1.04945294108732627E-04  8.04901076914397901E-08  0.00000000000000000E+00  0.00000000000000000E+00
  666.000000  1.18598535276315692E+03  1.17101652153952000E+03  1.32359965388112215E+01  1.72976026191852617E+00  2.97373176148341698E-03  1.00614875332470226E-04  7.62702943504435518E-08  0.00000000000000000E+00  0.00000000000000000E+00
  668.000000  1.16499723206236968E+03  1.15046903047997534E+03  1.28465992302155598E+01  1.67865395631593395E+00  2.85184191469002460E-03  9.64816596986552274E-05  7.22883511812615248E-08  0.00000000000000000E+00  0.00000000000000000E+00
  670.000000  1.14451662921833190E+03  1.13041384273439508E+03  1.24706495599720260E+01  1.62930883792751624E+00  2.73548172491982740E-03  9.25357823329761326E-05  6.85298892630281616E-08  0.00000000000000000E+00  0.00000000000000000E+00
  672.000000  1.12452771272551036E+03  1.11083573671446879E+03  1.21076078551268242E+01  1.58165494845029597E+00  2.62437456466824192E-03  8.87679181177978649E-05  6.49814521965086293E-08  0.00000000000000000E+00  0.00000000000000000E+00
  674.000000  1.10501525864896212E+03  1.09172007029601173E+03  1.17569593659426399E+01  1.53562549711031693E+00  2.51825901751535994E-03  8.51692495255214447E-05  6.16304514427807936E-08  0.00000000000000000E+00  0.00000000000000000E+00
  676.000000  1.08596462300105736E+03  1.07305275466965031E+03  1.14182129545571112E+01  1.49115669898704750E+00  2.41688796158295166E-03  8.17314365310117038E-05  5.84651064583140910E-08  0.00000000000000000E+00  0.00000000000000000E+00
  678.000000  1.06736171556307954E+03  1.05482022954931881E+03  1.10908998614462817E+01  1.44818762253817579E+00  2.32002771331595633E-03  7.84465884580803875E-05  5.54743892341599943E-08  0.00000000000000000E+00  0.00000000000000000E+00
  680.000000  1.04919297506691646E+03  1.03700943965951387E+03  1.07745725445418739E+01  1.40666004574781023E+00  2.22745722726500062E-03  7.53072376251532266E-05  5.26479729050988296E-08  0.00000000000000000E+00  0.00000000000000000E+00
  682.000000  1.03144534565701929E+03  1.01960781242679718E+03  1.04688035862236148E+01  1.36651832035968934E+00  2.13896734788449148E-03  7.23063146672361782E-05  4.99761841050445091E-08  0.00000000000000000E+00  0.00000000000000000E+00
  684.000000  1.01410625455868467E+03  1.00260323680654346E+03  1.01731846637614574E+01  1.32770924369476750E+00  2.05436010966796815E-03  6.94371254171461706E-05  4.74499587769441915E-08  0.00000000000000000E+00  0.00000000000000000E+00
  686.000000  9.97163590882687117E+02  9.85984043179534865E+02  9.88732557909475140E+00  1.29018193758511202E+00  1.97344808222473227E-03  6.66933292418935345E-05  4.50608011733818293E-08  0.00000000000000000E+00  0.00000000000000000E+00
  688.000000  9.80605685501354742E+02  9.69738984257754169E+02  9.61085334413512449E+00  1.25388773398875863E+00  1.89605375715855545E-03  6.40689187338057046E-05  4.28007458005827477E-08  0.00000000000000000E+00  0.00000000000000000E+00
  690.000000  9.64421291934925875E+02  9.53857216942162836E+02  9.34341131804776204E+00  1.21878006687844231E+00  1.82200897384911915E-03  6.15582006656371651E-05  4.06623220785245406E-08  0.00000000000000000E+00  0.00000000000000000E+00
  692.000000  9.48599568191358230E+02  9.38328285079315492E+02  9.08465839321985058E+00  1.18481437002492807E+00  1.75115438145514958E-03  5.91557781248845999E-05  3.86385215139300300E-08  0.00000000000000000E+00  0.00000000000000000E+00
  694.000000  9.33130059505377403E+02  9.23142103066019558E+02  8.83426822684699609E+00  1.15194798031972123E+00  1.68333893465247146E-03  5.68565337479883857E-05  3.67227671961635455E-08  0.00000000000000000E+00  0.00000000000000000E+00
  696.000000  9.18002681927061985E+02  9.08288940255519833E+02  8.59192851529203594E+00  1.12014004630636044E+00  1.61841942081469652E-03  5.46556139821351643E-05  3.49088854364686578E-08  0.00000000000000000E+00  0.00000000000000000E+00
  698.000000  9.03207706712887443E+02  8.93759406121091388E+02  8.35734030856340304E+00  1.08935144161084629E+00  1.55626001650498343E-03  5.25484143061996981E-05  3.31910793938552770E-08  0.00000000000000000E+00  0.00000000000000000E+00
  700.000000  8.88735745474290866E+02  8.79544436134875241E+02  8.13021736243405790E+00  1.05954468298086524E+00  1.49673187130448956E-03  5.05305653475763357E-05  3.15639045429806702E-08  0.00000000000000000E+00  0.00000000000000000E+00
  702.000000  8.74577736043115692E+02  8.65635278323885927E+02  7.91028552590668621E+00  1.03068385266397877E+00  1.43971271715387090E-03  4.85979198374535769E-05  3.00222458362450143E-08  0.00000000000000000E+00  0.00000000000000000E+00
  704.000000  8.60724929014174791E+02  8.52023480465832222E+02  7.69728216186901193E+00  1.00273452487051307E+00  1.38508650150588023E-03  4.67465403486649309E-05  2.85612964473768046E-08  0.00000000000000000E+00  0.00000000000000000E+00
  706.000000  8.47168874928844502E+02  8.38700877890910874E+02  7.49095559894198448E+00  9.75663696084647869E-01  1.33274304271731249E-03  4.49726877660312424E-05  2.71765379737244431E-08  0.00000000000000000E+00  0.00000000000000000E+00
  708.000000  8.33901412064892384E+02  8.25659581856864747E+02  7.29106461264624528E+00  9.49439719000954918E-01  1.28257770621821457E-03  4.32728104423022863E-05  2.58637219915738386E-08  0.00000000000000000E+00  0.00000000000000000E+00
  710.000000  8.20914654800129142E+02  8.12891968466856042E+02  7.09737793414161189E+00  9.24032239878460393E-01  1.23449110009868812E-03  4.16435339953217913E-05  2.46188528680621940E-08  0.00000000000000000E+00  0.00000000000000000E+00
  712.000000  8.08200982519807098E+02  8.00390668101900474E+02  6.90967378491053807E+00  8.99412139117376719E-01  1.18838878885349215E-03  4.00816517057937325E-05  2.34381717354570486E-08  0.00000000000000000E+00  0.00000000000000000E+00
  714.000000  7.95753029038464206E+02  7.88148555340275607E+02  6.72773943585569878E+00  8.75551474875055136E-01  1.14418102410847799E-03  3.85841154773402097E-05  2.23181415488274745E-08  0.00000000000000000E+00  0.00000000000000000E+00
  716.000000  7.83563672509861476E+02  7.76158739339145882E+02  6.55137078939128958E+00  8.52423429550301703E-01  1.10178249123921135E-03  3.71480273238302617E-05  2.12554331435456675E-08  0.00000000000000000E+00  0.00000000000000000E+00
  718.000000  7.71626025798911655E+02  7.64414554653800451E+02  6.38037198318773591E+00  8.30002258974278373E-01  1.06111207086456911E-03  3.57706313503564194E-05  2.02469122280682476E-08  0.00000000000000000E+00  0.00000000000000000E+00
  720.000000  7.59933427292484566E+02  7.52909552472787823E+02  6.21455501432873092E+00  8.08263244157929495E-01  1.02209261427105812E-03  3.44493061969881493E-05  1.92896272399809705E-08  0.00000000000000000E+00  0.00000000000000000E+00
  722.000000  7.48479432125582434E+02  7.41637492246755983E+02  6.05373938270298861E+00  7.87182645452960239E-01  9.84650731885490472E-04  3.31815579173205577E-05  1.83807980060607286E-08  0.00000000000000000E+00  0.00000000000000000E+00
  724.000000  7.37257803802335388E+02  7.30592333691673957E+02  5.89775175254214012E+00  7.66737658994028237E-01  9.48716593976929980E-04  3.19650132639089359E-05  1.75178051520927422E-08  0.00000000000000000E+00  0.00000000000000000E+00
  726.000000  7.26262506191434909E+02  7.19768229147209013E+02  5.74642563107495441E+00  7.46906375296508940E-01  9.14223742821304065E-04  3.07974133560031906E-05  1.66981802069831873E-08  0.00000000000000000E+00  0.00000000000000000E+00
  728.000000  7.15487695876998259E+02  7.09159516272327778E+02  5.59960106333539631E+00  7.27667739892099763E-01  8.81108915617270284E-04  2.96766077063859747E-05  1.59195963530236057E-08  0.00000000000000000E+00  0.00000000000000000E+00
  730.000000  7.04927714847231186E+02  6.98760711061510051E+02  5.45712434222333975E+00  7.09001515891938938E-01  8.49311877485752951E-04  2.86005485848612098E-05  1.51798597808857611E-08  0.00000000000000000E+00  0.00000000000000000E+00
  732.000000  6.94577083503874633E+02  6.88566501165505429E+02  5.31884773296972835E+00  6.90888248372891201E-01  8.18775263933860980E-04  2.75672856983123408E-05  1.44769016024636992E-08  0.00000000000000000E+00  0.00000000000000000E+00
  734.000000  6.84430493976326034E+02  6.78571739501425327E+02  5.18462921120963216E+00  6.73309230488951971E-01  7.89444432202491826E-04  2.65749611682009453E-05  1.38087702871867136E-08  0.00000000000000000E+00  0.00000000000000000E+00
  736.000000  6.74482803725962754E+02  6.68771438138526378E+02  5.05433221392065857E+00  6.56246471216171190E-01  7.61267320956676317E-04  2.56218047876995363E-05  1.31736245837334259E-08  0.00000000000000000E+00  0.00000000000000000E+00
  738.000000  6.64729029425634167E+02  6.59160762445454566E+02  4.92782540251907619E+00  6.39682664643502874E-01  7.34194317811441956E-04  2.47061295409283757E-05  1.25697268965689078E-08  0.00000000000000000E+00  0.00000000000000000E+00
  740.000000  6.55164341101560012E+02  6.49735025486915220E+02  4.80498243745911147E+00  6.23601160728471271E-01  7.08178134222725120E-04  2.38263273702143976E-05  1.19954370822007288E-08  0.00000000000000000E+00  0.00000000000000000E+00
  742.000000  6.45784056524552057E+02  6.40489682657397111E+02  4.68568176371286693E+00  6.07985937440331803E-01  6.83173687298403113E-04  2.29808651749332386E-05  1.14492066418667460E-08  0.00000000000000000E+00  0.00000000000000000E+00
  744.000000  6.36583635838731084E+02  6.31420326540765132E+02  4.56980640654895431E+00  5.92821574218286740E-01  6.59137988118402600E-04  2.21682810296834909E-05  1.09295732796589874E-08  0.00000000000000000E+00  0.00000000000000000E+00
  746.000000  6.27558676416043681E+02  6.22522681984656856E+02  4.45724377705885111E+00  5.78093226676090644E-01  6.36030036174784082E-04  2.13871806078621826E-05  1.04351558049394533E-08  0.00000000000000000E+00  0.00000000000000000E+00
  748.000000  6.18704907926249689E+02  6.13792601379925145E+02  4.34788548691765797E+00  5.63786602488815070E-01  6.13810719571911394E-04  2.06362337994081786E-05  9.96464935262139007E-09  0.00000000000000000E+00  0.00000000000000000E+00
  750.000000  6.10018187611813801E+02  6.05226060135113926E+02  4.24162717189023297E+00  5.49887938400682508E-01  5.92442720645328558E-04  1.99141715108087556E-05  9.51682090444262256E-09  0.00000000000000000E+00  0.00000000000000000E+00
  752.000000  6.01494495758141056E+02  5.96819152336919615E+02  4.13836832362522689E+00  5.36383978296522401E-01  5.71890426683540959E-04  1.92197826370961321E-05  9.09050508689761415E-09  0.00000000000000000E+00  0.00000000000000000E+00
  754.000000  5.93129931350146308E+02  5.88568086588115989E+02  4.03801212930635245E+00  5.23261952282779497E-01  5.52119845454116767E-04  1.85519111960230797E-05  8.68460023108925042E-09  0.00000000000000000E+00  0.00000000000000000E+00
  756.000000  5.84920707906195389E+02  5.80469182014439866E+02  3.94046531875192452E+00  5.10509556726606140E-01  5.33098525255709449E-04  1.79094536145437315E-05  8.29806467531434644E-09  0.00000000000000000E+00  0.00000000000000000E+00
  758.000000  5.76863149481473442E+02  5.72518864432922442E+02  3.84563801858075971E+00  4.98114935204936438E-01  5.14795479234232451E-04  1.72913561597090530E-05  7.92991329520862846E-09  0.00000000000000000E+00  0.00000000000000000E+00
  760.000000  5.68953686832849257E+02  5.64713662674144302E+02  3.75344361308170127E+00  4.86066660317709343E-01  4.97181113718271747E-04  1.66966125049286335E-05  7.57921424635068680E-09  0.00000000000000000E+00  0.00000000000000000E+00
  762.000000  5.61188853737729687E+02  5.57050205051296416E+02  3.66379861144432839E+00  4.74353716321982644E-01  4.80227160343000225E-04  1.61242614244649073E-05  7.24508590593127768E-09  0.00000000000000000E+00  0.00000000000000000E+00
  764.000000  5.53565283460101000E+02  5.49525215969601618E+02  3.57662252103003597E+00  4.62965482546296214E-01  4.63906611747731451E-04  1.55733846086537781E-05  6.92669400108945790E-09  0.00000000000000000E+00  0.00000000000000000E+00
  766.000000  5.46079705357001558E+02  5.42135512669688183E+02  3.49183772637822276E+00  4.51891717546583971E-01  4.48193660643497315E-04  1.50431045931871740E-05  6.62324890930567675E-09  0.00000000000000000E+00  0.00000000000000000E+00
  768.000000  5.38728941618939871E+02  5.34878002098754791E+02  3.40936937365931936E+00  4.41122543967008951E-01  4.33063642060844349E-04  1.45325827959333311E-05  6.33400312425785977E-09  0.00000000000000000E+00  0.00000000000000000E+00
  770.000000  5.31509904138541629E+02  5.27749677904111195E+02  3.32914526030455171E+00  4.30648434071418951E-01  4.18492978598722040E-04  1.40410176555466379E-05  6.05824887203062167E-09  0.00000000000000000E+00  0.00000000000000000E+00
  772.000000  5.24419591501458513E+02  5.20747617543425235E+02  3.25109572955417248E+00  4.20460195912467027E-01  4.04459128506865547E-04  1.35676428656963935E-05  5.79531587134911525E-09  0.00000000000000000E+00  0.00000000000000000E+00
  774.000000  5.17455086094239732E+02  5.13868979506643313E+02  3.17515356968219375E+00  4.10548960107610716E-01  3.90940536443557755E-04  1.31117257003596754E-05  5.54456922712266847E-09  0.00000000000000000E+00  0.00000000000000000E+00
  776.000000  5.10613551324006664E+02  5.07111000644688488E+02  3.10125391766789527E+00  4.00906167192624452E-01  3.77916586760260393E-04  1.26725654245358546E-05  5.30540744901390579E-09  0.00000000000000000E+00  0.00000000000000000E+00
  778.000000  5.03892228944992382E+02  5.00470993600242480E+02  3.02933416709683545E+00  3.91523555524851019E-01  3.65367559173846075E-04  1.22494917859146774E-05  5.07726058817689170E-09  0.00000000000000000E+00  0.00000000000000000E+00
  780.000000  4.97288436487287015E+02  4.93946344336181653E+02  2.95933388008566522E+00  3.82393149709877533E-01  3.53274586694758360E-04  1.18418635831810556E-05  4.85958848342934939E-09  0.00000000000000000E+00  0.00000000000000000E+00
  782.000000  4.90799564783339065E+02  4.87534509757441072E+02  2.89119470303638870E+00  3.73507249526732754E-01  3.41619615687828991E-04  1.14490673066343175E-05  4.65187911056266256E-09  0.00000000000000000E+00  0.00000000000000000E+00
  784.000000  4.84423075588070390E+02  4.81233015422369022E+02  2.82486028603595285E+00  3.64858419327978967E-01  3.30385367949253628E-04  1.10705158472180997E-05  4.45364702906576901E-09  0.00000000000000000E+00  0.00000000000000000E+00
  786.000000  4.78156499288447208E+02  4.75039453339612407E+02  2.76027620572623489E+00  3.56439477892228407E-01  3.19555304690332114E-04  1.07056472703691829E-05  4.26443191893343021E-09  0.00000000000000000E+00  0.00000000000000000E+00
  788.000000  4.71997432698908369E+02  4.68951479847120481E+02  2.69738989148014241E+00  3.48243488707984716E-01  3.09113592325016041E-04  1.03539236510715705E-05  4.08379720323940744E-09  0.00000000000000000E+00  0.00000000000000000E+00
  790.000000  4.65943536938640648E+02  4.62966813569435828E+02  2.63615055472531656E+00  3.40263750668370890E-01  2.99045069963680419E-04  1.00148299668623091E-05  3.91132874997722605E-09  0.00000000000000000E+00  0.00000000000000000E+00
  792.000000  4.59992535387676241E+02  4.57083233450410887E+02  2.57650912126922016E+00  3.32493789157959463E-01  2.89335218522232909E-04  9.68787304590421061E-06  3.74663364936075673E-09  0.00000000000000000E+00  0.00000000000000000E+00
  794.000000  4.54142211718167005E+02  4.51298576857869250E+02  2.51841816648317263E+00  3.24927347513276510E-01  2.79970131359665541E-04  9.37258056670233248E-06  3.58933906218736031E-09  0.00000000000000000E+00  0.00000000000000000E+00
  796.000000  4.48390407997807529E+02  4.45610737757329957E+02  2.46183185321218190E+00  3.17558378839831457E-01  2.70936486363271105E-04  9.06850010743315586E-06  3.43909113264096459E-09  0.00000000000000000E+00  0.00000000000000000E+00
  798.000000  4.42735022862489643E+02  4.40017664952022471E+02  2.40670587228463706E+00  3.10381038169393109E-01  2.62221519404499427E-04  8.77519824150728902E-06  3.29555396533065763E-09  0.00000000000000000E+00  0.00000000000000000E+00
  800.000000  4.37174009755094687E+02  4.34517360386235680E+02  2.35299738550011295E+00  3.03389674941753784E-01  2.53812999093317804E-04  8.49225967760814778E-06  3.15840865905265308E-09  0.00000000000000000E+00  0.00000000000000000E+00
  802.000000  4.31705375227941317E+02  4.29107877509645562E+02  2.30066497098273981E+00  2.96578825796428802E-01  2.45699202762659141E-04  8.21928644140802304E-06  3.02735239639510205E-09  0.00000000000000000E+00  0.00000000000000000E+00
  804.000000  4.26327177306164629E+02  4.23787319700020760E+02  2.24966857079099114E+00  2.89943207660130098E-01  2.37868893618876562E-04  7.95589709704304313E-06  2.90209758463862757E-09  0.00000000000000000E+00  0.00000000000000000E+00
  806.000000  4.21037523909496485E+02  4.18553838741891695E+02  2.19996944068078548E+00  2.83477711116673303E-01  2.30311298996942356E-04  7.70172600613468416E-06  2.78237104516167760E-09  0.00000000000000000E+00  0.00000000000000000E+00
  808.000000  4.15834571330193171E+02  4.13405633359041360E+02  2.15153010192484606E+00  2.77177394046697556E-01  2.23016089663595241E-04  7.45642262255601402E-06  2.66791324839290175E-09  0.00000000000000000E+00  0.00000000000000000E+00
  810.000000  4.10716522764758849E+02  4.08340947798569573E+02  2.10431429509483392E+00  2.71037475525057747E-01  2.15973360113793169E-04  7.21965082100434687E-06  2.55847759183681809E-09  0.00000000000000000E+00  0.00000000000000000E+00
  812.000000  4.05681626897289618E+02  4.03358070464455182E+02  2.05828693571808863E+00  2.65053329964461959E-01  2.09173609809298867E-04  6.99108825759262738E-06  2.45382971845559960E-09  0.00000000000000000E+00  0.00000000000000000E+00
  814.000000  4.00728176532508542E+02  3.98455332598783741E+02  2.01341407172555353E+00  2.59220481494445376E-01  2.02607725311491985E-04  6.77042576097622820E-06  2.35374687272053622E-09  0.00000000000000000E+00  0.00000000000000000E+00
  816.000000  3.95854507276280515E+02  3.93631107008517233E+02  1.96966284261006952E+00  2.53534598565227920E-01  1.96266963262017440E-04  6.55736675235284659E-06  2.25801729285617540E-09  0.00000000000000000E+00  0.00000000000000000E+00
  818.000000  3.91058996262011533E+02  3.88883806836297197E+02  1.92700144022041098E+00  2.47991488766668350E-01  1.90142934168659660E-04  6.35162669285342904E-06  2.16643963666640078E-09  0.00000000000000000E+00  0.00000000000000000E+00
  820.000000  3.86340060920863550E+02  3.84211884373294765E+02  1.88539907111766447E+00  2.42587093852799890E-01  1.84227586955247315E-04  6.15293255701841559E-06  2.07882243852235079E-09  0.00000000000000000E+00  0.00000000000000000E+00
  822.000000  3.81696157794247938E+02  3.79613829912647361E+02  1.84482592042603621E+00  2.37317484963059294E-01  1.78513194237014971E-04  5.96102233093504441E-06  1.99498359706576535E-09  0.00000000000000000E+00  0.00000000000000000E+00
  824.000000  3.77125781386824656E+02  3.75088170641783222E+02  1.80525311711219083E+00  2.32178858031609064E-01  1.72992338285050051E-04  5.77564453395401903E-06  1.91474989026040262E-09  0.00000000000000000E+00  0.00000000000000000E+00
  826.000000  3.72627463058561091E+02  3.70633469572259685E+02  1.76665270063136548E+00  2.27167529376705590E-01  1.67657897645028089E-04  5.59655776260522686E-06  1.83795651744782825E-09  0.00000000000000000E+00  0.00000000000000000E+00
  828.000000  3.68199769954186479E+02  3.66248324505514802E+02  1.72899758888029043E+00  2.22279931462253805E-01  1.62503034377645302E-04  5.42353025578874945E-06  1.76444666608751397E-09  0.00000000000000000E+00  0.00000000000000000E+00
  830.000000  3.63841303968816874E+02  3.61931367033375693E+02  1.69226154740145307E+00  2.17512608824303150E-01  1.57521181889740206E-04  5.25633948006201979E-06  1.69407110197862746E-09  0.00000000000000000E+00  0.00000000000000000E+00
  832.000000  3.59550700748056272E+02  3.57681261571685809E+02  1.65641915978341348E+00  2.12862214155259272E-01  1.52706033326848779E-04  5.09477173402989102E-06  1.62668778208572736E-09  0.00000000000000000E+00  0.00000000000000000E+00
  834.000000  3.55326628721624900E+02  3.53496704426163546E+02  1.62144579920766296E+00  2.08325504539315254E-01  1.48051530499288876E-04  4.93862177105561271E-06  1.56216148776511260E-09  0.00000000000000000E+00  0.00000000000000000E+00
  836.000000  3.51167788168898426E+02  3.49376422888928346E+02  1.58731760109153064E+00  2.03899337832491506E-01  1.43551853315714728E-04  4.78769243914875690E-06  1.50036347797716370E-09  0.00000000000000000E+00  0.00000000000000000E+00
  838.000000  3.47072910315518413E+02  3.45319174364909543E+02  1.55401143678223930E+00  1.99580669181411902E-01  1.39201409699001515E-04  4.64179433734850437E-06  1.44117116115627555E-09  0.00000000000000000E+00  0.00000000000000000E+00
  840.000000  3.43040756459452041E+02  3.41323745526565801E+02  1.52150488825567898E+00  1.95366547674708346E-01  1.34994825960924644E-04  4.50074548776660494E-06  1.38446778444913270E-09  0.00000000000000000E+00  0.00000000000000000E+00
  842.000000  3.39070117125829825E+02  3.37388951496289963E+02  1.48977622377941366E+00  1.91254113121756997E-01  1.30926937613416256E-04  4.36437102248919817E-06  1.33014213972477213E-09  0.00000000000000000E+00  0.00000000000000000E+00
  844.000000  3.35159811249327674E+02  3.33513635055313955E+02  1.45880437449885636E+00  1.87240592953350937E-01  1.26992780594922854E-04  4.23250288465509825E-06  1.27808828500689723E-09  0.00000000000000000E+00  0.00000000000000000E+00
  846.000000  3.31308685382903889E+02  3.29696665877966836E+02  1.42856891190727686E+00  1.83323299239134679E-01  1.23187582892088192E-04  4.10497954305222942E-06  1.22820528079337323E-09  0.00000000000000000E+00  0.00000000000000000E+00
  848.000000  3.27515612932262400E+02  3.25936939790698204E+02  1.39905002616436813E+00  1.79499625817184233E-01  1.19506756537396318E-04  3.98164571943105132E-06  1.18039694049195863E-09  0.00000000000000000E+00  0.00000000000000000E+00
  850.000000  3.23779493414722481E+02  3.22233378054588229E+02  1.37022850522670958E+00  1.75767045530902277E-01  1.15945889964889749E-04  3.86235212817694651E-06  1.13457159341376239E-09  0.00000000000000000E+00  0.00000000000000000E+00
  852.000000  3.20099251741955129E+02  3.18584926670841639E+02  1.34208571475795835E+00  1.72123107568997041E-01  1.12500740706687212E-04  3.74695522747887196E-06  1.09064186102019316E-09  0.00000000000000000E+00  0.00000000000000000E+00
  854.000000  3.16473837525479723E+02  3.14990555708195700E+02  1.31460357878592915E+00  1.68565434904220546E-01  1.09167228414312753E-04  3.63531698167145597E-06  1.04852444416103151E-09  0.00000000000000000E+00  0.00000000000000000E+00
  856.000000  3.12902224404146295E+02  3.11449258651502362E+02  1.28776456107609905E+00  1.65091721826883531E-01  1.05941428188728080E-04  3.52730463401420280E-06  1.00813992194610250E-09  0.00000000000000000E+00  0.00000000000000000E+00
  858.000000  3.09383409392883152E+02  3.07960051770797179E+02  1.26155164719263801E+00  1.61699731569299093E-01  1.02819564205412566E-04  3.42279048964681700E-06  9.69412560814071552E-10  0.00000000000000000E+00  0.00000000000000000E+00
  860.000000  3.05916412251870156E+02  3.04521973510046223E+02  1.23594832721884296E+00  1.58387294017495045E-01  9.97980036195307639E-05  3.32165170799214551E-06  9.32270133522009200E-10  0.00000000000000000E+00  0.00000000000000000E+00
  862.000000  3.02500274875493460E+02  3.01134083894958735E+02  1.21093857911052893E+00  1.55152303506666672E-01  9.68732507388211369E-05  3.22377010436135688E-06  8.96643747695497223E-10  0.00000000000000000E+00  0.00000000000000000E+00
  864.000000  2.99134060700230634E+02  2.97795463959041285E+02  1.18650685265642730E+00  1.51992716696998598E-01  9.40419414510311637E-05  3.12903196023756386E-06  8.62467682890991201E-10  0.00000000000000000E+00  0.00000000000000000E+00
  866.000000  2.95816854130926458E+02  2.94505215187382703E+02  1.16263805402169584E+00  1.48906550526660270E-01  9.13008378943383546E-05  3.03732784176314895E-06  8.29679236563943536E-10  0.00000000000000000E+00  0.00000000000000000E+00
  868.000000  2.92547759984822221E+02  2.91262458977558026E+02  1.13931753085128151E+00  1.45891880238927768E-01  8.86468233594309596E-05  2.94855242626823843E-06  7.98218577288058834E-10  0.00000000000000000E+00  0.00000000000000000E+00
  870.000000  2.89325902951865828E+02  2.88066336116972991E+02  1.11653105791059959E+00  1.42946837480466549E-01  8.60768974122247665E-05  2.86260433621799407E-06  0.00000000000000000E+00  0.00000000000000000E+00  0.00000000000000000E+00
  872.000000  2.86150427075301025E+02  2.84916006276033954E+02  1.09426482324197560E+00  1.40069608467908613E-01  8.35881712272368163E-05  2.77938598036835937E-06  0.00000000000000000E+00  0.00000000000000000E+00  0.00000000000000000E+00
  874.000000  2.83020495240506079E+02  2.81810647516801907E+02  1.07250541481736383E+00  1.37258432220172893E-01  8.11778631217905099E-05  2.69880340180068357E-06  0.00000000000000000E+00  0.00000000000000000E+00  0.00000000000000000E+00
  876.000000  2.79935288686931244E+02  2.78749455816350178E+02  1.05123980766681324E+00  1.34511598853799985E-01  7.88432942818575398E-05  2.62076613245722958E-06  0.00000000000000000E+00  0.00000000000000000E+00  0.00000000000000000E+00
  878.000000  2.76894006530978174E+02  2.75731644604502719E+02  1.03045535146476031E+00  1.31827447938952680E-01  7.65818846706070794E-05  2.54518705393348552E-06  0.00000000000000000E+00  0.00000000000000000E+00  0.00000000000000000E+00
  880.000000  2.73895865304003735E+02  2.72756444315402632E+02  1.01013975855604032E+00  1.29204366913663493E-01  7.43911491115894087E-05  2.47198226421186522E-06  0.00000000000000000E+00  0.00000000000000000E+00  0.00000000000000000E+00
  882.000000  2.70940098504066668E+02  2.69823101952343961E+02  9.90281092404142416E-01  1.26640789554053862E-01  7.22686935382141696E-05  2.40107095006517924E-06  0.00000000000000000E+00  0.00000000000000000E+00  0.00000000000000000E+00
  884.000000  2.68025956161154170E+02  2.66930880665622965E+02  9.70867756446134211E-01  1.24135194498433313E-01  7.02122114023131334E-05  2.33237526489526761E-06  0.00000000000000000E+00  0.00000000000000000E+00  0.00000000000000000E+00
  886.000000  2.65152704415242397E+02  2.64079059342780965E+02  9.51888483337856917E-01  1.21686103823126432E-01  6.82194802343899932E-05  2.26582021172934420E-06  0.00000000000000000E+00  0.00000000000000000E+00  0.00000000000000000E+00
  888.000000  2.62319625106813987E+02  2.61266932210879474E+02  9.33332324574549843E-01  1.19292081668073952E-01  6.62883583487326045E-05  2.20133353117793725E-06  0.00000000000000000E+00  0.00000000000000000E+00  0.00000000000000000E+00
  890.000000  2.59526015379521823E+02  2.58493808450511210E+02  9.15188640472966775E-01  1.16951732910330453E-01  6.44167816869330927E-05  2.13884559408068769E-06  0.00000000000000000E+00  0.00000000000000000E+00  0.00000000000000000E+00
  892.000000  2.56771187294372169E+02  2.55759011820938127E+02  8.97447090500347655E-01  1.14663701883572305E-01  6.26027607935045920E-05  2.07828929867998196E-06  0.00000000000000000E+00  0.00000000000000000E+00  0.00000000000000000E+00
  894.000000  2.54054467455275613E+02  2.53061880296217907E+02  8.80097623937886708E-01  1.12426671141925602E-01  6.08443779177922502E-05  2.01959997209119920E-06  0.00000000000000000E+00  0.00000000000000000E+00  0.00000000000000000E+00
  896.000000  2.51375196645434926E+02  2.50401765711803534E+02  8.63130470865503874E-01  1.10239360266407946E-01  5.91397842364924819E-05  1.96271527589327872E-06  0.00000000000000000E+00  0.00000000000000000E+00  0.00000000000000000E+00
  898.000000  2.48732729474274237E+02  2.47778033421333589E+02  8.46536133455938811E-01  1.08100524712383683E-01  5.74871971913817607E-05  1.90757511561599603E-06  0.00000000000000000E+00  0.00000000000000000E+00  0.00000000000000000E+00
  900.000000  2.46126434034533673E+02  2.45190061963251168E+02  8.30305377566527114E-01  1.06008954696484248E-01  5.58848979372265361E-05  1.85412155403589853E-06  0.00000000000000000E+00  0.00000000000000000E+00  0.00000000000000000E+00
